Episode	Accumulated Reward	Length	Steps	Episode	Accumulated Reward	Length	Steps	Episode	Accumulated Reward	Length	Steps	Episode	Accumulated Reward	Length	Steps
0	-500.0	500	500	0	-500.0	500	500	0	-500.0	500	500	0	-500.0	500	500
1	-500.0	500	1000	1	-500.0	500	1000	1	-500.0	500	1000	1	-500.0	500	1000
2	-490.0	490	1490	2	-490.0	490	1490	2	-490.0	490	1490	2	-490.0	490	1490
3	-439.0	439	1929	3	-439.0	439	1929	3	-439.0	439	1929	3	-439.0	439	1929
4	-332.0	332	2261	4	-332.0	332	2261	4	-332.0	332	2261	4	-332.0	332	2261
5	-368.0	368	2629	5	-368.0	368	2629	5	-368.0	368	2629	5	-368.0	368	2629
6	-208.0	208	2837	6	-208.0	208	2837	6	-208.0	208	2837	6	-208.0	208	2837
7	-500.0	500	3337	7	-500.0	500	3337	7	-500.0	500	3337	7	-500.0	500	3337
8	-500.0	500	3837	8	-500.0	500	3837	8	-500.0	500	3837	8	-500.0	500	3837
9	-236.0	236	4073	9	-236.0	236	4073	9	-236.0	236	4073	9	-236.0	236	4073
10	-323.0	323	4396	10	-323.0	323	4396	10	-323.0	323	4396	10	-323.0	323	4396
11	-201.0	201	4597	11	-201.0	201	4597	11	-201.0	201	4597	11	-201.0	201	4597
12	-230.0	230	4827	12	-230.0	230	4827	12	-230.0	230	4827	12	-230.0	230	4827
13	-218.0	218	5045	13	-218.0	218	5045	13	-218.0	218	5045	13	-218.0	218	5045
14	-157.0	157	5202	14	-157.0	157	5202	14	-157.0	157	5202	14	-157.0	157	5202
15	-187.0	187	5389	15	-187.0	187	5389	15	-187.0	187	5389	15	-187.0	187	5389
16	-228.0	228	5617	16	-228.0	228	5617	16	-228.0	228	5617	16	-228.0	228	5617
17	-161.0	161	5778	17	-161.0	161	5778	17	-161.0	161	5778	17	-161.0	161	5778
18	-130.0	130	5908	18	-130.0	130	5908	18	-130.0	130	5908	18	-130.0	130	5908
19	-183.0	183	6091	19	-183.0	183	6091	19	-183.0	183	6091	19	-183.0	183	6091
20	-146.0	146	6237	20	-146.0	146	6237	20	-146.0	146	6237	20	-146.0	146	6237
21	-215.0	215	6452	21	-215.0	215	6452	21	-215.0	215	6452	21	-215.0	215	6452
22	-214.0	214	6666	22	-214.0	214	6666	22	-214.0	214	6666	22	-214.0	214	6666
23	-158.0	158	6824	23	-158.0	158	6824	23	-158.0	158	6824	23	-158.0	158	6824
24	-189.0	189	7013	24	-189.0	189	7013	24	-189.0	189	7013	24	-189.0	189	7013
25	-185.0	185	7198	25	-185.0	185	7198	25	-185.0	185	7198	25	-185.0	185	7198
26	-151.0	151	7349	26	-151.0	151	7349	26	-151.0	151	7349	26	-151.0	151	7349
27	-150.0	150	7499	27	-150.0	150	7499	27	-150.0	150	7499	27	-150.0	150	7499
28	-143.0	143	7642	28	-143.0	143	7642	28	-143.0	143	7642	28	-143.0	143	7642
29	-180.0	180	7822	29	-180.0	180	7822	29	-180.0	180	7822	29	-180.0	180	7822
30	-178.0	178	8000	30	-178.0	178	8000	30	-178.0	178	8000	30	-178.0	178	8000
31	-184.0	184	8184	31	-184.0	184	8184	31	-184.0	184	8184	31	-184.0	184	8184
32	-177.0	177	8361	32	-177.0	177	8361	32	-177.0	177	8361	32	-177.0	177	8361
33	-218.0	218	8579	33	-218.0	218	8579	33	-218.0	218	8579	33	-218.0	218	8579
34	-187.0	187	8766	34	-187.0	187	8766	34	-187.0	187	8766	34	-187.0	187	8766
35	-155.0	155	8921	35	-155.0	155	8921	35	-155.0	155	8921	35	-155.0	155	8921
36	-187.0	187	9108	36	-187.0	187	9108	36	-187.0	187	9108	36	-187.0	187	9108
37	-141.0	141	9249	37	-141.0	141	9249	37	-141.0	141	9249	37	-141.0	141	9249
38	-224.0	224	9473	38	-224.0	224	9473	38	-224.0	224	9473	38	-224.0	224	9473
39	-140.0	140	9613	39	-140.0	140	9613	39	-140.0	140	9613	39	-140.0	140	9613
40	-141.0	141	9754	40	-141.0	141	9754	40	-141.0	141	9754	40	-141.0	141	9754
41	-118.0	118	9872	41	-118.0	118	9872	41	-118.0	118	9872	41	-118.0	118	9872
42	-172.0	172	10044	42	-172.0	172	10044	42	-172.0	172	10044	42	-172.0	172	10044
43	-148.0	148	10192	43	-148.0	148	10192	43	-148.0	148	10192	43	-148.0	148	10192
44	-190.0	190	10382	44	-190.0	190	10382	44	-190.0	190	10382	44	-190.0	190	10382
45	-155.0	155	10537	45	-155.0	155	10537	45	-155.0	155	10537	45	-155.0	155	10537
46	-119.0	119	10656	46	-119.0	119	10656	46	-119.0	119	10656	46	-119.0	119	10656
47	-120.0	120	10776	47	-120.0	120	10776	47	-120.0	120	10776	47	-120.0	120	10776
48	-149.0	149	10925	48	-149.0	149	10925	48	-149.0	149	10925	48	-149.0	149	10925
49	-108.0	108	11033	49	-108.0	108	11033	49	-108.0	108	11033	49	-108.0	108	11033
50	-198.0	198	11231	50	-198.0	198	11231	50	-198.0	198	11231	50	-198.0	198	11231
51	-154.0	154	11385	51	-154.0	154	11385	51	-154.0	154	11385	51	-154.0	154	11385
52	-142.0	142	11527	52	-142.0	142	11527	52	-142.0	142	11527	52	-142.0	142	11527
53	-117.0	117	11644	53	-117.0	117	11644	53	-117.0	117	11644	53	-117.0	117	11644
54	-135.0	135	11779	54	-135.0	135	11779	54	-135.0	135	11779	54	-135.0	135	11779
55	-149.0	149	11928	55	-149.0	149	11928	55	-149.0	149	11928	55	-149.0	149	11928
56	-134.0	134	12062	56	-134.0	134	12062	56	-134.0	134	12062	56	-134.0	134	12062
57	-110.0	110	12172	57	-110.0	110	12172	57	-110.0	110	12172	57	-110.0	110	12172
58	-109.0	109	12281	58	-109.0	109	12281	58	-109.0	109	12281	58	-109.0	109	12281
59	-205.0	205	12486	59	-205.0	205	12486	59	-205.0	205	12486	59	-205.0	205	12486
60	-205.0	205	12691	60	-205.0	205	12691	60	-205.0	205	12691	60	-205.0	205	12691
61	-139.0	139	12830	61	-139.0	139	12830	61	-139.0	139	12830	61	-139.0	139	12830
62	-205.0	205	13035	62	-205.0	205	13035	62	-205.0	205	13035	62	-205.0	205	13035
63	-174.0	174	13209	63	-174.0	174	13209	63	-174.0	174	13209	63	-174.0	174	13209
64	-168.0	168	13377	64	-168.0	168	13377	64	-168.0	168	13377	64	-168.0	168	13377
65	-151.0	151	13528	65	-151.0	151	13528	65	-151.0	151	13528	65	-151.0	151	13528
66	-187.0	187	13715	66	-187.0	187	13715	66	-187.0	187	13715	66	-187.0	187	13715
67	-183.0	183	13898	67	-183.0	183	13898	67	-183.0	183	13898	67	-183.0	183	13898
68	-184.0	184	14082	68	-184.0	184	14082	68	-184.0	184	14082	68	-184.0	184	14082
69	-144.0	144	14226	69	-144.0	144	14226	69	-144.0	144	14226	69	-144.0	144	14226
70	-148.0	148	14374	70	-148.0	148	14374	70	-148.0	148	14374	70	-148.0	148	14374
71	-147.0	147	14521	71	-147.0	147	14521	71	-147.0	147	14521	71	-147.0	147	14521
72	-149.0	149	14670	72	-149.0	149	14670	72	-149.0	149	14670	72	-149.0	149	14670
73	-151.0	151	14821	73	-151.0	151	14821	73	-151.0	151	14821	73	-151.0	151	14821
74	-136.0	136	14957	74	-136.0	136	14957	74	-136.0	136	14957	74	-136.0	136	14957
75	-149.0	149	15106	75	-149.0	149	15106	75	-149.0	149	15106	75	-149.0	149	15106
76	-135.0	135	15241	76	-135.0	135	15241	76	-135.0	135	15241	76	-135.0	135	15241
77	-141.0	141	15382	77	-141.0	141	15382	77	-141.0	141	15382	77	-141.0	141	15382
78	-139.0	139	15521	78	-139.0	139	15521	78	-139.0	139	15521	78	-139.0	139	15521
79	-136.0	136	15657	79	-136.0	136	15657	79	-136.0	136	15657	79	-136.0	136	15657
80	-145.0	145	15802	80	-145.0	145	15802	80	-145.0	145	15802	80	-145.0	145	15802
81	-127.0	127	15929	81	-127.0	127	15929	81	-127.0	127	15929	81	-127.0	127	15929
82	-107.0	107	16036	82	-107.0	107	16036	82	-107.0	107	16036	82	-107.0	107	16036
83	-142.0	142	16178	83	-142.0	142	16178	83	-142.0	142	16178	83	-142.0	142	16178
84	-166.0	166	16344	84	-166.0	166	16344	84	-166.0	166	16344	84	-166.0	166	16344
85	-149.0	149	16493	85	-149.0	149	16493	85	-149.0	149	16493	85	-149.0	149	16493
86	-148.0	148	16641	86	-148.0	148	16641	86	-148.0	148	16641	86	-148.0	148	16641
87	-144.0	144	16785	87	-144.0	144	16785	87	-144.0	144	16785	87	-144.0	144	16785
88	-168.0	168	16953	88	-168.0	168	16953	88	-168.0	168	16953	88	-168.0	168	16953
89	-141.0	141	17094	89	-141.0	141	17094	89	-141.0	141	17094	89	-141.0	141	17094
90	-161.0	161	17255	90	-161.0	161	17255	90	-161.0	161	17255	90	-161.0	161	17255
91	-139.0	139	17394	91	-139.0	139	17394	91	-139.0	139	17394	91	-139.0	139	17394
92	-125.0	125	17519	92	-125.0	125	17519	92	-125.0	125	17519	92	-125.0	125	17519
93	-151.0	151	17670	93	-151.0	151	17670	93	-151.0	151	17670	93	-151.0	151	17670
94	-108.0	108	17778	94	-108.0	108	17778	94	-108.0	108	17778	94	-108.0	108	17778
95	-183.0	183	17961	95	-183.0	183	17961	95	-183.0	183	17961	95	-183.0	183	17961
96	-107.0	107	18068	96	-107.0	107	18068	96	-107.0	107	18068	96	-107.0	107	18068
97	-147.0	147	18215	97	-147.0	147	18215	97	-147.0	147	18215	97	-147.0	147	18215
98	-112.0	112	18327	98	-112.0	112	18327	98	-112.0	112	18327	98	-112.0	112	18327
99	-114.0	114	18441	99	-114.0	114	18441	99	-114.0	114	18441	99	-114.0	114	18441
100	-113.0	113	18554	100	-113.0	113	18554	100	-113.0	113	18554	100	-113.0	113	18554
101	-100.0	100	18654	101	-100.0	100	18654	101	-100.0	100	18654	101	-100.0	100	18654
102	-117.0	117	18771	102	-117.0	117	18771	102	-117.0	117	18771	102	-117.0	117	18771
103	-155.0	155	18926	103	-155.0	155	18926	103	-155.0	155	18926	103	-155.0	155	18926
104	-114.0	114	19040	104	-114.0	114	19040	104	-114.0	114	19040	104	-114.0	114	19040
105	-141.0	141	19181	105	-141.0	141	19181	105	-141.0	141	19181	105	-141.0	141	19181
106	-109.0	109	19290	106	-109.0	109	19290	106	-109.0	109	19290	106	-109.0	109	19290
107	-88.0	88	19378	107	-88.0	88	19378	107	-88.0	88	19378	107	-88.0	88	19378
108	-112.0	112	19490	108	-112.0	112	19490	108	-112.0	112	19490	108	-112.0	112	19490
109	-111.0	111	19601	109	-111.0	111	19601	109	-111.0	111	19601	109	-111.0	111	19601
110	-152.0	152	19753	110	-152.0	152	19753	110	-152.0	152	19753	110	-152.0	152	19753
111	-152.0	152	19905	111	-152.0	152	19905	111	-152.0	152	19905	111	-152.0	152	19905
112	-142.0	142	20047	112	-142.0	142	20047	112	-142.0	142	20047	112	-142.0	142	20047
113	-135.0	135	20182	113	-135.0	135	20182	113	-135.0	135	20182	113	-135.0	135	20182
114	-137.0	137	20319	114	-137.0	137	20319	114	-137.0	137	20319	114	-137.0	137	20319
115	-132.0	132	20451	115	-132.0	132	20451	115	-132.0	132	20451	115	-132.0	132	20451
116	-106.0	106	20557	116	-106.0	106	20557	116	-106.0	106	20557	116	-106.0	106	20557
117	-107.0	107	20664	117	-107.0	107	20664	117	-107.0	107	20664	117	-107.0	107	20664
118	-139.0	139	20803	118	-139.0	139	20803	118	-139.0	139	20803	118	-139.0	139	20803
119	-111.0	111	20914	119	-111.0	111	20914	119	-111.0	111	20914	119	-111.0	111	20914
120	-112.0	112	21026	120	-112.0	112	21026	120	-112.0	112	21026	120	-112.0	112	21026
121	-159.0	159	21185	121	-159.0	159	21185	121	-159.0	159	21185	121	-159.0	159	21185
122	-139.0	139	21324	122	-139.0	139	21324	122	-139.0	139	21324	122	-139.0	139	21324
123	-140.0	140	21464	123	-140.0	140	21464	123	-140.0	140	21464	123	-140.0	140	21464
124	-142.0	142	21606	124	-142.0	142	21606	124	-142.0	142	21606	124	-142.0	142	21606
125	-136.0	136	21742	125	-136.0	136	21742	125	-136.0	136	21742	125	-136.0	136	21742
126	-120.0	120	21862	126	-120.0	120	21862	126	-120.0	120	21862	126	-120.0	120	21862
127	-108.0	108	21970	127	-108.0	108	21970	127	-108.0	108	21970	127	-108.0	108	21970
128	-111.0	111	22081	128	-111.0	111	22081	128	-111.0	111	22081	128	-111.0	111	22081
129	-141.0	141	22222	129	-141.0	141	22222	129	-141.0	141	22222	129	-141.0	141	22222
130	-141.0	141	22363	130	-141.0	141	22363	130	-141.0	141	22363	130	-141.0	141	22363
131	-107.0	107	22470	131	-107.0	107	22470	131	-107.0	107	22470	131	-107.0	107	22470
132	-136.0	136	22606	132	-136.0	136	22606	132	-136.0	136	22606	132	-136.0	136	22606
133	-140.0	140	22746	133	-140.0	140	22746	133	-140.0	140	22746	133	-140.0	140	22746
134	-145.0	145	22891	134	-145.0	145	22891	134	-145.0	145	22891	134	-145.0	145	22891
135	-110.0	110	23001	135	-110.0	110	23001	135	-110.0	110	23001	135	-110.0	110	23001
136	-145.0	145	23146	136	-145.0	145	23146	136	-145.0	145	23146	136	-145.0	145	23146
137	-106.0	106	23252	137	-106.0	106	23252	137	-106.0	106	23252	137	-106.0	106	23252
138	-107.0	107	23359	138	-107.0	107	23359	138	-107.0	107	23359	138	-107.0	107	23359
139	-104.0	104	23463	139	-104.0	104	23463	139	-104.0	104	23463	139	-104.0	104	23463
140	-104.0	104	23567	140	-104.0	104	23567	140	-104.0	104	23567	140	-104.0	104	23567
141	-141.0	141	23708	141	-141.0	141	23708	141	-141.0	141	23708	141	-141.0	141	23708
142	-137.0	137	23845	142	-137.0	137	23845	142	-137.0	137	23845	142	-137.0	137	23845
143	-104.0	104	23949	143	-104.0	104	23949	143	-104.0	104	23949	143	-104.0	104	23949
144	-136.0	136	24085	144	-136.0	136	24085	144	-136.0	136	24085	144	-136.0	136	24085
145	-135.0	135	24220	145	-135.0	135	24220	145	-135.0	135	24220	145	-135.0	135	24220
146	-138.0	138	24358	146	-138.0	138	24358	146	-138.0	138	24358	146	-138.0	138	24358
147	-105.0	105	24463	147	-105.0	105	24463	147	-105.0	105	24463	147	-105.0	105	24463
148	-104.0	104	24567	148	-104.0	104	24567	148	-104.0	104	24567	148	-104.0	104	24567
149	-107.0	107	24674	149	-107.0	107	24674	149	-107.0	107	24674	149	-107.0	107	24674
150	-137.0	137	24811	150	-137.0	137	24811	150	-137.0	137	24811	150	-137.0	137	24811
151	-134.0	134	24945	151	-134.0	134	24945	151	-134.0	134	24945	151	-134.0	134	24945
152	-135.0	135	25080	152	-135.0	135	25080	152	-135.0	135	25080	152	-135.0	135	25080
153	-139.0	139	25219	153	-139.0	139	25219	153	-139.0	139	25219	153	-139.0	139	25219
154	-112.0	112	25331	154	-112.0	112	25331	154	-112.0	112	25331	154	-112.0	112	25331
155	-135.0	135	25466	155	-135.0	135	25466	155	-135.0	135	25466	155	-135.0	135	25466
156	-111.0	111	25577	156	-111.0	111	25577	156	-111.0	111	25577	156	-111.0	111	25577
157	-139.0	139	25716	157	-139.0	139	25716	157	-139.0	139	25716	157	-139.0	139	25716
158	-165.0	165	25881	158	-165.0	165	25881	158	-165.0	165	25881	158	-165.0	165	25881
159	-109.0	109	25990	159	-109.0	109	25990	159	-109.0	109	25990	159	-109.0	109	25990
160	-108.0	108	26098	160	-108.0	108	26098	160	-108.0	108	26098	160	-108.0	108	26098
161	-109.0	109	26207	161	-109.0	109	26207	161	-109.0	109	26207	161	-109.0	109	26207
162	-138.0	138	26345	162	-138.0	138	26345	162	-138.0	138	26345	162	-138.0	138	26345
163	-108.0	108	26453	163	-108.0	108	26453	163	-108.0	108	26453	163	-108.0	108	26453
164	-110.0	110	26563	164	-110.0	110	26563	164	-110.0	110	26563	164	-110.0	110	26563
165	-138.0	138	26701	165	-138.0	138	26701	165	-138.0	138	26701	165	-138.0	138	26701
166	-231.0	231	26932	166	-231.0	231	26932	166	-231.0	231	26932	166	-231.0	231	26932
167	-116.0	116	27048	167	-116.0	116	27048	167	-116.0	116	27048	167	-116.0	116	27048
168	-202.0	202	27250	168	-202.0	202	27250	168	-202.0	202	27250	168	-202.0	202	27250
169	-186.0	186	27436	169	-186.0	186	27436	169	-186.0	186	27436	169	-186.0	186	27436
170	-186.0	186	27622	170	-186.0	186	27622	170	-186.0	186	27622	170	-186.0	186	27622
171	-145.0	145	27767	171	-145.0	145	27767	171	-145.0	145	27767	171	-145.0	145	27767
172	-139.0	139	27906	172	-139.0	139	27906	172	-139.0	139	27906	172	-139.0	139	27906
173	-175.0	175	28081	173	-175.0	175	28081	173	-175.0	175	28081	173	-175.0	175	28081
174	-135.0	135	28216	174	-135.0	135	28216	174	-135.0	135	28216	174	-135.0	135	28216
175	-145.0	145	28361	175	-145.0	145	28361	175	-145.0	145	28361	175	-145.0	145	28361
176	-135.0	135	28496	176	-135.0	135	28496	176	-135.0	135	28496	176	-135.0	135	28496
177	-136.0	136	28632	177	-136.0	136	28632	177	-136.0	136	28632	177	-136.0	136	28632
178	-130.0	130	28762	178	-130.0	130	28762	178	-130.0	130	28762	178	-130.0	130	28762
179	-112.0	112	28874	179	-112.0	112	28874	179	-112.0	112	28874	179	-112.0	112	28874
180	-144.0	144	29018	180	-144.0	144	29018	180	-144.0	144	29018	180	-144.0	144	29018
181	-109.0	109	29127	181	-109.0	109	29127	181	-109.0	109	29127	181	-109.0	109	29127
182	-107.0	107	29234	182	-107.0	107	29234	182	-107.0	107	29234	182	-107.0	107	29234
183	-133.0	133	29367	183	-133.0	133	29367	183	-133.0	133	29367	183	-133.0	133	29367
184	-134.0	134	29501	184	-134.0	134	29501	184	-134.0	134	29501	184	-134.0	134	29501
185	-130.0	130	29631	185	-130.0	130	29631	185	-130.0	130	29631	185	-130.0	130	29631
186	-127.0	127	29758	186	-127.0	127	29758	186	-127.0	127	29758	186	-127.0	127	29758
187	-135.0	135	29893	187	-135.0	135	29893	187	-135.0	135	29893	187	-135.0	135	29893
188	-135.0	135	30028	188	-135.0	135	30028	188	-135.0	135	30028	188	-135.0	135	30028
189	-114.0	114	30142	189	-114.0	114	30142	189	-114.0	114	30142	189	-114.0	114	30142
190	-152.0	152	30294	190	-152.0	152	30294	190	-152.0	152	30294	190	-152.0	152	30294
191	-149.0	149	30443	191	-149.0	149	30443	191	-149.0	149	30443	191	-149.0	149	30443
192	-130.0	130	30573	192	-130.0	130	30573	192	-130.0	130	30573	192	-130.0	130	30573
193	-136.0	136	30709	193	-136.0	136	30709	193	-136.0	136	30709	193	-136.0	136	30709
194	-137.0	137	30846	194	-137.0	137	30846	194	-137.0	137	30846	194	-137.0	137	30846
195	-138.0	138	30984	195	-138.0	138	30984	195	-138.0	138	30984	195	-138.0	138	30984
196	-156.0	156	31140	196	-156.0	156	31140	196	-156.0	156	31140	196	-156.0	156	31140
197	-170.0	170	31310	197	-170.0	170	31310	197	-170.0	170	31310	197	-170.0	170	31310
198	-148.0	148	31458	198	-148.0	148	31458	198	-148.0	148	31458	198	-148.0	148	31458
199	-137.0	137	31595	199	-137.0	137	31595	199	-137.0	137	31595	199	-137.0	137	31595
200	-136.0	136	31731	200	-136.0	136	31731	200	-136.0	136	31731	200	-136.0	136	31731
201	-177.0	177	31908	201	-177.0	177	31908	201	-177.0	177	31908	201	-177.0	177	31908
202	-137.0	137	32045	202	-137.0	137	32045	202	-137.0	137	32045	202	-137.0	137	32045
203	-139.0	139	32184	203	-139.0	139	32184	203	-139.0	139	32184	203	-139.0	139	32184
204	-195.0	195	32379	204	-195.0	195	32379	204	-195.0	195	32379	204	-195.0	195	32379
205	-140.0	140	32519	205	-140.0	140	32519	205	-140.0	140	32519	205	-140.0	140	32519
206	-108.0	108	32627	206	-108.0	108	32627	206	-108.0	108	32627	206	-108.0	108	32627
207	-106.0	106	32733	207	-106.0	106	32733	207	-106.0	106	32733	207	-106.0	106	32733
208	-92.0	92	32825	208	-92.0	92	32825	208	-92.0	92	32825	208	-92.0	92	32825
209	-106.0	106	32931	209	-106.0	106	32931	209	-106.0	106	32931	209	-106.0	106	32931
210	-106.0	106	33037	210	-106.0	106	33037	210	-106.0	106	33037	210	-106.0	106	33037
211	-106.0	106	33143	211	-106.0	106	33143	211	-106.0	106	33143	211	-106.0	106	33143
212	-83.0	83	33226	212	-83.0	83	33226	212	-83.0	83	33226	212	-83.0	83	33226
213	-90.0	90	33316	213	-90.0	90	33316	213	-90.0	90	33316	213	-90.0	90	33316
214	-106.0	106	33422	214	-106.0	106	33422	214	-106.0	106	33422	214	-106.0	106	33422
215	-91.0	91	33513	215	-91.0	91	33513	215	-91.0	91	33513	215	-91.0	91	33513
216	-107.0	107	33620	216	-107.0	107	33620	216	-107.0	107	33620	216	-107.0	107	33620
217	-105.0	105	33725	217	-105.0	105	33725	217	-105.0	105	33725	217	-105.0	105	33725
218	-170.0	170	33895	218	-170.0	170	33895	218	-170.0	170	33895	218	-170.0	170	33895
219	-104.0	104	33999	219	-104.0	104	33999	219	-104.0	104	33999	219	-104.0	104	33999
220	-104.0	104	34103	220	-104.0	104	34103	220	-104.0	104	34103	220	-104.0	104	34103
221	-105.0	105	34208	221	-105.0	105	34208	221	-105.0	105	34208	221	-105.0	105	34208
222	-106.0	106	34314	222	-106.0	106	34314	222	-106.0	106	34314	222	-106.0	106	34314
223	-100.0	100	34414	223	-100.0	100	34414	223	-100.0	100	34414	223	-100.0	100	34414
224	-89.0	89	34503	224	-89.0	89	34503	224	-89.0	89	34503	224	-89.0	89	34503
225	-152.0	152	34655	225	-152.0	152	34655	225	-152.0	152	34655	225	-152.0	152	34655
226	-96.0	96	34751	226	-96.0	96	34751	226	-96.0	96	34751	226	-96.0	96	34751
227	-151.0	151	34902	227	-151.0	151	34902	227	-151.0	151	34902	227	-151.0	151	34902
228	-116.0	116	35018	228	-116.0	116	35018	228	-116.0	116	35018	228	-116.0	116	35018
229	-106.0	106	35124	229	-106.0	106	35124	229	-106.0	106	35124	229	-106.0	106	35124
230	-105.0	105	35229	230	-105.0	105	35229	230	-105.0	105	35229	230	-105.0	105	35229
231	-106.0	106	35335	231	-106.0	106	35335	231	-106.0	106	35335	231	-106.0	106	35335
232	-105.0	105	35440	232	-105.0	105	35440	232	-105.0	105	35440	232	-105.0	105	35440
233	-114.0	114	35554	233	-114.0	114	35554	233	-114.0	114	35554	233	-114.0	114	35554
234	-164.0	164	35718	234	-164.0	164	35718	234	-164.0	164	35718	234	-164.0	164	35718
235	-169.0	169	35887	235	-169.0	169	35887	235	-169.0	169	35887	235	-169.0	169	35887
236	-136.0	136	36023	236	-136.0	136	36023	236	-136.0	136	36023	236	-136.0	136	36023
237	-105.0	105	36128	237	-105.0	105	36128	237	-105.0	105	36128	237	-105.0	105	36128
238	-106.0	106	36234	238	-106.0	106	36234	238	-106.0	106	36234	238	-106.0	106	36234
239	-150.0	150	36384	239	-150.0	150	36384	239	-150.0	150	36384	239	-150.0	150	36384
240	-132.0	132	36516	240	-132.0	132	36516	240	-132.0	132	36516	240	-132.0	132	36516
241	-134.0	134	36650	241	-134.0	134	36650	241	-134.0	134	36650	241	-134.0	134	36650
242	-135.0	135	36785	242	-135.0	135	36785	242	-135.0	135	36785	242	-135.0	135	36785
243	-135.0	135	36920	243	-135.0	135	36920	243	-135.0	135	36920	243	-135.0	135	36920
244	-148.0	148	37068	244	-148.0	148	37068	244	-148.0	148	37068	244	-148.0	148	37068
245	-147.0	147	37215	245	-147.0	147	37215	245	-147.0	147	37215	245	-147.0	147	37215
246	-141.0	141	37356	246	-141.0	141	37356	246	-141.0	141	37356	246	-141.0	141	37356
247	-144.0	144	37500	247	-144.0	144	37500	247	-144.0	144	37500	247	-144.0	144	37500
248	-106.0	106	37606	248	-106.0	106	37606	248	-106.0	106	37606	248	-106.0	106	37606
249	-144.0	144	37750	249	-144.0	144	37750	249	-144.0	144	37750	249	-144.0	144	37750
250	-140.0	140	37890	250	-140.0	140	37890	250	-140.0	140	37890	250	-140.0	140	37890
251	-137.0	137	38027	251	-137.0	137	38027	251	-137.0	137	38027	251	-137.0	137	38027
252	-140.0	140	38167	252	-140.0	140	38167	252	-140.0	140	38167	252	-140.0	140	38167
253	-136.0	136	38303	253	-136.0	136	38303	253	-136.0	136	38303	253	-136.0	136	38303
254	-105.0	105	38408	254	-105.0	105	38408	254	-105.0	105	38408	254	-105.0	105	38408
255	-105.0	105	38513	255	-105.0	105	38513	255	-105.0	105	38513	255	-105.0	105	38513
256	-138.0	138	38651	256	-138.0	138	38651	256	-138.0	138	38651	256	-138.0	138	38651
257	-107.0	107	38758	257	-107.0	107	38758	257	-107.0	107	38758	257	-107.0	107	38758
258	-135.0	135	38893	258	-135.0	135	38893	258	-135.0	135	38893	258	-135.0	135	38893
259	-136.0	136	39029	259	-136.0	136	39029	259	-136.0	136	39029	259	-136.0	136	39029
260	-107.0	107	39136	260	-107.0	107	39136	260	-107.0	107	39136	260	-107.0	107	39136
261	-182.0	182	39318	261	-182.0	182	39318	261	-182.0	182	39318	261	-182.0	182	39318
262	-108.0	108	39426	262	-108.0	108	39426	262	-108.0	108	39426	262	-108.0	108	39426
263	-137.0	137	39563	263	-137.0	137	39563	263	-137.0	137	39563	263	-137.0	137	39563
264	-145.0	145	39708	264	-145.0	145	39708	264	-145.0	145	39708	264	-145.0	145	39708
265	-138.0	138	39846	265	-138.0	138	39846	265	-138.0	138	39846	265	-138.0	138	39846
266	-107.0	107	39953	266	-107.0	107	39953	266	-107.0	107	39953	266	-107.0	107	39953
267	-160.0	160	40113	267	-160.0	160	40113	267	-160.0	160	40113	267	-160.0	160	40113
268	-118.0	118	40231	268	-118.0	118	40231	268	-118.0	118	40231	268	-118.0	118	40231
269	-109.0	109	40340	269	-109.0	109	40340	269	-109.0	109	40340	269	-109.0	109	40340
270	-119.0	119	40459	270	-119.0	119	40459	270	-119.0	119	40459	270	-119.0	119	40459
271	-112.0	112	40571	271	-112.0	112	40571	271	-112.0	112	40571	271	-112.0	112	40571
272	-116.0	116	40687	272	-116.0	116	40687	272	-116.0	116	40687	272	-116.0	116	40687
273	-111.0	111	40798	273	-111.0	111	40798	273	-111.0	111	40798	273	-111.0	111	40798
274	-143.0	143	40941	274	-143.0	143	40941	274	-143.0	143	40941	274	-143.0	143	40941
275	-111.0	111	41052	275	-111.0	111	41052	275	-111.0	111	41052	275	-111.0	111	41052
276	-150.0	150	41202	276	-150.0	150	41202	276	-150.0	150	41202	276	-150.0	150	41202
277	-147.0	147	41349	277	-147.0	147	41349	277	-147.0	147	41349	277	-147.0	147	41349
278	-106.0	106	41455	278	-106.0	106	41455	278	-106.0	106	41455	278	-106.0	106	41455
279	-96.0	96	41551	279	-96.0	96	41551	279	-96.0	96	41551	279	-96.0	96	41551
280	-107.0	107	41658	280	-107.0	107	41658	280	-107.0	107	41658	280	-107.0	107	41658
281	-93.0	93	41751	281	-93.0	93	41751	281	-93.0	93	41751	281	-93.0	93	41751
282	-109.0	109	41860	282	-109.0	109	41860	282	-109.0	109	41860	282	-109.0	109	41860
283	-100.0	100	41960	283	-100.0	100	41960	283	-100.0	100	41960	283	-100.0	100	41960
284	-189.0	189	42149	284	-189.0	189	42149	284	-189.0	189	42149	284	-189.0	189	42149
285	-109.0	109	42258	285	-109.0	109	42258	285	-109.0	109	42258	285	-109.0	109	42258
286	-109.0	109	42367	286	-109.0	109	42367	286	-109.0	109	42367	286	-109.0	109	42367
287	-158.0	158	42525	287	-158.0	158	42525	287	-158.0	158	42525	287	-158.0	158	42525
288	-89.0	89	42614	288	-89.0	89	42614	288	-89.0	89	42614	288	-89.0	89	42614
289	-104.0	104	42718	289	-104.0	104	42718	289	-104.0	104	42718	289	-104.0	104	42718
290	-106.0	106	42824	290	-106.0	106	42824	290	-106.0	106	42824	290	-106.0	106	42824
291	-94.0	94	42918	291	-94.0	94	42918	291	-94.0	94	42918	291	-94.0	94	42918
292	-140.0	140	43058	292	-140.0	140	43058	292	-140.0	140	43058	292	-140.0	140	43058
293	-98.0	98	43156	293	-98.0	98	43156	293	-98.0	98	43156	293	-98.0	98	43156
294	-133.0	133	43289	294	-133.0	133	43289	294	-133.0	133	43289	294	-133.0	133	43289
295	-105.0	105	43394	295	-105.0	105	43394	295	-105.0	105	43394	295	-105.0	105	43394
296	-106.0	106	43500	296	-106.0	106	43500	296	-106.0	106	43500	296	-106.0	106	43500
297	-133.0	133	43633	297	-133.0	133	43633	297	-133.0	133	43633	297	-133.0	133	43633
298	-97.0	97	43730	298	-97.0	97	43730	298	-97.0	97	43730	298	-97.0	97	43730
299	-109.0	109	43839	299	-109.0	109	43839	299	-109.0	109	43839	299	-109.0	109	43839
