Episode	Accumulated Reward	Length	Steps	Episode	Accumulated Reward	Length	Steps	Episode	Accumulated Reward	Length	Steps	Episode	Accumulated Reward	Length	Steps	Episode	Accumulated Reward	Length	Steps	Episode	Accumulated Reward	Length	Steps	Episode	Accumulated Reward	Length	Steps	Episode	Accumulated Reward	Length	Steps	Episode	Accumulated Reward	Length	Steps	Episode	Accumulated Reward	Length	Steps	Episode	Accumulated Reward	Length	Steps	Episode	Accumulated Reward	Length	Steps	Episode	Accumulated Reward	Length	Steps	Episode	Accumulated Reward	Length	Steps	Episode	Accumulated Reward	Length	Steps	Episode	Accumulated Reward	Length	Steps	Episode	Accumulated Reward	Length	Steps	Episode	Accumulated Reward	Length	Steps	Episode	Accumulated Reward	Length	Steps	Episode	Accumulated Reward	Length	Steps
0	-123	24	24	0	-123	24	24	0	-123	24	24	0	-123	24	24	0	-123	24	24	0	-123	24	24	0	-123	24	24	0	-123	24	24	0	-123	24	24	0	-123	24	24	0	-123	24	24	0	-123	24	24	0	-123	24	24	0	-123	24	24	0	-123	24	24	0	-123	24	24	0	-123	24	24	0	-123	24	24	0	-123	24	24	0	-123	24	24
1	-118	19	43	1	-118	19	43	1	-118	19	43	1	-118	19	43	1	-118	19	43	1	-118	19	43	1	-118	19	43	1	-118	19	43	1	-118	19	43	1	-118	19	43	1	-118	19	43	1	-118	19	43	1	-118	19	43	1	-118	19	43	1	-118	19	43	1	-118	19	43	1	-118	19	43	1	-118	19	43	1	-118	19	43	1	-118	19	43
2	-13	13	56	2	-13	13	56	2	-13	13	56	2	-13	13	56	2	-13	13	56	2	-13	13	56	2	-13	13	56	2	-13	13	56	2	-13	13	56	2	-13	13	56	2	-13	13	56	2	-13	13	56	2	-13	13	56	2	-13	13	56	2	-13	13	56	2	-13	13	56	2	-13	13	56	2	-13	13	56	2	-13	13	56	2	-13	13	56
3	-119	20	76	3	-119	20	76	3	-119	20	76	3	-119	20	76	3	-119	20	76	3	-119	20	76	3	-119	20	76	3	-119	20	76	3	-119	20	76	3	-119	20	76	3	-119	20	76	3	-119	20	76	3	-119	20	76	3	-119	20	76	3	-119	20	76	3	-119	20	76	3	-119	20	76	3	-119	20	76	3	-119	20	76	3	-119	20	76
4	-13	13	89	4	-13	13	89	4	-13	13	89	4	-13	13	89	4	-13	13	89	4	-13	13	89	4	-13	13	89	4	-13	13	89	4	-13	13	89	4	-13	13	89	4	-13	13	89	4	-13	13	89	4	-13	13	89	4	-13	13	89	4	-13	13	89	4	-13	13	89	4	-13	13	89	4	-13	13	89	4	-13	13	89	4	-13	13	89
5	-228	30	119	5	-228	30	119	5	-228	30	119	5	-228	30	119	5	-228	30	119	5	-228	30	119	5	-228	30	119	5	-228	30	119	5	-228	30	119	5	-228	30	119	5	-228	30	119	5	-228	30	119	5	-228	30	119	5	-228	30	119	5	-228	30	119	5	-228	30	119	5	-228	30	119	5	-228	30	119	5	-228	30	119	5	-228	30	119
6	-13	13	132	6	-13	13	132	6	-13	13	132	6	-13	13	132	6	-13	13	132	6	-13	13	132	6	-13	13	132	6	-13	13	132	6	-13	13	132	6	-13	13	132	6	-13	13	132	6	-13	13	132	6	-13	13	132	6	-13	13	132	6	-13	13	132	6	-13	13	132	6	-13	13	132	6	-13	13	132	6	-13	13	132	6	-13	13	132
7	-19	19	151	7	-19	19	151	7	-19	19	151	7	-19	19	151	7	-19	19	151	7	-19	19	151	7	-19	19	151	7	-19	19	151	7	-19	19	151	7	-19	19	151	7	-19	19	151	7	-19	19	151	7	-19	19	151	7	-19	19	151	7	-19	19	151	7	-19	19	151	7	-19	19	151	7	-19	19	151	7	-19	19	151	7	-19	19	151
8	-15	15	166	8	-15	15	166	8	-15	15	166	8	-15	15	166	8	-15	15	166	8	-15	15	166	8	-15	15	166	8	-15	15	166	8	-15	15	166	8	-15	15	166	8	-15	15	166	8	-15	15	166	8	-15	15	166	8	-15	15	166	8	-15	15	166	8	-15	15	166	8	-15	15	166	8	-15	15	166	8	-15	15	166	8	-15	15	166
9	-15	15	181	9	-15	15	181	9	-15	15	181	9	-15	15	181	9	-15	15	181	9	-15	15	181	9	-15	15	181	9	-15	15	181	9	-15	15	181	9	-15	15	181	9	-15	15	181	9	-15	15	181	9	-15	15	181	9	-15	15	181	9	-15	15	181	9	-15	15	181	9	-15	15	181	9	-15	15	181	9	-15	15	181	9	-15	15	181
10	-18	18	199	10	-18	18	199	10	-18	18	199	10	-18	18	199	10	-18	18	199	10	-18	18	199	10	-18	18	199	10	-18	18	199	10	-18	18	199	10	-18	18	199	10	-18	18	199	10	-18	18	199	10	-18	18	199	10	-18	18	199	10	-18	18	199	10	-18	18	199	10	-18	18	199	10	-18	18	199	10	-18	18	199	10	-18	18	199
11	-231	33	232	11	-231	33	232	11	-231	33	232	11	-231	33	232	11	-231	33	232	11	-231	33	232	11	-231	33	232	11	-231	33	232	11	-231	33	232	11	-231	33	232	11	-231	33	232	11	-231	33	232	11	-231	33	232	11	-231	33	232	11	-231	33	232	11	-231	33	232	11	-231	33	232	11	-231	33	232	11	-231	33	232	11	-231	33	232
12	-13	13	245	12	-13	13	245	12	-13	13	245	12	-13	13	245	12	-13	13	245	12	-13	13	245	12	-13	13	245	12	-13	13	245	12	-13	13	245	12	-13	13	245	12	-13	13	245	12	-13	13	245	12	-13	13	245	12	-13	13	245	12	-13	13	245	12	-13	13	245	12	-13	13	245	12	-13	13	245	12	-13	13	245	12	-13	13	245
13	-223	25	270	13	-223	25	270	13	-223	25	270	13	-223	25	270	13	-223	25	270	13	-223	25	270	13	-223	25	270	13	-223	25	270	13	-223	25	270	13	-223	25	270	13	-223	25	270	13	-223	25	270	13	-223	25	270	13	-223	25	270	13	-223	25	270	13	-223	25	270	13	-223	25	270	13	-223	25	270	13	-223	25	270	13	-223	25	270
14	-117	18	288	14	-117	18	288	14	-117	18	288	14	-117	18	288	14	-117	18	288	14	-117	18	288	14	-117	18	288	14	-117	18	288	14	-117	18	288	14	-117	18	288	14	-117	18	288	14	-117	18	288	14	-117	18	288	14	-117	18	288	14	-117	18	288	14	-117	18	288	14	-117	18	288	14	-117	18	288	14	-117	18	288	14	-117	18	288
15	-13	13	301	15	-13	13	301	15	-13	13	301	15	-13	13	301	15	-13	13	301	15	-13	13	301	15	-13	13	301	15	-13	13	301	15	-13	13	301	15	-13	13	301	15	-13	13	301	15	-13	13	301	15	-13	13	301	15	-13	13	301	15	-13	13	301	15	-13	13	301	15	-13	13	301	15	-13	13	301	15	-13	13	301	15	-13	13	301
16	-130	31	332	16	-130	31	332	16	-130	31	332	16	-130	31	332	16	-130	31	332	16	-130	31	332	16	-130	31	332	16	-130	31	332	16	-130	31	332	16	-130	31	332	16	-130	31	332	16	-130	31	332	16	-130	31	332	16	-130	31	332	16	-130	31	332	16	-130	31	332	16	-130	31	332	16	-130	31	332	16	-130	31	332	16	-130	31	332
17	-223	25	357	17	-223	25	357	17	-223	25	357	17	-223	25	357	17	-223	25	357	17	-223	25	357	17	-223	25	357	17	-223	25	357	17	-223	25	357	17	-223	25	357	17	-223	25	357	17	-223	25	357	17	-223	25	357	17	-223	25	357	17	-223	25	357	17	-223	25	357	17	-223	25	357	17	-223	25	357	17	-223	25	357	17	-223	25	357
18	-13	13	370	18	-13	13	370	18	-13	13	370	18	-13	13	370	18	-13	13	370	18	-13	13	370	18	-13	13	370	18	-13	13	370	18	-13	13	370	18	-13	13	370	18	-13	13	370	18	-13	13	370	18	-13	13	370	18	-13	13	370	18	-13	13	370	18	-13	13	370	18	-13	13	370	18	-13	13	370	18	-13	13	370	18	-13	13	370
19	-19	19	389	19	-19	19	389	19	-19	19	389	19	-19	19	389	19	-19	19	389	19	-19	19	389	19	-19	19	389	19	-19	19	389	19	-19	19	389	19	-19	19	389	19	-19	19	389	19	-19	19	389	19	-19	19	389	19	-19	19	389	19	-19	19	389	19	-19	19	389	19	-19	19	389	19	-19	19	389	19	-19	19	389	19	-19	19	389
20	-13	13	402	20	-13	13	402	20	-13	13	402	20	-13	13	402	20	-13	13	402	20	-13	13	402	20	-13	13	402	20	-13	13	402	20	-13	13	402	20	-13	13	402	20	-13	13	402	20	-13	13	402	20	-13	13	402	20	-13	13	402	20	-13	13	402	20	-13	13	402	20	-13	13	402	20	-13	13	402	20	-13	13	402	20	-13	13	402
21	-326	29	431	21	-326	29	431	21	-326	29	431	21	-326	29	431	21	-326	29	431	21	-326	29	431	21	-326	29	431	21	-326	29	431	21	-326	29	431	21	-326	29	431	21	-326	29	431	21	-326	29	431	21	-326	29	431	21	-326	29	431	21	-326	29	431	21	-326	29	431	21	-326	29	431	21	-326	29	431	21	-326	29	431	21	-326	29	431
22	-14	14	445	22	-14	14	445	22	-14	14	445	22	-14	14	445	22	-14	14	445	22	-14	14	445	22	-14	14	445	22	-14	14	445	22	-14	14	445	22	-14	14	445	22	-14	14	445	22	-14	14	445	22	-14	14	445	22	-14	14	445	22	-14	14	445	22	-14	14	445	22	-14	14	445	22	-14	14	445	22	-14	14	445	22	-14	14	445
23	-17	17	462	23	-17	17	462	23	-17	17	462	23	-17	17	462	23	-17	17	462	23	-17	17	462	23	-17	17	462	23	-17	17	462	23	-17	17	462	23	-17	17	462	23	-17	17	462	23	-17	17	462	23	-17	17	462	23	-17	17	462	23	-17	17	462	23	-17	17	462	23	-17	17	462	23	-17	17	462	23	-17	17	462	23	-17	17	462
24	-113	14	476	24	-113	14	476	24	-113	14	476	24	-113	14	476	24	-113	14	476	24	-113	14	476	24	-113	14	476	24	-113	14	476	24	-113	14	476	24	-113	14	476	24	-113	14	476	24	-113	14	476	24	-113	14	476	24	-113	14	476	24	-113	14	476	24	-113	14	476	24	-113	14	476	24	-113	14	476	24	-113	14	476	24	-113	14	476
25	-15	15	491	25	-15	15	491	25	-15	15	491	25	-15	15	491	25	-15	15	491	25	-15	15	491	25	-15	15	491	25	-15	15	491	25	-15	15	491	25	-15	15	491	25	-15	15	491	25	-15	15	491	25	-15	15	491	25	-15	15	491	25	-15	15	491	25	-15	15	491	25	-15	15	491	25	-15	15	491	25	-15	15	491	25	-15	15	491
26	-13	13	504	26	-13	13	504	26	-13	13	504	26	-13	13	504	26	-13	13	504	26	-13	13	504	26	-13	13	504	26	-13	13	504	26	-13	13	504	26	-13	13	504	26	-13	13	504	26	-13	13	504	26	-13	13	504	26	-13	13	504	26	-13	13	504	26	-13	13	504	26	-13	13	504	26	-13	13	504	26	-13	13	504	26	-13	13	504
27	-13	13	517	27	-13	13	517	27	-13	13	517	27	-13	13	517	27	-13	13	517	27	-13	13	517	27	-13	13	517	27	-13	13	517	27	-13	13	517	27	-13	13	517	27	-13	13	517	27	-13	13	517	27	-13	13	517	27	-13	13	517	27	-13	13	517	27	-13	13	517	27	-13	13	517	27	-13	13	517	27	-13	13	517	27	-13	13	517
28	-17	17	534	28	-17	17	534	28	-17	17	534	28	-17	17	534	28	-17	17	534	28	-17	17	534	28	-17	17	534	28	-17	17	534	28	-17	17	534	28	-17	17	534	28	-17	17	534	28	-17	17	534	28	-17	17	534	28	-17	17	534	28	-17	17	534	28	-17	17	534	28	-17	17	534	28	-17	17	534	28	-17	17	534	28	-17	17	534
29	-118	19	553	29	-118	19	553	29	-118	19	553	29	-118	19	553	29	-118	19	553	29	-118	19	553	29	-118	19	553	29	-118	19	553	29	-118	19	553	29	-118	19	553	29	-118	19	553	29	-118	19	553	29	-118	19	553	29	-118	19	553	29	-118	19	553	29	-118	19	553	29	-118	19	553	29	-118	19	553	29	-118	19	553	29	-118	19	553
30	-13	13	566	30	-13	13	566	30	-13	13	566	30	-13	13	566	30	-13	13	566	30	-13	13	566	30	-13	13	566	30	-13	13	566	30	-13	13	566	30	-13	13	566	30	-13	13	566	30	-13	13	566	30	-13	13	566	30	-13	13	566	30	-13	13	566	30	-13	13	566	30	-13	13	566	30	-13	13	566	30	-13	13	566	30	-13	13	566
31	-13	13	579	31	-13	13	579	31	-13	13	579	31	-13	13	579	31	-13	13	579	31	-13	13	579	31	-13	13	579	31	-13	13	579	31	-13	13	579	31	-13	13	579	31	-13	13	579	31	-13	13	579	31	-13	13	579	31	-13	13	579	31	-13	13	579	31	-13	13	579	31	-13	13	579	31	-13	13	579	31	-13	13	579	31	-13	13	579
32	-122	23	602	32	-122	23	602	32	-122	23	602	32	-122	23	602	32	-122	23	602	32	-122	23	602	32	-122	23	602	32	-122	23	602	32	-122	23	602	32	-122	23	602	32	-122	23	602	32	-122	23	602	32	-122	23	602	32	-122	23	602	32	-122	23	602	32	-122	23	602	32	-122	23	602	32	-122	23	602	32	-122	23	602	32	-122	23	602
33	-13	13	615	33	-13	13	615	33	-13	13	615	33	-13	13	615	33	-13	13	615	33	-13	13	615	33	-13	13	615	33	-13	13	615	33	-13	13	615	33	-13	13	615	33	-13	13	615	33	-13	13	615	33	-13	13	615	33	-13	13	615	33	-13	13	615	33	-13	13	615	33	-13	13	615	33	-13	13	615	33	-13	13	615	33	-13	13	615
34	-13	13	628	34	-13	13	628	34	-13	13	628	34	-13	13	628	34	-13	13	628	34	-13	13	628	34	-13	13	628	34	-13	13	628	34	-13	13	628	34	-13	13	628	34	-13	13	628	34	-13	13	628	34	-13	13	628	34	-13	13	628	34	-13	13	628	34	-13	13	628	34	-13	13	628	34	-13	13	628	34	-13	13	628	34	-13	13	628
35	-15	15	643	35	-15	15	643	35	-15	15	643	35	-15	15	643	35	-15	15	643	35	-15	15	643	35	-15	15	643	35	-15	15	643	35	-15	15	643	35	-15	15	643	35	-15	15	643	35	-15	15	643	35	-15	15	643	35	-15	15	643	35	-15	15	643	35	-15	15	643	35	-15	15	643	35	-15	15	643	35	-15	15	643	35	-15	15	643
36	-13	13	656	36	-13	13	656	36	-13	13	656	36	-13	13	656	36	-13	13	656	36	-13	13	656	36	-13	13	656	36	-13	13	656	36	-13	13	656	36	-13	13	656	36	-13	13	656	36	-13	13	656	36	-13	13	656	36	-13	13	656	36	-13	13	656	36	-13	13	656	36	-13	13	656	36	-13	13	656	36	-13	13	656	36	-13	13	656
37	-13	13	669	37	-13	13	669	37	-13	13	669	37	-13	13	669	37	-13	13	669	37	-13	13	669	37	-13	13	669	37	-13	13	669	37	-13	13	669	37	-13	13	669	37	-13	13	669	37	-13	13	669	37	-13	13	669	37	-13	13	669	37	-13	13	669	37	-13	13	669	37	-13	13	669	37	-13	13	669	37	-13	13	669	37	-13	13	669
38	-13	13	682	38	-13	13	682	38	-13	13	682	38	-13	13	682	38	-13	13	682	38	-13	13	682	38	-13	13	682	38	-13	13	682	38	-13	13	682	38	-13	13	682	38	-13	13	682	38	-13	13	682	38	-13	13	682	38	-13	13	682	38	-13	13	682	38	-13	13	682	38	-13	13	682	38	-13	13	682	38	-13	13	682	38	-13	13	682
39	-13	13	695	39	-13	13	695	39	-13	13	695	39	-13	13	695	39	-13	13	695	39	-13	13	695	39	-13	13	695	39	-13	13	695	39	-13	13	695	39	-13	13	695	39	-13	13	695	39	-13	13	695	39	-13	13	695	39	-13	13	695	39	-13	13	695	39	-13	13	695	39	-13	13	695	39	-13	13	695	39	-13	13	695	39	-13	13	695
40	-13	13	708	40	-13	13	708	40	-13	13	708	40	-13	13	708	40	-13	13	708	40	-13	13	708	40	-13	13	708	40	-13	13	708	40	-13	13	708	40	-13	13	708	40	-13	13	708	40	-13	13	708	40	-13	13	708	40	-13	13	708	40	-13	13	708	40	-13	13	708	40	-13	13	708	40	-13	13	708	40	-13	13	708	40	-13	13	708
41	-20	20	728	41	-20	20	728	41	-20	20	728	41	-20	20	728	41	-20	20	728	41	-20	20	728	41	-20	20	728	41	-20	20	728	41	-20	20	728	41	-20	20	728	41	-20	20	728	41	-20	20	728	41	-20	20	728	41	-20	20	728	41	-20	20	728	41	-20	20	728	41	-20	20	728	41	-20	20	728	41	-20	20	728	41	-20	20	728
42	-13	13	741	42	-13	13	741	42	-13	13	741	42	-13	13	741	42	-13	13	741	42	-13	13	741	42	-13	13	741	42	-13	13	741	42	-13	13	741	42	-13	13	741	42	-13	13	741	42	-13	13	741	42	-13	13	741	42	-13	13	741	42	-13	13	741	42	-13	13	741	42	-13	13	741	42	-13	13	741	42	-13	13	741	42	-13	13	741
43	-13	13	754	43	-13	13	754	43	-13	13	754	43	-13	13	754	43	-13	13	754	43	-13	13	754	43	-13	13	754	43	-13	13	754	43	-13	13	754	43	-13	13	754	43	-13	13	754	43	-13	13	754	43	-13	13	754	43	-13	13	754	43	-13	13	754	43	-13	13	754	43	-13	13	754	43	-13	13	754	43	-13	13	754	43	-13	13	754
44	-13	13	767	44	-13	13	767	44	-13	13	767	44	-13	13	767	44	-13	13	767	44	-13	13	767	44	-13	13	767	44	-13	13	767	44	-13	13	767	44	-13	13	767	44	-13	13	767	44	-13	13	767	44	-13	13	767	44	-13	13	767	44	-13	13	767	44	-13	13	767	44	-13	13	767	44	-13	13	767	44	-13	13	767	44	-13	13	767
45	-13	13	780	45	-13	13	780	45	-13	13	780	45	-13	13	780	45	-13	13	780	45	-13	13	780	45	-13	13	780	45	-13	13	780	45	-13	13	780	45	-13	13	780	45	-13	13	780	45	-13	13	780	45	-13	13	780	45	-13	13	780	45	-13	13	780	45	-13	13	780	45	-13	13	780	45	-13	13	780	45	-13	13	780	45	-13	13	780
46	-118	19	799	46	-118	19	799	46	-118	19	799	46	-118	19	799	46	-118	19	799	46	-118	19	799	46	-118	19	799	46	-118	19	799	46	-118	19	799	46	-118	19	799	46	-118	19	799	46	-118	19	799	46	-118	19	799	46	-118	19	799	46	-118	19	799	46	-118	19	799	46	-118	19	799	46	-118	19	799	46	-118	19	799	46	-118	19	799
47	-13	13	812	47	-13	13	812	47	-13	13	812	47	-13	13	812	47	-13	13	812	47	-13	13	812	47	-13	13	812	47	-13	13	812	47	-13	13	812	47	-13	13	812	47	-13	13	812	47	-13	13	812	47	-13	13	812	47	-13	13	812	47	-13	13	812	47	-13	13	812	47	-13	13	812	47	-13	13	812	47	-13	13	812	47	-13	13	812
48	-233	35	847	48	-233	35	847	48	-233	35	847	48	-233	35	847	48	-233	35	847	48	-233	35	847	48	-233	35	847	48	-233	35	847	48	-233	35	847	48	-233	35	847	48	-233	35	847	48	-233	35	847	48	-233	35	847	48	-233	35	847	48	-233	35	847	48	-233	35	847	48	-233	35	847	48	-233	35	847	48	-233	35	847	48	-233	35	847
49	-13	13	860	49	-13	13	860	49	-13	13	860	49	-13	13	860	49	-13	13	860	49	-13	13	860	49	-13	13	860	49	-13	13	860	49	-13	13	860	49	-13	13	860	49	-13	13	860	49	-13	13	860	49	-13	13	860	49	-13	13	860	49	-13	13	860	49	-13	13	860	49	-13	13	860	49	-13	13	860	49	-13	13	860	49	-13	13	860
50	-15	15	875	50	-15	15	875	50	-15	15	875	50	-15	15	875	50	-15	15	875	50	-15	15	875	50	-15	15	875	50	-15	15	875	50	-15	15	875	50	-15	15	875	50	-15	15	875	50	-15	15	875	50	-15	15	875	50	-15	15	875	50	-15	15	875	50	-15	15	875	50	-15	15	875	50	-15	15	875	50	-15	15	875	50	-15	15	875
51	-113	14	889	51	-113	14	889	51	-113	14	889	51	-113	14	889	51	-113	14	889	51	-113	14	889	51	-113	14	889	51	-113	14	889	51	-113	14	889	51	-113	14	889	51	-113	14	889	51	-113	14	889	51	-113	14	889	51	-113	14	889	51	-113	14	889	51	-113	14	889	51	-113	14	889	51	-113	14	889	51	-113	14	889	51	-113	14	889
52	-13	13	902	52	-13	13	902	52	-13	13	902	52	-13	13	902	52	-13	13	902	52	-13	13	902	52	-13	13	902	52	-13	13	902	52	-13	13	902	52	-13	13	902	52	-13	13	902	52	-13	13	902	52	-13	13	902	52	-13	13	902	52	-13	13	902	52	-13	13	902	52	-13	13	902	52	-13	13	902	52	-13	13	902	52	-13	13	902
53	-13	13	915	53	-13	13	915	53	-13	13	915	53	-13	13	915	53	-13	13	915	53	-13	13	915	53	-13	13	915	53	-13	13	915	53	-13	13	915	53	-13	13	915	53	-13	13	915	53	-13	13	915	53	-13	13	915	53	-13	13	915	53	-13	13	915	53	-13	13	915	53	-13	13	915	53	-13	13	915	53	-13	13	915	53	-13	13	915
54	-121	22	937	54	-121	22	937	54	-121	22	937	54	-121	22	937	54	-121	22	937	54	-121	22	937	54	-121	22	937	54	-121	22	937	54	-121	22	937	54	-121	22	937	54	-121	22	937	54	-121	22	937	54	-121	22	937	54	-121	22	937	54	-121	22	937	54	-121	22	937	54	-121	22	937	54	-121	22	937	54	-121	22	937	54	-121	22	937
55	-13	13	950	55	-13	13	950	55	-13	13	950	55	-13	13	950	55	-13	13	950	55	-13	13	950	55	-13	13	950	55	-13	13	950	55	-13	13	950	55	-13	13	950	55	-13	13	950	55	-13	13	950	55	-13	13	950	55	-13	13	950	55	-13	13	950	55	-13	13	950	55	-13	13	950	55	-13	13	950	55	-13	13	950	55	-13	13	950
56	-13	13	963	56	-13	13	963	56	-13	13	963	56	-13	13	963	56	-13	13	963	56	-13	13	963	56	-13	13	963	56	-13	13	963	56	-13	13	963	56	-13	13	963	56	-13	13	963	56	-13	13	963	56	-13	13	963	56	-13	13	963	56	-13	13	963	56	-13	13	963	56	-13	13	963	56	-13	13	963	56	-13	13	963	56	-13	13	963
57	-15	15	978	57	-15	15	978	57	-15	15	978	57	-15	15	978	57	-15	15	978	57	-15	15	978	57	-15	15	978	57	-15	15	978	57	-15	15	978	57	-15	15	978	57	-15	15	978	57	-15	15	978	57	-15	15	978	57	-15	15	978	57	-15	15	978	57	-15	15	978	57	-15	15	978	57	-15	15	978	57	-15	15	978	57	-15	15	978
58	-15	15	993	58	-15	15	993	58	-15	15	993	58	-15	15	993	58	-15	15	993	58	-15	15	993	58	-15	15	993	58	-15	15	993	58	-15	15	993	58	-15	15	993	58	-15	15	993	58	-15	15	993	58	-15	15	993	58	-15	15	993	58	-15	15	993	58	-15	15	993	58	-15	15	993	58	-15	15	993	58	-15	15	993	58	-15	15	993
59	-14	14	1007	59	-14	14	1007	59	-14	14	1007	59	-14	14	1007	59	-14	14	1007	59	-14	14	1007	59	-14	14	1007	59	-14	14	1007	59	-14	14	1007	59	-14	14	1007	59	-14	14	1007	59	-14	14	1007	59	-14	14	1007	59	-14	14	1007	59	-14	14	1007	59	-14	14	1007	59	-14	14	1007	59	-14	14	1007	59	-14	14	1007	59	-14	14	1007
60	-234	36	1043	60	-234	36	1043	60	-234	36	1043	60	-234	36	1043	60	-234	36	1043	60	-234	36	1043	60	-234	36	1043	60	-234	36	1043	60	-234	36	1043	60	-234	36	1043	60	-234	36	1043	60	-234	36	1043	60	-234	36	1043	60	-234	36	1043	60	-234	36	1043	60	-234	36	1043	60	-234	36	1043	60	-234	36	1043	60	-234	36	1043	60	-234	36	1043
61	-17	17	1060	61	-17	17	1060	61	-17	17	1060	61	-17	17	1060	61	-17	17	1060	61	-17	17	1060	61	-17	17	1060	61	-17	17	1060	61	-17	17	1060	61	-17	17	1060	61	-17	17	1060	61	-17	17	1060	61	-17	17	1060	61	-17	17	1060	61	-17	17	1060	61	-17	17	1060	61	-17	17	1060	61	-17	17	1060	61	-17	17	1060	61	-17	17	1060
62	-125	26	1086	62	-125	26	1086	62	-125	26	1086	62	-125	26	1086	62	-125	26	1086	62	-125	26	1086	62	-125	26	1086	62	-125	26	1086	62	-125	26	1086	62	-125	26	1086	62	-125	26	1086	62	-125	26	1086	62	-125	26	1086	62	-125	26	1086	62	-125	26	1086	62	-125	26	1086	62	-125	26	1086	62	-125	26	1086	62	-125	26	1086	62	-125	26	1086
63	-13	13	1099	63	-13	13	1099	63	-13	13	1099	63	-13	13	1099	63	-13	13	1099	63	-13	13	1099	63	-13	13	1099	63	-13	13	1099	63	-13	13	1099	63	-13	13	1099	63	-13	13	1099	63	-13	13	1099	63	-13	13	1099	63	-13	13	1099	63	-13	13	1099	63	-13	13	1099	63	-13	13	1099	63	-13	13	1099	63	-13	13	1099	63	-13	13	1099
64	-117	18	1117	64	-117	18	1117	64	-117	18	1117	64	-117	18	1117	64	-117	18	1117	64	-117	18	1117	64	-117	18	1117	64	-117	18	1117	64	-117	18	1117	64	-117	18	1117	64	-117	18	1117	64	-117	18	1117	64	-117	18	1117	64	-117	18	1117	64	-117	18	1117	64	-117	18	1117	64	-117	18	1117	64	-117	18	1117	64	-117	18	1117	64	-117	18	1117
65	-13	13	1130	65	-13	13	1130	65	-13	13	1130	65	-13	13	1130	65	-13	13	1130	65	-13	13	1130	65	-13	13	1130	65	-13	13	1130	65	-13	13	1130	65	-13	13	1130	65	-13	13	1130	65	-13	13	1130	65	-13	13	1130	65	-13	13	1130	65	-13	13	1130	65	-13	13	1130	65	-13	13	1130	65	-13	13	1130	65	-13	13	1130	65	-13	13	1130
66	-17	17	1147	66	-17	17	1147	66	-17	17	1147	66	-17	17	1147	66	-17	17	1147	66	-17	17	1147	66	-17	17	1147	66	-17	17	1147	66	-17	17	1147	66	-17	17	1147	66	-17	17	1147	66	-17	17	1147	66	-17	17	1147	66	-17	17	1147	66	-17	17	1147	66	-17	17	1147	66	-17	17	1147	66	-17	17	1147	66	-17	17	1147	66	-17	17	1147
67	-15	15	1162	67	-15	15	1162	67	-15	15	1162	67	-15	15	1162	67	-15	15	1162	67	-15	15	1162	67	-15	15	1162	67	-15	15	1162	67	-15	15	1162	67	-15	15	1162	67	-15	15	1162	67	-15	15	1162	67	-15	15	1162	67	-15	15	1162	67	-15	15	1162	67	-15	15	1162	67	-15	15	1162	67	-15	15	1162	67	-15	15	1162	67	-15	15	1162
68	-17	17	1179	68	-17	17	1179	68	-17	17	1179	68	-17	17	1179	68	-17	17	1179	68	-17	17	1179	68	-17	17	1179	68	-17	17	1179	68	-17	17	1179	68	-17	17	1179	68	-17	17	1179	68	-17	17	1179	68	-17	17	1179	68	-17	17	1179	68	-17	17	1179	68	-17	17	1179	68	-17	17	1179	68	-17	17	1179	68	-17	17	1179	68	-17	17	1179
69	-15	15	1194	69	-15	15	1194	69	-15	15	1194	69	-15	15	1194	69	-15	15	1194	69	-15	15	1194	69	-15	15	1194	69	-15	15	1194	69	-15	15	1194	69	-15	15	1194	69	-15	15	1194	69	-15	15	1194	69	-15	15	1194	69	-15	15	1194	69	-15	15	1194	69	-15	15	1194	69	-15	15	1194	69	-15	15	1194	69	-15	15	1194	69	-15	15	1194
70	-124	25	1219	70	-124	25	1219	70	-124	25	1219	70	-124	25	1219	70	-124	25	1219	70	-124	25	1219	70	-124	25	1219	70	-124	25	1219	70	-124	25	1219	70	-124	25	1219	70	-124	25	1219	70	-124	25	1219	70	-124	25	1219	70	-124	25	1219	70	-124	25	1219	70	-124	25	1219	70	-124	25	1219	70	-124	25	1219	70	-124	25	1219	70	-124	25	1219
71	-19	19	1238	71	-19	19	1238	71	-19	19	1238	71	-19	19	1238	71	-19	19	1238	71	-19	19	1238	71	-19	19	1238	71	-19	19	1238	71	-19	19	1238	71	-19	19	1238	71	-19	19	1238	71	-19	19	1238	71	-19	19	1238	71	-19	19	1238	71	-19	19	1238	71	-19	19	1238	71	-19	19	1238	71	-19	19	1238	71	-19	19	1238	71	-19	19	1238
72	-117	18	1256	72	-117	18	1256	72	-117	18	1256	72	-117	18	1256	72	-117	18	1256	72	-117	18	1256	72	-117	18	1256	72	-117	18	1256	72	-117	18	1256	72	-117	18	1256	72	-117	18	1256	72	-117	18	1256	72	-117	18	1256	72	-117	18	1256	72	-117	18	1256	72	-117	18	1256	72	-117	18	1256	72	-117	18	1256	72	-117	18	1256	72	-117	18	1256
73	-13	13	1269	73	-13	13	1269	73	-13	13	1269	73	-13	13	1269	73	-13	13	1269	73	-13	13	1269	73	-13	13	1269	73	-13	13	1269	73	-13	13	1269	73	-13	13	1269	73	-13	13	1269	73	-13	13	1269	73	-13	13	1269	73	-13	13	1269	73	-13	13	1269	73	-13	13	1269	73	-13	13	1269	73	-13	13	1269	73	-13	13	1269	73	-13	13	1269
74	-13	13	1282	74	-13	13	1282	74	-13	13	1282	74	-13	13	1282	74	-13	13	1282	74	-13	13	1282	74	-13	13	1282	74	-13	13	1282	74	-13	13	1282	74	-13	13	1282	74	-13	13	1282	74	-13	13	1282	74	-13	13	1282	74	-13	13	1282	74	-13	13	1282	74	-13	13	1282	74	-13	13	1282	74	-13	13	1282	74	-13	13	1282	74	-13	13	1282
75	-124	25	1307	75	-124	25	1307	75	-124	25	1307	75	-124	25	1307	75	-124	25	1307	75	-124	25	1307	75	-124	25	1307	75	-124	25	1307	75	-124	25	1307	75	-124	25	1307	75	-124	25	1307	75	-124	25	1307	75	-124	25	1307	75	-124	25	1307	75	-124	25	1307	75	-124	25	1307	75	-124	25	1307	75	-124	25	1307	75	-124	25	1307	75	-124	25	1307
76	-13	13	1320	76	-13	13	1320	76	-13	13	1320	76	-13	13	1320	76	-13	13	1320	76	-13	13	1320	76	-13	13	1320	76	-13	13	1320	76	-13	13	1320	76	-13	13	1320	76	-13	13	1320	76	-13	13	1320	76	-13	13	1320	76	-13	13	1320	76	-13	13	1320	76	-13	13	1320	76	-13	13	1320	76	-13	13	1320	76	-13	13	1320	76	-13	13	1320
77	-15	15	1335	77	-15	15	1335	77	-15	15	1335	77	-15	15	1335	77	-15	15	1335	77	-15	15	1335	77	-15	15	1335	77	-15	15	1335	77	-15	15	1335	77	-15	15	1335	77	-15	15	1335	77	-15	15	1335	77	-15	15	1335	77	-15	15	1335	77	-15	15	1335	77	-15	15	1335	77	-15	15	1335	77	-15	15	1335	77	-15	15	1335	77	-15	15	1335
78	-15	15	1350	78	-15	15	1350	78	-15	15	1350	78	-15	15	1350	78	-15	15	1350	78	-15	15	1350	78	-15	15	1350	78	-15	15	1350	78	-15	15	1350	78	-15	15	1350	78	-15	15	1350	78	-15	15	1350	78	-15	15	1350	78	-15	15	1350	78	-15	15	1350	78	-15	15	1350	78	-15	15	1350	78	-15	15	1350	78	-15	15	1350	78	-15	15	1350
79	-13	13	1363	79	-13	13	1363	79	-13	13	1363	79	-13	13	1363	79	-13	13	1363	79	-13	13	1363	79	-13	13	1363	79	-13	13	1363	79	-13	13	1363	79	-13	13	1363	79	-13	13	1363	79	-13	13	1363	79	-13	13	1363	79	-13	13	1363	79	-13	13	1363	79	-13	13	1363	79	-13	13	1363	79	-13	13	1363	79	-13	13	1363	79	-13	13	1363
80	-15	15	1378	80	-15	15	1378	80	-15	15	1378	80	-15	15	1378	80	-15	15	1378	80	-15	15	1378	80	-15	15	1378	80	-15	15	1378	80	-15	15	1378	80	-15	15	1378	80	-15	15	1378	80	-15	15	1378	80	-15	15	1378	80	-15	15	1378	80	-15	15	1378	80	-15	15	1378	80	-15	15	1378	80	-15	15	1378	80	-15	15	1378	80	-15	15	1378
81	-13	13	1391	81	-13	13	1391	81	-13	13	1391	81	-13	13	1391	81	-13	13	1391	81	-13	13	1391	81	-13	13	1391	81	-13	13	1391	81	-13	13	1391	81	-13	13	1391	81	-13	13	1391	81	-13	13	1391	81	-13	13	1391	81	-13	13	1391	81	-13	13	1391	81	-13	13	1391	81	-13	13	1391	81	-13	13	1391	81	-13	13	1391	81	-13	13	1391
82	-13	13	1404	82	-13	13	1404	82	-13	13	1404	82	-13	13	1404	82	-13	13	1404	82	-13	13	1404	82	-13	13	1404	82	-13	13	1404	82	-13	13	1404	82	-13	13	1404	82	-13	13	1404	82	-13	13	1404	82	-13	13	1404	82	-13	13	1404	82	-13	13	1404	82	-13	13	1404	82	-13	13	1404	82	-13	13	1404	82	-13	13	1404	82	-13	13	1404
83	-118	19	1423	83	-118	19	1423	83	-118	19	1423	83	-118	19	1423	83	-118	19	1423	83	-118	19	1423	83	-118	19	1423	83	-118	19	1423	83	-118	19	1423	83	-118	19	1423	83	-118	19	1423	83	-118	19	1423	83	-118	19	1423	83	-118	19	1423	83	-118	19	1423	83	-118	19	1423	83	-118	19	1423	83	-118	19	1423	83	-118	19	1423	83	-118	19	1423
84	-13	13	1436	84	-13	13	1436	84	-13	13	1436	84	-13	13	1436	84	-13	13	1436	84	-13	13	1436	84	-13	13	1436	84	-13	13	1436	84	-13	13	1436	84	-13	13	1436	84	-13	13	1436	84	-13	13	1436	84	-13	13	1436	84	-13	13	1436	84	-13	13	1436	84	-13	13	1436	84	-13	13	1436	84	-13	13	1436	84	-13	13	1436	84	-13	13	1436
85	-13	13	1449	85	-13	13	1449	85	-13	13	1449	85	-13	13	1449	85	-13	13	1449	85	-13	13	1449	85	-13	13	1449	85	-13	13	1449	85	-13	13	1449	85	-13	13	1449	85	-13	13	1449	85	-13	13	1449	85	-13	13	1449	85	-13	13	1449	85	-13	13	1449	85	-13	13	1449	85	-13	13	1449	85	-13	13	1449	85	-13	13	1449	85	-13	13	1449
86	-125	26	1475	86	-125	26	1475	86	-125	26	1475	86	-125	26	1475	86	-125	26	1475	86	-125	26	1475	86	-125	26	1475	86	-125	26	1475	86	-125	26	1475	86	-125	26	1475	86	-125	26	1475	86	-125	26	1475	86	-125	26	1475	86	-125	26	1475	86	-125	26	1475	86	-125	26	1475	86	-125	26	1475	86	-125	26	1475	86	-125	26	1475	86	-125	26	1475
87	-13	13	1488	87	-13	13	1488	87	-13	13	1488	87	-13	13	1488	87	-13	13	1488	87	-13	13	1488	87	-13	13	1488	87	-13	13	1488	87	-13	13	1488	87	-13	13	1488	87	-13	13	1488	87	-13	13	1488	87	-13	13	1488	87	-13	13	1488	87	-13	13	1488	87	-13	13	1488	87	-13	13	1488	87	-13	13	1488	87	-13	13	1488	87	-13	13	1488
88	-13	13	1501	88	-13	13	1501	88	-13	13	1501	88	-13	13	1501	88	-13	13	1501	88	-13	13	1501	88	-13	13	1501	88	-13	13	1501	88	-13	13	1501	88	-13	13	1501	88	-13	13	1501	88	-13	13	1501	88	-13	13	1501	88	-13	13	1501	88	-13	13	1501	88	-13	13	1501	88	-13	13	1501	88	-13	13	1501	88	-13	13	1501	88	-13	13	1501
89	-13	13	1514	89	-13	13	1514	89	-13	13	1514	89	-13	13	1514	89	-13	13	1514	89	-13	13	1514	89	-13	13	1514	89	-13	13	1514	89	-13	13	1514	89	-13	13	1514	89	-13	13	1514	89	-13	13	1514	89	-13	13	1514	89	-13	13	1514	89	-13	13	1514	89	-13	13	1514	89	-13	13	1514	89	-13	13	1514	89	-13	13	1514	89	-13	13	1514
90	-15	15	1529	90	-15	15	1529	90	-15	15	1529	90	-15	15	1529	90	-15	15	1529	90	-15	15	1529	90	-15	15	1529	90	-15	15	1529	90	-15	15	1529	90	-15	15	1529	90	-15	15	1529	90	-15	15	1529	90	-15	15	1529	90	-15	15	1529	90	-15	15	1529	90	-15	15	1529	90	-15	15	1529	90	-15	15	1529	90	-15	15	1529	90	-15	15	1529
91	-13	13	1542	91	-13	13	1542	91	-13	13	1542	91	-13	13	1542	91	-13	13	1542	91	-13	13	1542	91	-13	13	1542	91	-13	13	1542	91	-13	13	1542	91	-13	13	1542	91	-13	13	1542	91	-13	13	1542	91	-13	13	1542	91	-13	13	1542	91	-13	13	1542	91	-13	13	1542	91	-13	13	1542	91	-13	13	1542	91	-13	13	1542	91	-13	13	1542
92	-222	24	1566	92	-222	24	1566	92	-222	24	1566	92	-222	24	1566	92	-222	24	1566	92	-222	24	1566	92	-222	24	1566	92	-222	24	1566	92	-222	24	1566	92	-222	24	1566	92	-222	24	1566	92	-222	24	1566	92	-222	24	1566	92	-222	24	1566	92	-222	24	1566	92	-222	24	1566	92	-222	24	1566	92	-222	24	1566	92	-222	24	1566	92	-222	24	1566
93	-223	25	1591	93	-223	25	1591	93	-223	25	1591	93	-223	25	1591	93	-223	25	1591	93	-223	25	1591	93	-223	25	1591	93	-223	25	1591	93	-223	25	1591	93	-223	25	1591	93	-223	25	1591	93	-223	25	1591	93	-223	25	1591	93	-223	25	1591	93	-223	25	1591	93	-223	25	1591	93	-223	25	1591	93	-223	25	1591	93	-223	25	1591	93	-223	25	1591
94	-122	23	1614	94	-122	23	1614	94	-122	23	1614	94	-122	23	1614	94	-122	23	1614	94	-122	23	1614	94	-122	23	1614	94	-122	23	1614	94	-122	23	1614	94	-122	23	1614	94	-122	23	1614	94	-122	23	1614	94	-122	23	1614	94	-122	23	1614	94	-122	23	1614	94	-122	23	1614	94	-122	23	1614	94	-122	23	1614	94	-122	23	1614	94	-122	23	1614
95	-13	13	1627	95	-13	13	1627	95	-13	13	1627	95	-13	13	1627	95	-13	13	1627	95	-13	13	1627	95	-13	13	1627	95	-13	13	1627	95	-13	13	1627	95	-13	13	1627	95	-13	13	1627	95	-13	13	1627	95	-13	13	1627	95	-13	13	1627	95	-13	13	1627	95	-13	13	1627	95	-13	13	1627	95	-13	13	1627	95	-13	13	1627	95	-13	13	1627
96	-13	13	1640	96	-13	13	1640	96	-13	13	1640	96	-13	13	1640	96	-13	13	1640	96	-13	13	1640	96	-13	13	1640	96	-13	13	1640	96	-13	13	1640	96	-13	13	1640	96	-13	13	1640	96	-13	13	1640	96	-13	13	1640	96	-13	13	1640	96	-13	13	1640	96	-13	13	1640	96	-13	13	1640	96	-13	13	1640	96	-13	13	1640	96	-13	13	1640
97	-119	20	1660	97	-119	20	1660	97	-119	20	1660	97	-119	20	1660	97	-119	20	1660	97	-119	20	1660	97	-119	20	1660	97	-119	20	1660	97	-119	20	1660	97	-119	20	1660	97	-119	20	1660	97	-119	20	1660	97	-119	20	1660	97	-119	20	1660	97	-119	20	1660	97	-119	20	1660	97	-119	20	1660	97	-119	20	1660	97	-119	20	1660	97	-119	20	1660
98	-117	18	1678	98	-117	18	1678	98	-117	18	1678	98	-117	18	1678	98	-117	18	1678	98	-117	18	1678	98	-117	18	1678	98	-117	18	1678	98	-117	18	1678	98	-117	18	1678	98	-117	18	1678	98	-117	18	1678	98	-117	18	1678	98	-117	18	1678	98	-117	18	1678	98	-117	18	1678	98	-117	18	1678	98	-117	18	1678	98	-117	18	1678	98	-117	18	1678
99	-119	20	1698	99	-119	20	1698	99	-119	20	1698	99	-119	20	1698	99	-119	20	1698	99	-119	20	1698	99	-119	20	1698	99	-119	20	1698	99	-119	20	1698	99	-119	20	1698	99	-119	20	1698	99	-119	20	1698	99	-119	20	1698	99	-119	20	1698	99	-119	20	1698	99	-119	20	1698	99	-119	20	1698	99	-119	20	1698	99	-119	20	1698	99	-119	20	1698
100	-15	15	1713	100	-15	15	1713	100	-15	15	1713	100	-15	15	1713	100	-15	15	1713	100	-15	15	1713	100	-15	15	1713	100	-15	15	1713	100	-15	15	1713	100	-15	15	1713	100	-15	15	1713	100	-15	15	1713	100	-15	15	1713	100	-15	15	1713	100	-15	15	1713	100	-15	15	1713	100	-15	15	1713	100	-15	15	1713	100	-15	15	1713	100	-15	15	1713
101	-17	17	1730	101	-17	17	1730	101	-17	17	1730	101	-17	17	1730	101	-17	17	1730	101	-17	17	1730	101	-17	17	1730	101	-17	17	1730	101	-17	17	1730	101	-17	17	1730	101	-17	17	1730	101	-17	17	1730	101	-17	17	1730	101	-17	17	1730	101	-17	17	1730	101	-17	17	1730	101	-17	17	1730	101	-17	17	1730	101	-17	17	1730	101	-17	17	1730
102	-14	14	1744	102	-14	14	1744	102	-14	14	1744	102	-14	14	1744	102	-14	14	1744	102	-14	14	1744	102	-14	14	1744	102	-14	14	1744	102	-14	14	1744	102	-14	14	1744	102	-14	14	1744	102	-14	14	1744	102	-14	14	1744	102	-14	14	1744	102	-14	14	1744	102	-14	14	1744	102	-14	14	1744	102	-14	14	1744	102	-14	14	1744	102	-14	14	1744
103	-15	15	1759	103	-15	15	1759	103	-15	15	1759	103	-15	15	1759	103	-15	15	1759	103	-15	15	1759	103	-15	15	1759	103	-15	15	1759	103	-15	15	1759	103	-15	15	1759	103	-15	15	1759	103	-15	15	1759	103	-15	15	1759	103	-15	15	1759	103	-15	15	1759	103	-15	15	1759	103	-15	15	1759	103	-15	15	1759	103	-15	15	1759	103	-15	15	1759
104	-21	21	1780	104	-21	21	1780	104	-21	21	1780	104	-21	21	1780	104	-21	21	1780	104	-21	21	1780	104	-21	21	1780	104	-21	21	1780	104	-21	21	1780	104	-21	21	1780	104	-21	21	1780	104	-21	21	1780	104	-21	21	1780	104	-21	21	1780	104	-21	21	1780	104	-21	21	1780	104	-21	21	1780	104	-21	21	1780	104	-21	21	1780	104	-21	21	1780
105	-123	24	1804	105	-123	24	1804	105	-123	24	1804	105	-123	24	1804	105	-123	24	1804	105	-123	24	1804	105	-123	24	1804	105	-123	24	1804	105	-123	24	1804	105	-123	24	1804	105	-123	24	1804	105	-123	24	1804	105	-123	24	1804	105	-123	24	1804	105	-123	24	1804	105	-123	24	1804	105	-123	24	1804	105	-123	24	1804	105	-123	24	1804	105	-123	24	1804
106	-13	13	1817	106	-13	13	1817	106	-13	13	1817	106	-13	13	1817	106	-13	13	1817	106	-13	13	1817	106	-13	13	1817	106	-13	13	1817	106	-13	13	1817	106	-13	13	1817	106	-13	13	1817	106	-13	13	1817	106	-13	13	1817	106	-13	13	1817	106	-13	13	1817	106	-13	13	1817	106	-13	13	1817	106	-13	13	1817	106	-13	13	1817	106	-13	13	1817
107	-14	14	1831	107	-14	14	1831	107	-14	14	1831	107	-14	14	1831	107	-14	14	1831	107	-14	14	1831	107	-14	14	1831	107	-14	14	1831	107	-14	14	1831	107	-14	14	1831	107	-14	14	1831	107	-14	14	1831	107	-14	14	1831	107	-14	14	1831	107	-14	14	1831	107	-14	14	1831	107	-14	14	1831	107	-14	14	1831	107	-14	14	1831	107	-14	14	1831
108	-15	15	1846	108	-15	15	1846	108	-15	15	1846	108	-15	15	1846	108	-15	15	1846	108	-15	15	1846	108	-15	15	1846	108	-15	15	1846	108	-15	15	1846	108	-15	15	1846	108	-15	15	1846	108	-15	15	1846	108	-15	15	1846	108	-15	15	1846	108	-15	15	1846	108	-15	15	1846	108	-15	15	1846	108	-15	15	1846	108	-15	15	1846	108	-15	15	1846
109	-16	16	1862	109	-16	16	1862	109	-16	16	1862	109	-16	16	1862	109	-16	16	1862	109	-16	16	1862	109	-16	16	1862	109	-16	16	1862	109	-16	16	1862	109	-16	16	1862	109	-16	16	1862	109	-16	16	1862	109	-16	16	1862	109	-16	16	1862	109	-16	16	1862	109	-16	16	1862	109	-16	16	1862	109	-16	16	1862	109	-16	16	1862	109	-16	16	1862
110	-14	14	1876	110	-14	14	1876	110	-14	14	1876	110	-14	14	1876	110	-14	14	1876	110	-14	14	1876	110	-14	14	1876	110	-14	14	1876	110	-14	14	1876	110	-14	14	1876	110	-14	14	1876	110	-14	14	1876	110	-14	14	1876	110	-14	14	1876	110	-14	14	1876	110	-14	14	1876	110	-14	14	1876	110	-14	14	1876	110	-14	14	1876	110	-14	14	1876
111	-121	22	1898	111	-121	22	1898	111	-121	22	1898	111	-121	22	1898	111	-121	22	1898	111	-121	22	1898	111	-121	22	1898	111	-121	22	1898	111	-121	22	1898	111	-121	22	1898	111	-121	22	1898	111	-121	22	1898	111	-121	22	1898	111	-121	22	1898	111	-121	22	1898	111	-121	22	1898	111	-121	22	1898	111	-121	22	1898	111	-121	22	1898	111	-121	22	1898
112	-15	15	1913	112	-15	15	1913	112	-15	15	1913	112	-15	15	1913	112	-15	15	1913	112	-15	15	1913	112	-15	15	1913	112	-15	15	1913	112	-15	15	1913	112	-15	15	1913	112	-15	15	1913	112	-15	15	1913	112	-15	15	1913	112	-15	15	1913	112	-15	15	1913	112	-15	15	1913	112	-15	15	1913	112	-15	15	1913	112	-15	15	1913	112	-15	15	1913
113	-13	13	1926	113	-13	13	1926	113	-13	13	1926	113	-13	13	1926	113	-13	13	1926	113	-13	13	1926	113	-13	13	1926	113	-13	13	1926	113	-13	13	1926	113	-13	13	1926	113	-13	13	1926	113	-13	13	1926	113	-13	13	1926	113	-13	13	1926	113	-13	13	1926	113	-13	13	1926	113	-13	13	1926	113	-13	13	1926	113	-13	13	1926	113	-13	13	1926
114	-13	13	1939	114	-13	13	1939	114	-13	13	1939	114	-13	13	1939	114	-13	13	1939	114	-13	13	1939	114	-13	13	1939	114	-13	13	1939	114	-13	13	1939	114	-13	13	1939	114	-13	13	1939	114	-13	13	1939	114	-13	13	1939	114	-13	13	1939	114	-13	13	1939	114	-13	13	1939	114	-13	13	1939	114	-13	13	1939	114	-13	13	1939	114	-13	13	1939
115	-13	13	1952	115	-13	13	1952	115	-13	13	1952	115	-13	13	1952	115	-13	13	1952	115	-13	13	1952	115	-13	13	1952	115	-13	13	1952	115	-13	13	1952	115	-13	13	1952	115	-13	13	1952	115	-13	13	1952	115	-13	13	1952	115	-13	13	1952	115	-13	13	1952	115	-13	13	1952	115	-13	13	1952	115	-13	13	1952	115	-13	13	1952	115	-13	13	1952
116	-15	15	1967	116	-15	15	1967	116	-15	15	1967	116	-15	15	1967	116	-15	15	1967	116	-15	15	1967	116	-15	15	1967	116	-15	15	1967	116	-15	15	1967	116	-15	15	1967	116	-15	15	1967	116	-15	15	1967	116	-15	15	1967	116	-15	15	1967	116	-15	15	1967	116	-15	15	1967	116	-15	15	1967	116	-15	15	1967	116	-15	15	1967	116	-15	15	1967
117	-15	15	1982	117	-15	15	1982	117	-15	15	1982	117	-15	15	1982	117	-15	15	1982	117	-15	15	1982	117	-15	15	1982	117	-15	15	1982	117	-15	15	1982	117	-15	15	1982	117	-15	15	1982	117	-15	15	1982	117	-15	15	1982	117	-15	15	1982	117	-15	15	1982	117	-15	15	1982	117	-15	15	1982	117	-15	15	1982	117	-15	15	1982	117	-15	15	1982
118	-19	19	2001	118	-19	19	2001	118	-19	19	2001	118	-19	19	2001	118	-19	19	2001	118	-19	19	2001	118	-19	19	2001	118	-19	19	2001	118	-19	19	2001	118	-19	19	2001	118	-19	19	2001	118	-19	19	2001	118	-19	19	2001	118	-19	19	2001	118	-19	19	2001	118	-19	19	2001	118	-19	19	2001	118	-19	19	2001	118	-19	19	2001	118	-19	19	2001
119	-127	28	2029	119	-127	28	2029	119	-127	28	2029	119	-127	28	2029	119	-127	28	2029	119	-127	28	2029	119	-127	28	2029	119	-127	28	2029	119	-127	28	2029	119	-127	28	2029	119	-127	28	2029	119	-127	28	2029	119	-127	28	2029	119	-127	28	2029	119	-127	28	2029	119	-127	28	2029	119	-127	28	2029	119	-127	28	2029	119	-127	28	2029	119	-127	28	2029
120	-235	37	2066	120	-235	37	2066	120	-235	37	2066	120	-235	37	2066	120	-235	37	2066	120	-235	37	2066	120	-235	37	2066	120	-235	37	2066	120	-235	37	2066	120	-235	37	2066	120	-235	37	2066	120	-235	37	2066	120	-235	37	2066	120	-235	37	2066	120	-235	37	2066	120	-235	37	2066	120	-235	37	2066	120	-235	37	2066	120	-235	37	2066	120	-235	37	2066
121	-13	13	2079	121	-13	13	2079	121	-13	13	2079	121	-13	13	2079	121	-13	13	2079	121	-13	13	2079	121	-13	13	2079	121	-13	13	2079	121	-13	13	2079	121	-13	13	2079	121	-13	13	2079	121	-13	13	2079	121	-13	13	2079	121	-13	13	2079	121	-13	13	2079	121	-13	13	2079	121	-13	13	2079	121	-13	13	2079	121	-13	13	2079	121	-13	13	2079
122	-13	13	2092	122	-13	13	2092	122	-13	13	2092	122	-13	13	2092	122	-13	13	2092	122	-13	13	2092	122	-13	13	2092	122	-13	13	2092	122	-13	13	2092	122	-13	13	2092	122	-13	13	2092	122	-13	13	2092	122	-13	13	2092	122	-13	13	2092	122	-13	13	2092	122	-13	13	2092	122	-13	13	2092	122	-13	13	2092	122	-13	13	2092	122	-13	13	2092
123	-122	23	2115	123	-122	23	2115	123	-122	23	2115	123	-122	23	2115	123	-122	23	2115	123	-122	23	2115	123	-122	23	2115	123	-122	23	2115	123	-122	23	2115	123	-122	23	2115	123	-122	23	2115	123	-122	23	2115	123	-122	23	2115	123	-122	23	2115	123	-122	23	2115	123	-122	23	2115	123	-122	23	2115	123	-122	23	2115	123	-122	23	2115	123	-122	23	2115
124	-221	23	2138	124	-221	23	2138	124	-221	23	2138	124	-221	23	2138	124	-221	23	2138	124	-221	23	2138	124	-221	23	2138	124	-221	23	2138	124	-221	23	2138	124	-221	23	2138	124	-221	23	2138	124	-221	23	2138	124	-221	23	2138	124	-221	23	2138	124	-221	23	2138	124	-221	23	2138	124	-221	23	2138	124	-221	23	2138	124	-221	23	2138	124	-221	23	2138
125	-13	13	2151	125	-13	13	2151	125	-13	13	2151	125	-13	13	2151	125	-13	13	2151	125	-13	13	2151	125	-13	13	2151	125	-13	13	2151	125	-13	13	2151	125	-13	13	2151	125	-13	13	2151	125	-13	13	2151	125	-13	13	2151	125	-13	13	2151	125	-13	13	2151	125	-13	13	2151	125	-13	13	2151	125	-13	13	2151	125	-13	13	2151	125	-13	13	2151
126	-13	13	2164	126	-13	13	2164	126	-13	13	2164	126	-13	13	2164	126	-13	13	2164	126	-13	13	2164	126	-13	13	2164	126	-13	13	2164	126	-13	13	2164	126	-13	13	2164	126	-13	13	2164	126	-13	13	2164	126	-13	13	2164	126	-13	13	2164	126	-13	13	2164	126	-13	13	2164	126	-13	13	2164	126	-13	13	2164	126	-13	13	2164	126	-13	13	2164
127	-15	15	2179	127	-15	15	2179	127	-15	15	2179	127	-15	15	2179	127	-15	15	2179	127	-15	15	2179	127	-15	15	2179	127	-15	15	2179	127	-15	15	2179	127	-15	15	2179	127	-15	15	2179	127	-15	15	2179	127	-15	15	2179	127	-15	15	2179	127	-15	15	2179	127	-15	15	2179	127	-15	15	2179	127	-15	15	2179	127	-15	15	2179	127	-15	15	2179
128	-226	28	2207	128	-226	28	2207	128	-226	28	2207	128	-226	28	2207	128	-226	28	2207	128	-226	28	2207	128	-226	28	2207	128	-226	28	2207	128	-226	28	2207	128	-226	28	2207	128	-226	28	2207	128	-226	28	2207	128	-226	28	2207	128	-226	28	2207	128	-226	28	2207	128	-226	28	2207	128	-226	28	2207	128	-226	28	2207	128	-226	28	2207	128	-226	28	2207
129	-219	21	2228	129	-219	21	2228	129	-219	21	2228	129	-219	21	2228	129	-219	21	2228	129	-219	21	2228	129	-219	21	2228	129	-219	21	2228	129	-219	21	2228	129	-219	21	2228	129	-219	21	2228	129	-219	21	2228	129	-219	21	2228	129	-219	21	2228	129	-219	21	2228	129	-219	21	2228	129	-219	21	2228	129	-219	21	2228	129	-219	21	2228	129	-219	21	2228
130	-13	13	2241	130	-13	13	2241	130	-13	13	2241	130	-13	13	2241	130	-13	13	2241	130	-13	13	2241	130	-13	13	2241	130	-13	13	2241	130	-13	13	2241	130	-13	13	2241	130	-13	13	2241	130	-13	13	2241	130	-13	13	2241	130	-13	13	2241	130	-13	13	2241	130	-13	13	2241	130	-13	13	2241	130	-13	13	2241	130	-13	13	2241	130	-13	13	2241
131	-122	23	2264	131	-122	23	2264	131	-122	23	2264	131	-122	23	2264	131	-122	23	2264	131	-122	23	2264	131	-122	23	2264	131	-122	23	2264	131	-122	23	2264	131	-122	23	2264	131	-122	23	2264	131	-122	23	2264	131	-122	23	2264	131	-122	23	2264	131	-122	23	2264	131	-122	23	2264	131	-122	23	2264	131	-122	23	2264	131	-122	23	2264	131	-122	23	2264
132	-13	13	2277	132	-13	13	2277	132	-13	13	2277	132	-13	13	2277	132	-13	13	2277	132	-13	13	2277	132	-13	13	2277	132	-13	13	2277	132	-13	13	2277	132	-13	13	2277	132	-13	13	2277	132	-13	13	2277	132	-13	13	2277	132	-13	13	2277	132	-13	13	2277	132	-13	13	2277	132	-13	13	2277	132	-13	13	2277	132	-13	13	2277	132	-13	13	2277
133	-226	28	2305	133	-226	28	2305	133	-226	28	2305	133	-226	28	2305	133	-226	28	2305	133	-226	28	2305	133	-226	28	2305	133	-226	28	2305	133	-226	28	2305	133	-226	28	2305	133	-226	28	2305	133	-226	28	2305	133	-226	28	2305	133	-226	28	2305	133	-226	28	2305	133	-226	28	2305	133	-226	28	2305	133	-226	28	2305	133	-226	28	2305	133	-226	28	2305
134	-13	13	2318	134	-13	13	2318	134	-13	13	2318	134	-13	13	2318	134	-13	13	2318	134	-13	13	2318	134	-13	13	2318	134	-13	13	2318	134	-13	13	2318	134	-13	13	2318	134	-13	13	2318	134	-13	13	2318	134	-13	13	2318	134	-13	13	2318	134	-13	13	2318	134	-13	13	2318	134	-13	13	2318	134	-13	13	2318	134	-13	13	2318	134	-13	13	2318
135	-17	17	2335	135	-17	17	2335	135	-17	17	2335	135	-17	17	2335	135	-17	17	2335	135	-17	17	2335	135	-17	17	2335	135	-17	17	2335	135	-17	17	2335	135	-17	17	2335	135	-17	17	2335	135	-17	17	2335	135	-17	17	2335	135	-17	17	2335	135	-17	17	2335	135	-17	17	2335	135	-17	17	2335	135	-17	17	2335	135	-17	17	2335	135	-17	17	2335
136	-13	13	2348	136	-13	13	2348	136	-13	13	2348	136	-13	13	2348	136	-13	13	2348	136	-13	13	2348	136	-13	13	2348	136	-13	13	2348	136	-13	13	2348	136	-13	13	2348	136	-13	13	2348	136	-13	13	2348	136	-13	13	2348	136	-13	13	2348	136	-13	13	2348	136	-13	13	2348	136	-13	13	2348	136	-13	13	2348	136	-13	13	2348	136	-13	13	2348
137	-13	13	2361	137	-13	13	2361	137	-13	13	2361	137	-13	13	2361	137	-13	13	2361	137	-13	13	2361	137	-13	13	2361	137	-13	13	2361	137	-13	13	2361	137	-13	13	2361	137	-13	13	2361	137	-13	13	2361	137	-13	13	2361	137	-13	13	2361	137	-13	13	2361	137	-13	13	2361	137	-13	13	2361	137	-13	13	2361	137	-13	13	2361	137	-13	13	2361
138	-13	13	2374	138	-13	13	2374	138	-13	13	2374	138	-13	13	2374	138	-13	13	2374	138	-13	13	2374	138	-13	13	2374	138	-13	13	2374	138	-13	13	2374	138	-13	13	2374	138	-13	13	2374	138	-13	13	2374	138	-13	13	2374	138	-13	13	2374	138	-13	13	2374	138	-13	13	2374	138	-13	13	2374	138	-13	13	2374	138	-13	13	2374	138	-13	13	2374
139	-120	21	2395	139	-120	21	2395	139	-120	21	2395	139	-120	21	2395	139	-120	21	2395	139	-120	21	2395	139	-120	21	2395	139	-120	21	2395	139	-120	21	2395	139	-120	21	2395	139	-120	21	2395	139	-120	21	2395	139	-120	21	2395	139	-120	21	2395	139	-120	21	2395	139	-120	21	2395	139	-120	21	2395	139	-120	21	2395	139	-120	21	2395	139	-120	21	2395
140	-15	15	2410	140	-15	15	2410	140	-15	15	2410	140	-15	15	2410	140	-15	15	2410	140	-15	15	2410	140	-15	15	2410	140	-15	15	2410	140	-15	15	2410	140	-15	15	2410	140	-15	15	2410	140	-15	15	2410	140	-15	15	2410	140	-15	15	2410	140	-15	15	2410	140	-15	15	2410	140	-15	15	2410	140	-15	15	2410	140	-15	15	2410	140	-15	15	2410
141	-13	13	2423	141	-13	13	2423	141	-13	13	2423	141	-13	13	2423	141	-13	13	2423	141	-13	13	2423	141	-13	13	2423	141	-13	13	2423	141	-13	13	2423	141	-13	13	2423	141	-13	13	2423	141	-13	13	2423	141	-13	13	2423	141	-13	13	2423	141	-13	13	2423	141	-13	13	2423	141	-13	13	2423	141	-13	13	2423	141	-13	13	2423	141	-13	13	2423
142	-13	13	2436	142	-13	13	2436	142	-13	13	2436	142	-13	13	2436	142	-13	13	2436	142	-13	13	2436	142	-13	13	2436	142	-13	13	2436	142	-13	13	2436	142	-13	13	2436	142	-13	13	2436	142	-13	13	2436	142	-13	13	2436	142	-13	13	2436	142	-13	13	2436	142	-13	13	2436	142	-13	13	2436	142	-13	13	2436	142	-13	13	2436	142	-13	13	2436
143	-15	15	2451	143	-15	15	2451	143	-15	15	2451	143	-15	15	2451	143	-15	15	2451	143	-15	15	2451	143	-15	15	2451	143	-15	15	2451	143	-15	15	2451	143	-15	15	2451	143	-15	15	2451	143	-15	15	2451	143	-15	15	2451	143	-15	15	2451	143	-15	15	2451	143	-15	15	2451	143	-15	15	2451	143	-15	15	2451	143	-15	15	2451	143	-15	15	2451
144	-14	14	2465	144	-14	14	2465	144	-14	14	2465	144	-14	14	2465	144	-14	14	2465	144	-14	14	2465	144	-14	14	2465	144	-14	14	2465	144	-14	14	2465	144	-14	14	2465	144	-14	14	2465	144	-14	14	2465	144	-14	14	2465	144	-14	14	2465	144	-14	14	2465	144	-14	14	2465	144	-14	14	2465	144	-14	14	2465	144	-14	14	2465	144	-14	14	2465
145	-129	30	2495	145	-129	30	2495	145	-129	30	2495	145	-129	30	2495	145	-129	30	2495	145	-129	30	2495	145	-129	30	2495	145	-129	30	2495	145	-129	30	2495	145	-129	30	2495	145	-129	30	2495	145	-129	30	2495	145	-129	30	2495	145	-129	30	2495	145	-129	30	2495	145	-129	30	2495	145	-129	30	2495	145	-129	30	2495	145	-129	30	2495	145	-129	30	2495
146	-124	25	2520	146	-124	25	2520	146	-124	25	2520	146	-124	25	2520	146	-124	25	2520	146	-124	25	2520	146	-124	25	2520	146	-124	25	2520	146	-124	25	2520	146	-124	25	2520	146	-124	25	2520	146	-124	25	2520	146	-124	25	2520	146	-124	25	2520	146	-124	25	2520	146	-124	25	2520	146	-124	25	2520	146	-124	25	2520	146	-124	25	2520	146	-124	25	2520
147	-15	15	2535	147	-15	15	2535	147	-15	15	2535	147	-15	15	2535	147	-15	15	2535	147	-15	15	2535	147	-15	15	2535	147	-15	15	2535	147	-15	15	2535	147	-15	15	2535	147	-15	15	2535	147	-15	15	2535	147	-15	15	2535	147	-15	15	2535	147	-15	15	2535	147	-15	15	2535	147	-15	15	2535	147	-15	15	2535	147	-15	15	2535	147	-15	15	2535
148	-15	15	2550	148	-15	15	2550	148	-15	15	2550	148	-15	15	2550	148	-15	15	2550	148	-15	15	2550	148	-15	15	2550	148	-15	15	2550	148	-15	15	2550	148	-15	15	2550	148	-15	15	2550	148	-15	15	2550	148	-15	15	2550	148	-15	15	2550	148	-15	15	2550	148	-15	15	2550	148	-15	15	2550	148	-15	15	2550	148	-15	15	2550	148	-15	15	2550
149	-13	13	2563	149	-13	13	2563	149	-13	13	2563	149	-13	13	2563	149	-13	13	2563	149	-13	13	2563	149	-13	13	2563	149	-13	13	2563	149	-13	13	2563	149	-13	13	2563	149	-13	13	2563	149	-13	13	2563	149	-13	13	2563	149	-13	13	2563	149	-13	13	2563	149	-13	13	2563	149	-13	13	2563	149	-13	13	2563	149	-13	13	2563	149	-13	13	2563
150	-123	24	2587	150	-123	24	2587	150	-123	24	2587	150	-123	24	2587	150	-123	24	2587	150	-123	24	2587	150	-123	24	2587	150	-123	24	2587	150	-123	24	2587	150	-123	24	2587	150	-123	24	2587	150	-123	24	2587	150	-123	24	2587	150	-123	24	2587	150	-123	24	2587	150	-123	24	2587	150	-123	24	2587	150	-123	24	2587	150	-123	24	2587	150	-123	24	2587
151	-13	13	2600	151	-13	13	2600	151	-13	13	2600	151	-13	13	2600	151	-13	13	2600	151	-13	13	2600	151	-13	13	2600	151	-13	13	2600	151	-13	13	2600	151	-13	13	2600	151	-13	13	2600	151	-13	13	2600	151	-13	13	2600	151	-13	13	2600	151	-13	13	2600	151	-13	13	2600	151	-13	13	2600	151	-13	13	2600	151	-13	13	2600	151	-13	13	2600
152	-13	13	2613	152	-13	13	2613	152	-13	13	2613	152	-13	13	2613	152	-13	13	2613	152	-13	13	2613	152	-13	13	2613	152	-13	13	2613	152	-13	13	2613	152	-13	13	2613	152	-13	13	2613	152	-13	13	2613	152	-13	13	2613	152	-13	13	2613	152	-13	13	2613	152	-13	13	2613	152	-13	13	2613	152	-13	13	2613	152	-13	13	2613	152	-13	13	2613
153	-15	15	2628	153	-15	15	2628	153	-15	15	2628	153	-15	15	2628	153	-15	15	2628	153	-15	15	2628	153	-15	15	2628	153	-15	15	2628	153	-15	15	2628	153	-15	15	2628	153	-15	15	2628	153	-15	15	2628	153	-15	15	2628	153	-15	15	2628	153	-15	15	2628	153	-15	15	2628	153	-15	15	2628	153	-15	15	2628	153	-15	15	2628	153	-15	15	2628
154	-15	15	2643	154	-15	15	2643	154	-15	15	2643	154	-15	15	2643	154	-15	15	2643	154	-15	15	2643	154	-15	15	2643	154	-15	15	2643	154	-15	15	2643	154	-15	15	2643	154	-15	15	2643	154	-15	15	2643	154	-15	15	2643	154	-15	15	2643	154	-15	15	2643	154	-15	15	2643	154	-15	15	2643	154	-15	15	2643	154	-15	15	2643	154	-15	15	2643
155	-15	15	2658	155	-15	15	2658	155	-15	15	2658	155	-15	15	2658	155	-15	15	2658	155	-15	15	2658	155	-15	15	2658	155	-15	15	2658	155	-15	15	2658	155	-15	15	2658	155	-15	15	2658	155	-15	15	2658	155	-15	15	2658	155	-15	15	2658	155	-15	15	2658	155	-15	15	2658	155	-15	15	2658	155	-15	15	2658	155	-15	15	2658	155	-15	15	2658
156	-120	21	2679	156	-120	21	2679	156	-120	21	2679	156	-120	21	2679	156	-120	21	2679	156	-120	21	2679	156	-120	21	2679	156	-120	21	2679	156	-120	21	2679	156	-120	21	2679	156	-120	21	2679	156	-120	21	2679	156	-120	21	2679	156	-120	21	2679	156	-120	21	2679	156	-120	21	2679	156	-120	21	2679	156	-120	21	2679	156	-120	21	2679	156	-120	21	2679
157	-115	16	2695	157	-115	16	2695	157	-115	16	2695	157	-115	16	2695	157	-115	16	2695	157	-115	16	2695	157	-115	16	2695	157	-115	16	2695	157	-115	16	2695	157	-115	16	2695	157	-115	16	2695	157	-115	16	2695	157	-115	16	2695	157	-115	16	2695	157	-115	16	2695	157	-115	16	2695	157	-115	16	2695	157	-115	16	2695	157	-115	16	2695	157	-115	16	2695
158	-13	13	2708	158	-13	13	2708	158	-13	13	2708	158	-13	13	2708	158	-13	13	2708	158	-13	13	2708	158	-13	13	2708	158	-13	13	2708	158	-13	13	2708	158	-13	13	2708	158	-13	13	2708	158	-13	13	2708	158	-13	13	2708	158	-13	13	2708	158	-13	13	2708	158	-13	13	2708	158	-13	13	2708	158	-13	13	2708	158	-13	13	2708	158	-13	13	2708
159	-15	15	2723	159	-15	15	2723	159	-15	15	2723	159	-15	15	2723	159	-15	15	2723	159	-15	15	2723	159	-15	15	2723	159	-15	15	2723	159	-15	15	2723	159	-15	15	2723	159	-15	15	2723	159	-15	15	2723	159	-15	15	2723	159	-15	15	2723	159	-15	15	2723	159	-15	15	2723	159	-15	15	2723	159	-15	15	2723	159	-15	15	2723	159	-15	15	2723
160	-13	13	2736	160	-13	13	2736	160	-13	13	2736	160	-13	13	2736	160	-13	13	2736	160	-13	13	2736	160	-13	13	2736	160	-13	13	2736	160	-13	13	2736	160	-13	13	2736	160	-13	13	2736	160	-13	13	2736	160	-13	13	2736	160	-13	13	2736	160	-13	13	2736	160	-13	13	2736	160	-13	13	2736	160	-13	13	2736	160	-13	13	2736	160	-13	13	2736
161	-13	13	2749	161	-13	13	2749	161	-13	13	2749	161	-13	13	2749	161	-13	13	2749	161	-13	13	2749	161	-13	13	2749	161	-13	13	2749	161	-13	13	2749	161	-13	13	2749	161	-13	13	2749	161	-13	13	2749	161	-13	13	2749	161	-13	13	2749	161	-13	13	2749	161	-13	13	2749	161	-13	13	2749	161	-13	13	2749	161	-13	13	2749	161	-13	13	2749
162	-14	14	2763	162	-14	14	2763	162	-14	14	2763	162	-14	14	2763	162	-14	14	2763	162	-14	14	2763	162	-14	14	2763	162	-14	14	2763	162	-14	14	2763	162	-14	14	2763	162	-14	14	2763	162	-14	14	2763	162	-14	14	2763	162	-14	14	2763	162	-14	14	2763	162	-14	14	2763	162	-14	14	2763	162	-14	14	2763	162	-14	14	2763	162	-14	14	2763
163	-13	13	2776	163	-13	13	2776	163	-13	13	2776	163	-13	13	2776	163	-13	13	2776	163	-13	13	2776	163	-13	13	2776	163	-13	13	2776	163	-13	13	2776	163	-13	13	2776	163	-13	13	2776	163	-13	13	2776	163	-13	13	2776	163	-13	13	2776	163	-13	13	2776	163	-13	13	2776	163	-13	13	2776	163	-13	13	2776	163	-13	13	2776	163	-13	13	2776
164	-337	40	2816	164	-337	40	2816	164	-337	40	2816	164	-337	40	2816	164	-337	40	2816	164	-337	40	2816	164	-337	40	2816	164	-337	40	2816	164	-337	40	2816	164	-337	40	2816	164	-337	40	2816	164	-337	40	2816	164	-337	40	2816	164	-337	40	2816	164	-337	40	2816	164	-337	40	2816	164	-337	40	2816	164	-337	40	2816	164	-337	40	2816	164	-337	40	2816
165	-13	13	2829	165	-13	13	2829	165	-13	13	2829	165	-13	13	2829	165	-13	13	2829	165	-13	13	2829	165	-13	13	2829	165	-13	13	2829	165	-13	13	2829	165	-13	13	2829	165	-13	13	2829	165	-13	13	2829	165	-13	13	2829	165	-13	13	2829	165	-13	13	2829	165	-13	13	2829	165	-13	13	2829	165	-13	13	2829	165	-13	13	2829	165	-13	13	2829
166	-115	16	2845	166	-115	16	2845	166	-115	16	2845	166	-115	16	2845	166	-115	16	2845	166	-115	16	2845	166	-115	16	2845	166	-115	16	2845	166	-115	16	2845	166	-115	16	2845	166	-115	16	2845	166	-115	16	2845	166	-115	16	2845	166	-115	16	2845	166	-115	16	2845	166	-115	16	2845	166	-115	16	2845	166	-115	16	2845	166	-115	16	2845	166	-115	16	2845
167	-15	15	2860	167	-15	15	2860	167	-15	15	2860	167	-15	15	2860	167	-15	15	2860	167	-15	15	2860	167	-15	15	2860	167	-15	15	2860	167	-15	15	2860	167	-15	15	2860	167	-15	15	2860	167	-15	15	2860	167	-15	15	2860	167	-15	15	2860	167	-15	15	2860	167	-15	15	2860	167	-15	15	2860	167	-15	15	2860	167	-15	15	2860	167	-15	15	2860
168	-127	28	2888	168	-127	28	2888	168	-127	28	2888	168	-127	28	2888	168	-127	28	2888	168	-127	28	2888	168	-127	28	2888	168	-127	28	2888	168	-127	28	2888	168	-127	28	2888	168	-127	28	2888	168	-127	28	2888	168	-127	28	2888	168	-127	28	2888	168	-127	28	2888	168	-127	28	2888	168	-127	28	2888	168	-127	28	2888	168	-127	28	2888	168	-127	28	2888
169	-13	13	2901	169	-13	13	2901	169	-13	13	2901	169	-13	13	2901	169	-13	13	2901	169	-13	13	2901	169	-13	13	2901	169	-13	13	2901	169	-13	13	2901	169	-13	13	2901	169	-13	13	2901	169	-13	13	2901	169	-13	13	2901	169	-13	13	2901	169	-13	13	2901	169	-13	13	2901	169	-13	13	2901	169	-13	13	2901	169	-13	13	2901	169	-13	13	2901
170	-16	16	2917	170	-16	16	2917	170	-16	16	2917	170	-16	16	2917	170	-16	16	2917	170	-16	16	2917	170	-16	16	2917	170	-16	16	2917	170	-16	16	2917	170	-16	16	2917	170	-16	16	2917	170	-16	16	2917	170	-16	16	2917	170	-16	16	2917	170	-16	16	2917	170	-16	16	2917	170	-16	16	2917	170	-16	16	2917	170	-16	16	2917	170	-16	16	2917
171	-15	15	2932	171	-15	15	2932	171	-15	15	2932	171	-15	15	2932	171	-15	15	2932	171	-15	15	2932	171	-15	15	2932	171	-15	15	2932	171	-15	15	2932	171	-15	15	2932	171	-15	15	2932	171	-15	15	2932	171	-15	15	2932	171	-15	15	2932	171	-15	15	2932	171	-15	15	2932	171	-15	15	2932	171	-15	15	2932	171	-15	15	2932	171	-15	15	2932
172	-125	26	2958	172	-125	26	2958	172	-125	26	2958	172	-125	26	2958	172	-125	26	2958	172	-125	26	2958	172	-125	26	2958	172	-125	26	2958	172	-125	26	2958	172	-125	26	2958	172	-125	26	2958	172	-125	26	2958	172	-125	26	2958	172	-125	26	2958	172	-125	26	2958	172	-125	26	2958	172	-125	26	2958	172	-125	26	2958	172	-125	26	2958	172	-125	26	2958
173	-229	31	2989	173	-229	31	2989	173	-229	31	2989	173	-229	31	2989	173	-229	31	2989	173	-229	31	2989	173	-229	31	2989	173	-229	31	2989	173	-229	31	2989	173	-229	31	2989	173	-229	31	2989	173	-229	31	2989	173	-229	31	2989	173	-229	31	2989	173	-229	31	2989	173	-229	31	2989	173	-229	31	2989	173	-229	31	2989	173	-229	31	2989	173	-229	31	2989
174	-13	13	3002	174	-13	13	3002	174	-13	13	3002	174	-13	13	3002	174	-13	13	3002	174	-13	13	3002	174	-13	13	3002	174	-13	13	3002	174	-13	13	3002	174	-13	13	3002	174	-13	13	3002	174	-13	13	3002	174	-13	13	3002	174	-13	13	3002	174	-13	13	3002	174	-13	13	3002	174	-13	13	3002	174	-13	13	3002	174	-13	13	3002	174	-13	13	3002
175	-120	21	3023	175	-120	21	3023	175	-120	21	3023	175	-120	21	3023	175	-120	21	3023	175	-120	21	3023	175	-120	21	3023	175	-120	21	3023	175	-120	21	3023	175	-120	21	3023	175	-120	21	3023	175	-120	21	3023	175	-120	21	3023	175	-120	21	3023	175	-120	21	3023	175	-120	21	3023	175	-120	21	3023	175	-120	21	3023	175	-120	21	3023	175	-120	21	3023
176	-119	20	3043	176	-119	20	3043	176	-119	20	3043	176	-119	20	3043	176	-119	20	3043	176	-119	20	3043	176	-119	20	3043	176	-119	20	3043	176	-119	20	3043	176	-119	20	3043	176	-119	20	3043	176	-119	20	3043	176	-119	20	3043	176	-119	20	3043	176	-119	20	3043	176	-119	20	3043	176	-119	20	3043	176	-119	20	3043	176	-119	20	3043	176	-119	20	3043
177	-15	15	3058	177	-15	15	3058	177	-15	15	3058	177	-15	15	3058	177	-15	15	3058	177	-15	15	3058	177	-15	15	3058	177	-15	15	3058	177	-15	15	3058	177	-15	15	3058	177	-15	15	3058	177	-15	15	3058	177	-15	15	3058	177	-15	15	3058	177	-15	15	3058	177	-15	15	3058	177	-15	15	3058	177	-15	15	3058	177	-15	15	3058	177	-15	15	3058
178	-116	17	3075	178	-116	17	3075	178	-116	17	3075	178	-116	17	3075	178	-116	17	3075	178	-116	17	3075	178	-116	17	3075	178	-116	17	3075	178	-116	17	3075	178	-116	17	3075	178	-116	17	3075	178	-116	17	3075	178	-116	17	3075	178	-116	17	3075	178	-116	17	3075	178	-116	17	3075	178	-116	17	3075	178	-116	17	3075	178	-116	17	3075	178	-116	17	3075
179	-15	15	3090	179	-15	15	3090	179	-15	15	3090	179	-15	15	3090	179	-15	15	3090	179	-15	15	3090	179	-15	15	3090	179	-15	15	3090	179	-15	15	3090	179	-15	15	3090	179	-15	15	3090	179	-15	15	3090	179	-15	15	3090	179	-15	15	3090	179	-15	15	3090	179	-15	15	3090	179	-15	15	3090	179	-15	15	3090	179	-15	15	3090	179	-15	15	3090
180	-15	15	3105	180	-15	15	3105	180	-15	15	3105	180	-15	15	3105	180	-15	15	3105	180	-15	15	3105	180	-15	15	3105	180	-15	15	3105	180	-15	15	3105	180	-15	15	3105	180	-15	15	3105	180	-15	15	3105	180	-15	15	3105	180	-15	15	3105	180	-15	15	3105	180	-15	15	3105	180	-15	15	3105	180	-15	15	3105	180	-15	15	3105	180	-15	15	3105
181	-13	13	3118	181	-13	13	3118	181	-13	13	3118	181	-13	13	3118	181	-13	13	3118	181	-13	13	3118	181	-13	13	3118	181	-13	13	3118	181	-13	13	3118	181	-13	13	3118	181	-13	13	3118	181	-13	13	3118	181	-13	13	3118	181	-13	13	3118	181	-13	13	3118	181	-13	13	3118	181	-13	13	3118	181	-13	13	3118	181	-13	13	3118	181	-13	13	3118
182	-128	29	3147	182	-128	29	3147	182	-128	29	3147	182	-128	29	3147	182	-128	29	3147	182	-128	29	3147	182	-128	29	3147	182	-128	29	3147	182	-128	29	3147	182	-128	29	3147	182	-128	29	3147	182	-128	29	3147	182	-128	29	3147	182	-128	29	3147	182	-128	29	3147	182	-128	29	3147	182	-128	29	3147	182	-128	29	3147	182	-128	29	3147	182	-128	29	3147
183	-118	19	3166	183	-118	19	3166	183	-118	19	3166	183	-118	19	3166	183	-118	19	3166	183	-118	19	3166	183	-118	19	3166	183	-118	19	3166	183	-118	19	3166	183	-118	19	3166	183	-118	19	3166	183	-118	19	3166	183	-118	19	3166	183	-118	19	3166	183	-118	19	3166	183	-118	19	3166	183	-118	19	3166	183	-118	19	3166	183	-118	19	3166	183	-118	19	3166
184	-117	18	3184	184	-117	18	3184	184	-117	18	3184	184	-117	18	3184	184	-117	18	3184	184	-117	18	3184	184	-117	18	3184	184	-117	18	3184	184	-117	18	3184	184	-117	18	3184	184	-117	18	3184	184	-117	18	3184	184	-117	18	3184	184	-117	18	3184	184	-117	18	3184	184	-117	18	3184	184	-117	18	3184	184	-117	18	3184	184	-117	18	3184	184	-117	18	3184
185	-123	24	3208	185	-123	24	3208	185	-123	24	3208	185	-123	24	3208	185	-123	24	3208	185	-123	24	3208	185	-123	24	3208	185	-123	24	3208	185	-123	24	3208	185	-123	24	3208	185	-123	24	3208	185	-123	24	3208	185	-123	24	3208	185	-123	24	3208	185	-123	24	3208	185	-123	24	3208	185	-123	24	3208	185	-123	24	3208	185	-123	24	3208	185	-123	24	3208
186	-15	15	3223	186	-15	15	3223	186	-15	15	3223	186	-15	15	3223	186	-15	15	3223	186	-15	15	3223	186	-15	15	3223	186	-15	15	3223	186	-15	15	3223	186	-15	15	3223	186	-15	15	3223	186	-15	15	3223	186	-15	15	3223	186	-15	15	3223	186	-15	15	3223	186	-15	15	3223	186	-15	15	3223	186	-15	15	3223	186	-15	15	3223	186	-15	15	3223
187	-13	13	3236	187	-13	13	3236	187	-13	13	3236	187	-13	13	3236	187	-13	13	3236	187	-13	13	3236	187	-13	13	3236	187	-13	13	3236	187	-13	13	3236	187	-13	13	3236	187	-13	13	3236	187	-13	13	3236	187	-13	13	3236	187	-13	13	3236	187	-13	13	3236	187	-13	13	3236	187	-13	13	3236	187	-13	13	3236	187	-13	13	3236	187	-13	13	3236
188	-15	15	3251	188	-15	15	3251	188	-15	15	3251	188	-15	15	3251	188	-15	15	3251	188	-15	15	3251	188	-15	15	3251	188	-15	15	3251	188	-15	15	3251	188	-15	15	3251	188	-15	15	3251	188	-15	15	3251	188	-15	15	3251	188	-15	15	3251	188	-15	15	3251	188	-15	15	3251	188	-15	15	3251	188	-15	15	3251	188	-15	15	3251	188	-15	15	3251
189	-13	13	3264	189	-13	13	3264	189	-13	13	3264	189	-13	13	3264	189	-13	13	3264	189	-13	13	3264	189	-13	13	3264	189	-13	13	3264	189	-13	13	3264	189	-13	13	3264	189	-13	13	3264	189	-13	13	3264	189	-13	13	3264	189	-13	13	3264	189	-13	13	3264	189	-13	13	3264	189	-13	13	3264	189	-13	13	3264	189	-13	13	3264	189	-13	13	3264
190	-17	17	3281	190	-17	17	3281	190	-17	17	3281	190	-17	17	3281	190	-17	17	3281	190	-17	17	3281	190	-17	17	3281	190	-17	17	3281	190	-17	17	3281	190	-17	17	3281	190	-17	17	3281	190	-17	17	3281	190	-17	17	3281	190	-17	17	3281	190	-17	17	3281	190	-17	17	3281	190	-17	17	3281	190	-17	17	3281	190	-17	17	3281	190	-17	17	3281
191	-14	14	3295	191	-14	14	3295	191	-14	14	3295	191	-14	14	3295	191	-14	14	3295	191	-14	14	3295	191	-14	14	3295	191	-14	14	3295	191	-14	14	3295	191	-14	14	3295	191	-14	14	3295	191	-14	14	3295	191	-14	14	3295	191	-14	14	3295	191	-14	14	3295	191	-14	14	3295	191	-14	14	3295	191	-14	14	3295	191	-14	14	3295	191	-14	14	3295
192	-14	14	3309	192	-14	14	3309	192	-14	14	3309	192	-14	14	3309	192	-14	14	3309	192	-14	14	3309	192	-14	14	3309	192	-14	14	3309	192	-14	14	3309	192	-14	14	3309	192	-14	14	3309	192	-14	14	3309	192	-14	14	3309	192	-14	14	3309	192	-14	14	3309	192	-14	14	3309	192	-14	14	3309	192	-14	14	3309	192	-14	14	3309	192	-14	14	3309
193	-13	13	3322	193	-13	13	3322	193	-13	13	3322	193	-13	13	3322	193	-13	13	3322	193	-13	13	3322	193	-13	13	3322	193	-13	13	3322	193	-13	13	3322	193	-13	13	3322	193	-13	13	3322	193	-13	13	3322	193	-13	13	3322	193	-13	13	3322	193	-13	13	3322	193	-13	13	3322	193	-13	13	3322	193	-13	13	3322	193	-13	13	3322	193	-13	13	3322
194	-14	14	3336	194	-14	14	3336	194	-14	14	3336	194	-14	14	3336	194	-14	14	3336	194	-14	14	3336	194	-14	14	3336	194	-14	14	3336	194	-14	14	3336	194	-14	14	3336	194	-14	14	3336	194	-14	14	3336	194	-14	14	3336	194	-14	14	3336	194	-14	14	3336	194	-14	14	3336	194	-14	14	3336	194	-14	14	3336	194	-14	14	3336	194	-14	14	3336
195	-15	15	3351	195	-15	15	3351	195	-15	15	3351	195	-15	15	3351	195	-15	15	3351	195	-15	15	3351	195	-15	15	3351	195	-15	15	3351	195	-15	15	3351	195	-15	15	3351	195	-15	15	3351	195	-15	15	3351	195	-15	15	3351	195	-15	15	3351	195	-15	15	3351	195	-15	15	3351	195	-15	15	3351	195	-15	15	3351	195	-15	15	3351	195	-15	15	3351
196	-14	14	3365	196	-14	14	3365	196	-14	14	3365	196	-14	14	3365	196	-14	14	3365	196	-14	14	3365	196	-14	14	3365	196	-14	14	3365	196	-14	14	3365	196	-14	14	3365	196	-14	14	3365	196	-14	14	3365	196	-14	14	3365	196	-14	14	3365	196	-14	14	3365	196	-14	14	3365	196	-14	14	3365	196	-14	14	3365	196	-14	14	3365	196	-14	14	3365
197	-124	25	3390	197	-124	25	3390	197	-124	25	3390	197	-124	25	3390	197	-124	25	3390	197	-124	25	3390	197	-124	25	3390	197	-124	25	3390	197	-124	25	3390	197	-124	25	3390	197	-124	25	3390	197	-124	25	3390	197	-124	25	3390	197	-124	25	3390	197	-124	25	3390	197	-124	25	3390	197	-124	25	3390	197	-124	25	3390	197	-124	25	3390	197	-124	25	3390
198	-13	13	3403	198	-13	13	3403	198	-13	13	3403	198	-13	13	3403	198	-13	13	3403	198	-13	13	3403	198	-13	13	3403	198	-13	13	3403	198	-13	13	3403	198	-13	13	3403	198	-13	13	3403	198	-13	13	3403	198	-13	13	3403	198	-13	13	3403	198	-13	13	3403	198	-13	13	3403	198	-13	13	3403	198	-13	13	3403	198	-13	13	3403	198	-13	13	3403
199	-17	17	3420	199	-17	17	3420	199	-17	17	3420	199	-17	17	3420	199	-17	17	3420	199	-17	17	3420	199	-17	17	3420	199	-17	17	3420	199	-17	17	3420	199	-17	17	3420	199	-17	17	3420	199	-17	17	3420	199	-17	17	3420	199	-17	17	3420	199	-17	17	3420	199	-17	17	3420	199	-17	17	3420	199	-17	17	3420	199	-17	17	3420	199	-17	17	3420
