Episode	Accumulated Reward	Length	Steps	Episode	Accumulated Reward	Length	Steps
0	-500.0	500	500	0	-500.0	500	500
1	-500.0	500	1000	1	-500.0	500	1000
2	-327.0	327	1327	2	-327.0	327	1327
3	-500.0	500	1827	3	-500.0	500	1827
4	-500.0	500	2327	4	-500.0	500	2327
5	-371.0	371	2698	5	-371.0	371	2698
6	-339.0	339	3037	6	-339.0	339	3037
7	-244.0	244	3281	7	-244.0	244	3281
8	-284.0	284	3565	8	-284.0	284	3565
9	-204.0	204	3769	9	-204.0	204	3769
10	-262.0	262	4031	10	-262.0	262	4031
11	-336.0	336	4367	11	-336.0	336	4367
12	-228.0	228	4595	12	-228.0	228	4595
13	-286.0	286	4881	13	-286.0	286	4881
14	-161.0	161	5042	14	-161.0	161	5042
15	-202.0	202	5244	15	-202.0	202	5244
16	-282.0	282	5526	16	-282.0	282	5526
17	-285.0	285	5811	17	-285.0	285	5811
18	-156.0	156	5967	18	-156.0	156	5967
19	-249.0	249	6216	19	-249.0	249	6216
20	-191.0	191	6407	20	-191.0	191	6407
21	-176.0	176	6583	21	-176.0	176	6583
22	-149.0	149	6732	22	-149.0	149	6732
23	-149.0	149	6881	23	-149.0	149	6881
24	-185.0	185	7066	24	-185.0	185	7066
25	-227.0	227	7293	25	-227.0	227	7293
26	-221.0	221	7514	26	-221.0	221	7514
27	-191.0	191	7705	27	-191.0	191	7705
28	-151.0	151	7856	28	-151.0	151	7856
29	-190.0	190	8046	29	-190.0	190	8046
30	-191.0	191	8237	30	-191.0	191	8237
31	-171.0	171	8408	31	-171.0	171	8408
32	-151.0	151	8559	32	-151.0	151	8559
33	-218.0	218	8777	33	-218.0	218	8777
34	-227.0	227	9004	34	-227.0	227	9004
35	-137.0	137	9141	35	-137.0	137	9141
36	-163.0	163	9304	36	-163.0	163	9304
37	-149.0	149	9453	37	-149.0	149	9453
38	-113.0	113	9566	38	-113.0	113	9566
39	-112.0	112	9678	39	-112.0	112	9678
40	-181.0	181	9859	40	-181.0	181	9859
41	-152.0	152	10011	41	-152.0	152	10011
42	-181.0	181	10192	42	-181.0	181	10192
43	-142.0	142	10334	43	-142.0	142	10334
44	-183.0	183	10517	44	-183.0	183	10517
45	-148.0	148	10665	45	-148.0	148	10665
46	-153.0	153	10818	46	-153.0	153	10818
47	-123.0	123	10941	47	-123.0	123	10941
48	-154.0	154	11095	48	-154.0	154	11095
49	-116.0	116	11211	49	-116.0	116	11211
50	-169.0	169	11380	50	-169.0	169	11380
51	-146.0	146	11526	51	-146.0	146	11526
52	-140.0	140	11666	52	-140.0	140	11666
53	-132.0	132	11798	53	-132.0	132	11798
54	-117.0	117	11915	54	-117.0	117	11915
55	-173.0	173	12088	55	-173.0	173	12088
56	-140.0	140	12228	56	-140.0	140	12228
57	-177.0	177	12405	57	-177.0	177	12405
58	-147.0	147	12552	58	-147.0	147	12552
59	-153.0	153	12705	59	-153.0	153	12705
60	-146.0	146	12851	60	-146.0	146	12851
61	-150.0	150	13001	61	-150.0	150	13001
62	-119.0	119	13120	62	-119.0	119	13120
63	-155.0	155	13275	63	-155.0	155	13275
64	-143.0	143	13418	64	-143.0	143	13418
65	-176.0	176	13594	65	-176.0	176	13594
66	-168.0	168	13762	66	-168.0	168	13762
67	-143.0	143	13905	67	-143.0	143	13905
68	-141.0	141	14046	68	-141.0	141	14046
69	-138.0	138	14184	69	-138.0	138	14184
70	-186.0	186	14370	70	-186.0	186	14370
71	-162.0	162	14532	71	-162.0	162	14532
72	-145.0	145	14677	72	-145.0	145	14677
73	-148.0	148	14825	73	-148.0	148	14825
74	-149.0	149	14974	74	-149.0	149	14974
75	-144.0	144	15118	75	-144.0	144	15118
76	-136.0	136	15254	76	-136.0	136	15254
77	-146.0	146	15400	77	-146.0	146	15400
78	-149.0	149	15549	78	-149.0	149	15549
79	-143.0	143	15692	79	-143.0	143	15692
80	-141.0	141	15833	80	-141.0	141	15833
81	-137.0	137	15970	81	-137.0	137	15970
82	-116.0	116	16086	82	-116.0	116	16086
83	-139.0	139	16225	83	-139.0	139	16225
84	-108.0	108	16333	84	-108.0	108	16333
85	-173.0	173	16506	85	-173.0	173	16506
86	-174.0	174	16680	86	-174.0	174	16680
87	-155.0	155	16835	87	-155.0	155	16835
88	-143.0	143	16978	88	-143.0	143	16978
89	-131.0	131	17109	89	-131.0	131	17109
90	-130.0	130	17239	90	-130.0	130	17239
91	-170.0	170	17409	91	-170.0	170	17409
92	-196.0	196	17605	92	-196.0	196	17605
93	-143.0	143	17748	93	-143.0	143	17748
94	-146.0	146	17894	94	-146.0	146	17894
95	-134.0	134	18028	95	-134.0	134	18028
96	-156.0	156	18184	96	-156.0	156	18184
97	-154.0	154	18338	97	-154.0	154	18338
98	-132.0	132	18470	98	-132.0	132	18470
99	-143.0	143	18613	99	-143.0	143	18613
100	-132.0	132	18745	100	-132.0	132	18745
101	-110.0	110	18855	101	-110.0	110	18855
102	-91.0	91	18946	102	-91.0	91	18946
103	-199.0	199	19145	103	-199.0	199	19145
104	-143.0	143	19288	104	-143.0	143	19288
105	-149.0	149	19437	105	-149.0	149	19437
106	-189.0	189	19626	106	-189.0	189	19626
107	-125.0	125	19751	107	-125.0	125	19751
108	-166.0	166	19917	108	-166.0	166	19917
109	-134.0	134	20051	109	-134.0	134	20051
110	-113.0	113	20164	110	-113.0	113	20164
111	-139.0	139	20303	111	-139.0	139	20303
112	-119.0	119	20422	112	-119.0	119	20422
113	-107.0	107	20529	113	-107.0	107	20529
114	-102.0	102	20631	114	-102.0	102	20631
115	-88.0	88	20719	115	-88.0	88	20719
116	-104.0	104	20823	116	-104.0	104	20823
117	-133.0	133	20956	117	-133.0	133	20956
118	-94.0	94	21050	118	-94.0	94	21050
119	-105.0	105	21155	119	-105.0	105	21155
120	-105.0	105	21260	120	-105.0	105	21260
121	-106.0	106	21366	121	-106.0	106	21366
122	-111.0	111	21477	122	-111.0	111	21477
123	-106.0	106	21583	123	-106.0	106	21583
124	-106.0	106	21689	124	-106.0	106	21689
125	-108.0	108	21797	125	-108.0	108	21797
126	-110.0	110	21907	126	-110.0	110	21907
127	-155.0	155	22062	127	-155.0	155	22062
128	-135.0	135	22197	128	-135.0	135	22197
129	-177.0	177	22374	129	-177.0	177	22374
130	-139.0	139	22513	130	-139.0	139	22513
131	-151.0	151	22664	131	-151.0	151	22664
132	-135.0	135	22799	132	-135.0	135	22799
133	-134.0	134	22933	133	-134.0	134	22933
134	-200.0	200	23133	134	-200.0	200	23133
135	-146.0	146	23279	135	-146.0	146	23279
136	-135.0	135	23414	136	-135.0	135	23414
137	-155.0	155	23569	137	-155.0	155	23569
138	-134.0	134	23703	138	-134.0	134	23703
139	-135.0	135	23838	139	-135.0	135	23838
140	-122.0	122	23960	140	-122.0	122	23960
141	-153.0	153	24113	141	-153.0	153	24113
142	-144.0	144	24257	142	-144.0	144	24257
143	-127.0	127	24384	143	-127.0	127	24384
144	-135.0	135	24519	144	-135.0	135	24519
145	-110.0	110	24629	145	-110.0	110	24629
146	-135.0	135	24764	146	-135.0	135	24764
147	-162.0	162	24926	147	-162.0	162	24926
148	-123.0	123	25049	148	-123.0	123	25049
149	-107.0	107	25156	149	-107.0	107	25156
150	-118.0	118	25274	150	-118.0	118	25274
151	-117.0	117	25391	151	-117.0	117	25391
152	-140.0	140	25531	152	-140.0	140	25531
153	-167.0	167	25698	153	-167.0	167	25698
154	-143.0	143	25841	154	-143.0	143	25841
155	-136.0	136	25977	155	-136.0	136	25977
156	-133.0	133	26110	156	-133.0	133	26110
157	-108.0	108	26218	157	-108.0	108	26218
158	-144.0	144	26362	158	-144.0	144	26362
159	-136.0	136	26498	159	-136.0	136	26498
160	-147.0	147	26645	160	-147.0	147	26645
161	-109.0	109	26754	161	-109.0	109	26754
162	-147.0	147	26901	162	-147.0	147	26901
163	-109.0	109	27010	163	-109.0	109	27010
164	-111.0	111	27121	164	-111.0	111	27121
165	-155.0	155	27276	165	-155.0	155	27276
166	-113.0	113	27389	166	-113.0	113	27389
167	-143.0	143	27532	167	-143.0	143	27532
168	-138.0	138	27670	168	-138.0	138	27670
169	-139.0	139	27809	169	-139.0	139	27809
170	-138.0	138	27947	170	-138.0	138	27947
171	-151.0	151	28098	171	-151.0	151	28098
172	-140.0	140	28238	172	-140.0	140	28238
173	-136.0	136	28374	173	-136.0	136	28374
174	-167.0	167	28541	174	-167.0	167	28541
175	-138.0	138	28679	175	-138.0	138	28679
176	-132.0	132	28811	176	-132.0	132	28811
177	-133.0	133	28944	177	-133.0	133	28944
178	-142.0	142	29086	178	-142.0	142	29086
179	-134.0	134	29220	179	-134.0	134	29220
180	-132.0	132	29352	180	-132.0	132	29352
181	-162.0	162	29514	181	-162.0	162	29514
182	-145.0	145	29659	182	-145.0	145	29659
183	-146.0	146	29805	183	-146.0	146	29805
184	-165.0	165	29970	184	-165.0	165	29970
185	-137.0	137	30107	185	-137.0	137	30107
186	-142.0	142	30249	186	-142.0	142	30249
187	-139.0	139	30388	187	-139.0	139	30388
188	-135.0	135	30523	188	-135.0	135	30523
189	-113.0	113	30636	189	-113.0	113	30636
190	-161.0	161	30797	190	-161.0	161	30797
191	-110.0	110	30907	191	-110.0	110	30907
192	-158.0	158	31065	192	-158.0	158	31065
193	-133.0	133	31198	193	-133.0	133	31198
194	-134.0	134	31332	194	-134.0	134	31332
195	-145.0	145	31477	195	-145.0	145	31477
196	-134.0	134	31611	196	-134.0	134	31611
197	-139.0	139	31750	197	-139.0	139	31750
198	-136.0	136	31886	198	-136.0	136	31886
199	-140.0	140	32026	199	-140.0	140	32026
200	-137.0	137	32163	200	-137.0	137	32163
201	-136.0	136	32299	201	-136.0	136	32299
202	-86.0	86	32385	202	-86.0	86	32385
203	-139.0	139	32524	203	-139.0	139	32524
204	-160.0	160	32684	204	-160.0	160	32684
205	-129.0	129	32813	205	-129.0	129	32813
206	-136.0	136	32949	206	-136.0	136	32949
207	-136.0	136	33085	207	-136.0	136	33085
208	-137.0	137	33222	208	-137.0	137	33222
209	-131.0	131	33353	209	-131.0	131	33353
210	-112.0	112	33465	210	-112.0	112	33465
211	-138.0	138	33603	211	-138.0	138	33603
212	-132.0	132	33735	212	-132.0	132	33735
213	-136.0	136	33871	213	-136.0	136	33871
214	-139.0	139	34010	214	-139.0	139	34010
215	-134.0	134	34144	215	-134.0	134	34144
216	-139.0	139	34283	216	-139.0	139	34283
217	-129.0	129	34412	217	-129.0	129	34412
218	-136.0	136	34548	218	-136.0	136	34548
219	-108.0	108	34656	219	-108.0	108	34656
220	-107.0	107	34763	220	-107.0	107	34763
221	-106.0	106	34869	221	-106.0	106	34869
222	-101.0	101	34970	222	-101.0	101	34970
223	-91.0	91	35061	223	-91.0	91	35061
224	-106.0	106	35167	224	-106.0	106	35167
225	-92.0	92	35259	225	-92.0	92	35259
226	-106.0	106	35365	226	-106.0	106	35365
227	-93.0	93	35458	227	-93.0	93	35458
228	-105.0	105	35563	228	-105.0	105	35563
229	-138.0	138	35701	229	-138.0	138	35701
230	-142.0	142	35843	230	-142.0	142	35843
231	-105.0	105	35948	231	-105.0	105	35948
232	-138.0	138	36086	232	-138.0	138	36086
233	-186.0	186	36272	233	-186.0	186	36272
234	-135.0	135	36407	234	-135.0	135	36407
235	-141.0	141	36548	235	-141.0	141	36548
236	-136.0	136	36684	236	-136.0	136	36684
237	-130.0	130	36814	237	-130.0	130	36814
238	-130.0	130	36944	238	-130.0	130	36944
239	-135.0	135	37079	239	-135.0	135	37079
240	-129.0	129	37208	240	-129.0	129	37208
241	-131.0	131	37339	241	-131.0	131	37339
242	-135.0	135	37474	242	-135.0	135	37474
243	-106.0	106	37580	243	-106.0	106	37580
244	-108.0	108	37688	244	-108.0	108	37688
245	-108.0	108	37796	245	-108.0	108	37796
246	-134.0	134	37930	246	-134.0	134	37930
247	-107.0	107	38037	247	-107.0	107	38037
248	-136.0	136	38173	248	-136.0	136	38173
249	-138.0	138	38311	249	-138.0	138	38311
250	-136.0	136	38447	250	-136.0	136	38447
251	-106.0	106	38553	251	-106.0	106	38553
252	-134.0	134	38687	252	-134.0	134	38687
253	-107.0	107	38794	253	-107.0	107	38794
254	-137.0	137	38931	254	-137.0	137	38931
255	-139.0	139	39070	255	-139.0	139	39070
256	-140.0	140	39210	256	-140.0	140	39210
257	-106.0	106	39316	257	-106.0	106	39316
258	-141.0	141	39457	258	-141.0	141	39457
259	-110.0	110	39567	259	-110.0	110	39567
260	-171.0	171	39738	260	-171.0	171	39738
261	-106.0	106	39844	261	-106.0	106	39844
262	-145.0	145	39989	262	-145.0	145	39989
263	-106.0	106	40095	263	-106.0	106	40095
264	-142.0	142	40237	264	-142.0	142	40237
265	-88.0	88	40325	265	-88.0	88	40325
266	-138.0	138	40463	266	-138.0	138	40463
267	-106.0	106	40569	267	-106.0	106	40569
268	-135.0	135	40704	268	-135.0	135	40704
269	-107.0	107	40811	269	-107.0	107	40811
270	-137.0	137	40948	270	-137.0	137	40948
271	-128.0	128	41076	271	-128.0	128	41076
272	-106.0	106	41182	272	-106.0	106	41182
273	-180.0	180	41362	273	-180.0	180	41362
274	-146.0	146	41508	274	-146.0	146	41508
275	-123.0	123	41631	275	-123.0	123	41631
276	-152.0	152	41783	276	-152.0	152	41783
277	-106.0	106	41889	277	-106.0	106	41889
278	-111.0	111	42000	278	-111.0	111	42000
279	-107.0	107	42107	279	-107.0	107	42107
280	-133.0	133	42240	280	-133.0	133	42240
281	-135.0	135	42375	281	-135.0	135	42375
282	-185.0	185	42560	282	-185.0	185	42560
283	-126.0	126	42686	283	-126.0	126	42686
284	-108.0	108	42794	284	-108.0	108	42794
285	-136.0	136	42930	285	-136.0	136	42930
286	-136.0	136	43066	286	-136.0	136	43066
287	-111.0	111	43177	287	-111.0	111	43177
288	-137.0	137	43314	288	-137.0	137	43314
289	-138.0	138	43452	289	-138.0	138	43452
290	-136.0	136	43588	290	-136.0	136	43588
291	-108.0	108	43696	291	-108.0	108	43696
292	-116.0	116	43812	292	-116.0	116	43812
293	-137.0	137	43949	293	-137.0	137	43949
294	-152.0	152	44101	294	-152.0	152	44101
295	-109.0	109	44210	295	-109.0	109	44210
296	-148.0	148	44358	296	-148.0	148	44358
297	-146.0	146	44504	297	-146.0	146	44504
298	-141.0	141	44645	298	-141.0	141	44645
299	-138.0	138	44783	299	-138.0	138	44783
