Episode	Accumulated Reward	Length	Steps	Episode	Accumulated Reward	Length	Steps	Episode	Accumulated Reward	Length	Steps	Episode	Accumulated Reward	Length	Steps	Episode	Accumulated Reward	Length	Steps
0	-15	15	15	0	-15	15	15	0	-15	15	15	0	-15	15	15	0	-15	15	15
1	-123	24	39	1	-123	24	39	1	-123	24	39	1	-123	24	39	1	-123	24	39
2	-13	13	52	2	-13	13	52	2	-13	13	52	2	-13	13	52	2	-13	13	52
3	-226	28	80	3	-226	28	80	3	-226	28	80	3	-226	28	80	3	-226	28	80
4	-227	29	109	4	-227	29	109	4	-227	29	109	4	-227	29	109	4	-227	29	109
5	-115	16	125	5	-115	16	125	5	-115	16	125	5	-115	16	125	5	-115	16	125
6	-17	17	142	6	-17	17	142	6	-17	17	142	6	-17	17	142	6	-17	17	142
7	-18	18	160	7	-18	18	160	7	-18	18	160	7	-18	18	160	7	-18	18	160
8	-13	13	173	8	-13	13	173	8	-13	13	173	8	-13	13	173	8	-13	13	173
9	-13	13	186	9	-13	13	186	9	-13	13	186	9	-13	13	186	9	-13	13	186
10	-13	13	199	10	-13	13	199	10	-13	13	199	10	-13	13	199	10	-13	13	199
11	-13	13	212	11	-13	13	212	11	-13	13	212	11	-13	13	212	11	-13	13	212
12	-17	17	229	12	-17	17	229	12	-17	17	229	12	-17	17	229	12	-17	17	229
13	-15	15	244	13	-15	15	244	13	-15	15	244	13	-15	15	244	13	-15	15	244
14	-117	18	262	14	-117	18	262	14	-117	18	262	14	-117	18	262	14	-117	18	262
15	-13	13	275	15	-13	13	275	15	-13	13	275	15	-13	13	275	15	-13	13	275
16	-13	13	288	16	-13	13	288	16	-13	13	288	16	-13	13	288	16	-13	13	288
17	-13	13	301	17	-13	13	301	17	-13	13	301	17	-13	13	301	17	-13	13	301
18	-337	40	341	18	-337	40	341	18	-337	40	341	18	-337	40	341	18	-337	40	341
19	-13	13	354	19	-13	13	354	19	-13	13	354	19	-13	13	354	19	-13	13	354
20	-13	13	367	20	-13	13	367	20	-13	13	367	20	-13	13	367	20	-13	13	367
21	-114	15	382	21	-114	15	382	21	-114	15	382	21	-114	15	382	21	-114	15	382
22	-123	24	406	22	-123	24	406	22	-123	24	406	22	-123	24	406	22	-123	24	406
23	-121	22	428	23	-121	22	428	23	-121	22	428	23	-121	22	428	23	-121	22	428
24	-18	18	446	24	-18	18	446	24	-18	18	446	24	-18	18	446	24	-18	18	446
25	-13	13	459	25	-13	13	459	25	-13	13	459	25	-13	13	459	25	-13	13	459
26	-17	17	476	26	-17	17	476	26	-17	17	476	26	-17	17	476	26	-17	17	476
27	-13	13	489	27	-13	13	489	27	-13	13	489	27	-13	13	489	27	-13	13	489
28	-13	13	502	28	-13	13	502	28	-13	13	502	28	-13	13	502	28	-13	13	502
29	-15	15	517	29	-15	15	517	29	-15	15	517	29	-15	15	517	29	-15	15	517
30	-330	33	550	30	-330	33	550	30	-330	33	550	30	-330	33	550	30	-330	33	550
31	-13	13	563	31	-13	13	563	31	-13	13	563	31	-13	13	563	31	-13	13	563
32	-13	13	576	32	-13	13	576	32	-13	13	576	32	-13	13	576	32	-13	13	576
33	-13	13	589	33	-13	13	589	33	-13	13	589	33	-13	13	589	33	-13	13	589
34	-13	13	602	34	-13	13	602	34	-13	13	602	34	-13	13	602	34	-13	13	602
35	-14	14	616	35	-14	14	616	35	-14	14	616	35	-14	14	616	35	-14	14	616
36	-17	17	633	36	-17	17	633	36	-17	17	633	36	-17	17	633	36	-17	17	633
37	-13	13	646	37	-13	13	646	37	-13	13	646	37	-13	13	646	37	-13	13	646
38	-13	13	659	38	-13	13	659	38	-13	13	659	38	-13	13	659	38	-13	13	659
39	-15	15	674	39	-15	15	674	39	-15	15	674	39	-15	15	674	39	-15	15	674
40	-17	17	691	40	-17	17	691	40	-17	17	691	40	-17	17	691	40	-17	17	691
41	-117	18	709	41	-117	18	709	41	-117	18	709	41	-117	18	709	41	-117	18	709
42	-15	15	724	42	-15	15	724	42	-15	15	724	42	-15	15	724	42	-15	15	724
43	-13	13	737	43	-13	13	737	43	-13	13	737	43	-13	13	737	43	-13	13	737
44	-17	17	754	44	-17	17	754	44	-17	17	754	44	-17	17	754	44	-17	17	754
45	-13	13	767	45	-13	13	767	45	-13	13	767	45	-13	13	767	45	-13	13	767
46	-119	20	787	46	-119	20	787	46	-119	20	787	46	-119	20	787	46	-119	20	787
47	-13	13	800	47	-13	13	800	47	-13	13	800	47	-13	13	800	47	-13	13	800
48	-129	30	830	48	-129	30	830	48	-129	30	830	48	-129	30	830	48	-129	30	830
49	-15	15	845	49	-15	15	845	49	-15	15	845	49	-15	15	845	49	-15	15	845
50	-15	15	860	50	-15	15	860	50	-15	15	860	50	-15	15	860	50	-15	15	860
51	-223	25	885	51	-223	25	885	51	-223	25	885	51	-223	25	885	51	-223	25	885
52	-17	17	902	52	-17	17	902	52	-17	17	902	52	-17	17	902	52	-17	17	902
53	-13	13	915	53	-13	13	915	53	-13	13	915	53	-13	13	915	53	-13	13	915
54	-14	14	929	54	-14	14	929	54	-14	14	929	54	-14	14	929	54	-14	14	929
55	-117	18	947	55	-117	18	947	55	-117	18	947	55	-117	18	947	55	-117	18	947
56	-13	13	960	56	-13	13	960	56	-13	13	960	56	-13	13	960	56	-13	13	960
57	-15	15	975	57	-15	15	975	57	-15	15	975	57	-15	15	975	57	-15	15	975
58	-15	15	990	58	-15	15	990	58	-15	15	990	58	-15	15	990	58	-15	15	990
59	-123	24	1014	59	-123	24	1014	59	-123	24	1014	59	-123	24	1014	59	-123	24	1014
60	-15	15	1029	60	-15	15	1029	60	-15	15	1029	60	-15	15	1029	60	-15	15	1029
61	-15	15	1044	61	-15	15	1044	61	-15	15	1044	61	-15	15	1044	61	-15	15	1044
62	-13	13	1057	62	-13	13	1057	62	-13	13	1057	62	-13	13	1057	62	-13	13	1057
63	-13	13	1070	63	-13	13	1070	63	-13	13	1070	63	-13	13	1070	63	-13	13	1070
64	-221	23	1093	64	-221	23	1093	64	-221	23	1093	64	-221	23	1093	64	-221	23	1093
65	-124	25	1118	65	-124	25	1118	65	-124	25	1118	65	-124	25	1118	65	-124	25	1118
66	-13	13	1131	66	-13	13	1131	66	-13	13	1131	66	-13	13	1131	66	-13	13	1131
67	-234	36	1167	67	-234	36	1167	67	-234	36	1167	67	-234	36	1167	67	-234	36	1167
68	-13	13	1180	68	-13	13	1180	68	-13	13	1180	68	-13	13	1180	68	-13	13	1180
69	-15	15	1195	69	-15	15	1195	69	-15	15	1195	69	-15	15	1195	69	-15	15	1195
70	-15	15	1210	70	-15	15	1210	70	-15	15	1210	70	-15	15	1210	70	-15	15	1210
71	-15	15	1225	71	-15	15	1225	71	-15	15	1225	71	-15	15	1225	71	-15	15	1225
72	-117	18	1243	72	-117	18	1243	72	-117	18	1243	72	-117	18	1243	72	-117	18	1243
73	-15	15	1258	73	-15	15	1258	73	-15	15	1258	73	-15	15	1258	73	-15	15	1258
74	-13	13	1271	74	-13	13	1271	74	-13	13	1271	74	-13	13	1271	74	-13	13	1271
75	-124	25	1296	75	-124	25	1296	75	-124	25	1296	75	-124	25	1296	75	-124	25	1296
76	-449	53	1349	76	-449	53	1349	76	-449	53	1349	76	-449	53	1349	76	-449	53	1349
77	-116	17	1366	77	-116	17	1366	77	-116	17	1366	77	-116	17	1366	77	-116	17	1366
78	-13	13	1379	78	-13	13	1379	78	-13	13	1379	78	-13	13	1379	78	-13	13	1379
79	-15	15	1394	79	-15	15	1394	79	-15	15	1394	79	-15	15	1394	79	-15	15	1394
80	-13	13	1407	80	-13	13	1407	80	-13	13	1407	80	-13	13	1407	80	-13	13	1407
81	-15	15	1422	81	-15	15	1422	81	-15	15	1422	81	-15	15	1422	81	-15	15	1422
82	-13	13	1435	82	-13	13	1435	82	-13	13	1435	82	-13	13	1435	82	-13	13	1435
83	-15	15	1450	83	-15	15	1450	83	-15	15	1450	83	-15	15	1450	83	-15	15	1450
84	-15	15	1465	84	-15	15	1465	84	-15	15	1465	84	-15	15	1465	84	-15	15	1465
85	-13	13	1478	85	-13	13	1478	85	-13	13	1478	85	-13	13	1478	85	-13	13	1478
86	-13	13	1491	86	-13	13	1491	86	-13	13	1491	86	-13	13	1491	86	-13	13	1491
87	-124	25	1516	87	-124	25	1516	87	-124	25	1516	87	-124	25	1516	87	-124	25	1516
88	-17	17	1533	88	-17	17	1533	88	-17	17	1533	88	-17	17	1533	88	-17	17	1533
89	-17	17	1550	89	-17	17	1550	89	-17	17	1550	89	-17	17	1550	89	-17	17	1550
90	-15	15	1565	90	-15	15	1565	90	-15	15	1565	90	-15	15	1565	90	-15	15	1565
91	-13	13	1578	91	-13	13	1578	91	-13	13	1578	91	-13	13	1578	91	-13	13	1578
92	-15	15	1593	92	-15	15	1593	92	-15	15	1593	92	-15	15	1593	92	-15	15	1593
93	-15	15	1608	93	-15	15	1608	93	-15	15	1608	93	-15	15	1608	93	-15	15	1608
94	-13	13	1621	94	-13	13	1621	94	-13	13	1621	94	-13	13	1621	94	-13	13	1621
95	-14	14	1635	95	-14	14	1635	95	-14	14	1635	95	-14	14	1635	95	-14	14	1635
96	-15	15	1650	96	-15	15	1650	96	-15	15	1650	96	-15	15	1650	96	-15	15	1650
97	-123	24	1674	97	-123	24	1674	97	-123	24	1674	97	-123	24	1674	97	-123	24	1674
98	-120	21	1695	98	-120	21	1695	98	-120	21	1695	98	-120	21	1695	98	-120	21	1695
99	-225	27	1722	99	-225	27	1722	99	-225	27	1722	99	-225	27	1722	99	-225	27	1722
100	-15	15	1737	100	-15	15	1737	100	-15	15	1737	100	-15	15	1737	100	-15	15	1737
101	-17	17	1754	101	-17	17	1754	101	-17	17	1754	101	-17	17	1754	101	-17	17	1754
102	-13	13	1767	102	-13	13	1767	102	-13	13	1767	102	-13	13	1767	102	-13	13	1767
103	-223	25	1792	103	-223	25	1792	103	-223	25	1792	103	-223	25	1792	103	-223	25	1792
104	-18	18	1810	104	-18	18	1810	104	-18	18	1810	104	-18	18	1810	104	-18	18	1810
105	-13	13	1823	105	-13	13	1823	105	-13	13	1823	105	-13	13	1823	105	-13	13	1823
106	-13	13	1836	106	-13	13	1836	106	-13	13	1836	106	-13	13	1836	106	-13	13	1836
107	-13	13	1849	107	-13	13	1849	107	-13	13	1849	107	-13	13	1849	107	-13	13	1849
108	-13	13	1862	108	-13	13	1862	108	-13	13	1862	108	-13	13	1862	108	-13	13	1862
109	-13	13	1875	109	-13	13	1875	109	-13	13	1875	109	-13	13	1875	109	-13	13	1875
110	-15	15	1890	110	-15	15	1890	110	-15	15	1890	110	-15	15	1890	110	-15	15	1890
111	-118	19	1909	111	-118	19	1909	111	-118	19	1909	111	-118	19	1909	111	-118	19	1909
112	-18	18	1927	112	-18	18	1927	112	-18	18	1927	112	-18	18	1927	112	-18	18	1927
113	-13	13	1940	113	-13	13	1940	113	-13	13	1940	113	-13	13	1940	113	-13	13	1940
114	-15	15	1955	114	-15	15	1955	114	-15	15	1955	114	-15	15	1955	114	-15	15	1955
115	-13	13	1968	115	-13	13	1968	115	-13	13	1968	115	-13	13	1968	115	-13	13	1968
116	-13	13	1981	116	-13	13	1981	116	-13	13	1981	116	-13	13	1981	116	-13	13	1981
117	-15	15	1996	117	-15	15	1996	117	-15	15	1996	117	-15	15	1996	117	-15	15	1996
118	-13	13	2009	118	-13	13	2009	118	-13	13	2009	118	-13	13	2009	118	-13	13	2009
119	-13	13	2022	119	-13	13	2022	119	-13	13	2022	119	-13	13	2022	119	-13	13	2022
120	-228	30	2052	120	-228	30	2052	120	-228	30	2052	120	-228	30	2052	120	-228	30	2052
121	-15	15	2067	121	-15	15	2067	121	-15	15	2067	121	-15	15	2067	121	-15	15	2067
122	-15	15	2082	122	-15	15	2082	122	-15	15	2082	122	-15	15	2082	122	-15	15	2082
123	-17	17	2099	123	-17	17	2099	123	-17	17	2099	123	-17	17	2099	123	-17	17	2099
124	-21	21	2120	124	-21	21	2120	124	-21	21	2120	124	-21	21	2120	124	-21	21	2120
125	-120	21	2141	125	-120	21	2141	125	-120	21	2141	125	-120	21	2141	125	-120	21	2141
126	-117	18	2159	126	-117	18	2159	126	-117	18	2159	126	-117	18	2159	126	-117	18	2159
127	-13	13	2172	127	-13	13	2172	127	-13	13	2172	127	-13	13	2172	127	-13	13	2172
128	-13	13	2185	128	-13	13	2185	128	-13	13	2185	128	-13	13	2185	128	-13	13	2185
129	-13	13	2198	129	-13	13	2198	129	-13	13	2198	129	-13	13	2198	129	-13	13	2198
130	-15	15	2213	130	-15	15	2213	130	-15	15	2213	130	-15	15	2213	130	-15	15	2213
131	-17	17	2230	131	-17	17	2230	131	-17	17	2230	131	-17	17	2230	131	-17	17	2230
132	-14	14	2244	132	-14	14	2244	132	-14	14	2244	132	-14	14	2244	132	-14	14	2244
133	-13	13	2257	133	-13	13	2257	133	-13	13	2257	133	-13	13	2257	133	-13	13	2257
134	-13	13	2270	134	-13	13	2270	134	-13	13	2270	134	-13	13	2270	134	-13	13	2270
135	-15	15	2285	135	-15	15	2285	135	-15	15	2285	135	-15	15	2285	135	-15	15	2285
136	-127	28	2313	136	-127	28	2313	136	-127	28	2313	136	-127	28	2313	136	-127	28	2313
137	-13	13	2326	137	-13	13	2326	137	-13	13	2326	137	-13	13	2326	137	-13	13	2326
138	-17	17	2343	138	-17	17	2343	138	-17	17	2343	138	-17	17	2343	138	-17	17	2343
139	-13	13	2356	139	-13	13	2356	139	-13	13	2356	139	-13	13	2356	139	-13	13	2356
140	-15	15	2371	140	-15	15	2371	140	-15	15	2371	140	-15	15	2371	140	-15	15	2371
141	-15	15	2386	141	-15	15	2386	141	-15	15	2386	141	-15	15	2386	141	-15	15	2386
142	-123	24	2410	142	-123	24	2410	142	-123	24	2410	142	-123	24	2410	142	-123	24	2410
143	-15	15	2425	143	-15	15	2425	143	-15	15	2425	143	-15	15	2425	143	-15	15	2425
144	-15	15	2440	144	-15	15	2440	144	-15	15	2440	144	-15	15	2440	144	-15	15	2440
145	-13	13	2453	145	-13	13	2453	145	-13	13	2453	145	-13	13	2453	145	-13	13	2453
146	-17	17	2470	146	-17	17	2470	146	-17	17	2470	146	-17	17	2470	146	-17	17	2470
147	-13	13	2483	147	-13	13	2483	147	-13	13	2483	147	-13	13	2483	147	-13	13	2483
148	-17	17	2500	148	-17	17	2500	148	-17	17	2500	148	-17	17	2500	148	-17	17	2500
149	-15	15	2515	149	-15	15	2515	149	-15	15	2515	149	-15	15	2515	149	-15	15	2515
150	-15	15	2530	150	-15	15	2530	150	-15	15	2530	150	-15	15	2530	150	-15	15	2530
151	-17	17	2547	151	-17	17	2547	151	-17	17	2547	151	-17	17	2547	151	-17	17	2547
152	-13	13	2560	152	-13	13	2560	152	-13	13	2560	152	-13	13	2560	152	-13	13	2560
153	-13	13	2573	153	-13	13	2573	153	-13	13	2573	153	-13	13	2573	153	-13	13	2573
154	-17	17	2590	154	-17	17	2590	154	-17	17	2590	154	-17	17	2590	154	-17	17	2590
155	-13	13	2603	155	-13	13	2603	155	-13	13	2603	155	-13	13	2603	155	-13	13	2603
156	-20	20	2623	156	-20	20	2623	156	-20	20	2623	156	-20	20	2623	156	-20	20	2623
157	-13	13	2636	157	-13	13	2636	157	-13	13	2636	157	-13	13	2636	157	-13	13	2636
158	-15	15	2651	158	-15	15	2651	158	-15	15	2651	158	-15	15	2651	158	-15	15	2651
159	-124	25	2676	159	-124	25	2676	159	-124	25	2676	159	-124	25	2676	159	-124	25	2676
160	-238	40	2716	160	-238	40	2716	160	-238	40	2716	160	-238	40	2716	160	-238	40	2716
161	-13	13	2729	161	-13	13	2729	161	-13	13	2729	161	-13	13	2729	161	-13	13	2729
162	-16	16	2745	162	-16	16	2745	162	-16	16	2745	162	-16	16	2745	162	-16	16	2745
163	-13	13	2758	163	-13	13	2758	163	-13	13	2758	163	-13	13	2758	163	-13	13	2758
164	-13	13	2771	164	-13	13	2771	164	-13	13	2771	164	-13	13	2771	164	-13	13	2771
165	-13	13	2784	165	-13	13	2784	165	-13	13	2784	165	-13	13	2784	165	-13	13	2784
166	-13	13	2797	166	-13	13	2797	166	-13	13	2797	166	-13	13	2797	166	-13	13	2797
167	-13	13	2810	167	-13	13	2810	167	-13	13	2810	167	-13	13	2810	167	-13	13	2810
168	-221	23	2833	168	-221	23	2833	168	-221	23	2833	168	-221	23	2833	168	-221	23	2833
169	-13	13	2846	169	-13	13	2846	169	-13	13	2846	169	-13	13	2846	169	-13	13	2846
170	-13	13	2859	170	-13	13	2859	170	-13	13	2859	170	-13	13	2859	170	-13	13	2859
171	-13	13	2872	171	-13	13	2872	171	-13	13	2872	171	-13	13	2872	171	-13	13	2872
172	-13	13	2885	172	-13	13	2885	172	-13	13	2885	172	-13	13	2885	172	-13	13	2885
173	-15	15	2900	173	-15	15	2900	173	-15	15	2900	173	-15	15	2900	173	-15	15	2900
174	-13	13	2913	174	-13	13	2913	174	-13	13	2913	174	-13	13	2913	174	-13	13	2913
175	-13	13	2926	175	-13	13	2926	175	-13	13	2926	175	-13	13	2926	175	-13	13	2926
176	-13	13	2939	176	-13	13	2939	176	-13	13	2939	176	-13	13	2939	176	-13	13	2939
177	-16	16	2955	177	-16	16	2955	177	-16	16	2955	177	-16	16	2955	177	-16	16	2955
178	-13	13	2968	178	-13	13	2968	178	-13	13	2968	178	-13	13	2968	178	-13	13	2968
179	-121	22	2990	179	-121	22	2990	179	-121	22	2990	179	-121	22	2990	179	-121	22	2990
180	-13	13	3003	180	-13	13	3003	180	-13	13	3003	180	-13	13	3003	180	-13	13	3003
181	-17	17	3020	181	-17	17	3020	181	-17	17	3020	181	-17	17	3020	181	-17	17	3020
182	-15	15	3035	182	-15	15	3035	182	-15	15	3035	182	-15	15	3035	182	-15	15	3035
183	-15	15	3050	183	-15	15	3050	183	-15	15	3050	183	-15	15	3050	183	-15	15	3050
184	-13	13	3063	184	-13	13	3063	184	-13	13	3063	184	-13	13	3063	184	-13	13	3063
185	-13	13	3076	185	-13	13	3076	185	-13	13	3076	185	-13	13	3076	185	-13	13	3076
186	-15	15	3091	186	-15	15	3091	186	-15	15	3091	186	-15	15	3091	186	-15	15	3091
187	-17	17	3108	187	-17	17	3108	187	-17	17	3108	187	-17	17	3108	187	-17	17	3108
188	-118	19	3127	188	-118	19	3127	188	-118	19	3127	188	-118	19	3127	188	-118	19	3127
189	-17	17	3144	189	-17	17	3144	189	-17	17	3144	189	-17	17	3144	189	-17	17	3144
190	-123	24	3168	190	-123	24	3168	190	-123	24	3168	190	-123	24	3168	190	-123	24	3168
191	-119	20	3188	191	-119	20	3188	191	-119	20	3188	191	-119	20	3188	191	-119	20	3188
192	-17	17	3205	192	-17	17	3205	192	-17	17	3205	192	-17	17	3205	192	-17	17	3205
193	-13	13	3218	193	-13	13	3218	193	-13	13	3218	193	-13	13	3218	193	-13	13	3218
194	-122	23	3241	194	-122	23	3241	194	-122	23	3241	194	-122	23	3241	194	-122	23	3241
195	-13	13	3254	195	-13	13	3254	195	-13	13	3254	195	-13	13	3254	195	-13	13	3254
196	-13	13	3267	196	-13	13	3267	196	-13	13	3267	196	-13	13	3267	196	-13	13	3267
197	-16	16	3283	197	-16	16	3283	197	-16	16	3283	197	-16	16	3283	197	-16	16	3283
198	-13	13	3296	198	-13	13	3296	198	-13	13	3296	198	-13	13	3296	198	-13	13	3296
199	-13	13	3309	199	-13	13	3309	199	-13	13	3309	199	-13	13	3309	199	-13	13	3309
