Episode	Accumulated Reward	Length	Steps	Episode	Accumulated Reward	Length	Steps	Episode	Accumulated Reward	Length	Steps	Episode	Accumulated Reward	Length	Steps	Episode	Accumulated Reward	Length	Steps
0	-500.0	500	500	0	-500.0	500	500	0	-500.0	500	500	0	-500.0	500	500	0	-500.0	500	500
1	-500.0	500	1000	1	-500.0	500	1000	1	-500.0	500	1000	1	-500.0	500	1000	1	-500.0	500	1000
2	-481.0	481	1481	2	-481.0	481	1481	2	-481.0	481	1481	2	-481.0	481	1481	2	-481.0	481	1481
3	-410.0	410	1891	3	-410.0	410	1891	3	-410.0	410	1891	3	-410.0	410	1891	3	-410.0	410	1891
4	-371.0	371	2262	4	-371.0	371	2262	4	-371.0	371	2262	4	-371.0	371	2262	4	-371.0	371	2262
5	-251.0	251	2513	5	-251.0	251	2513	5	-251.0	251	2513	5	-251.0	251	2513	5	-251.0	251	2513
6	-410.0	410	2923	6	-410.0	410	2923	6	-410.0	410	2923	6	-410.0	410	2923	6	-410.0	410	2923
7	-273.0	273	3196	7	-273.0	273	3196	7	-273.0	273	3196	7	-273.0	273	3196	7	-273.0	273	3196
8	-415.0	415	3611	8	-415.0	415	3611	8	-415.0	415	3611	8	-415.0	415	3611	8	-415.0	415	3611
9	-228.0	228	3839	9	-228.0	228	3839	9	-228.0	228	3839	9	-228.0	228	3839	9	-228.0	228	3839
10	-216.0	216	4055	10	-216.0	216	4055	10	-216.0	216	4055	10	-216.0	216	4055	10	-216.0	216	4055
11	-309.0	309	4364	11	-309.0	309	4364	11	-309.0	309	4364	11	-309.0	309	4364	11	-309.0	309	4364
12	-265.0	265	4629	12	-265.0	265	4629	12	-265.0	265	4629	12	-265.0	265	4629	12	-265.0	265	4629
13	-259.0	259	4888	13	-259.0	259	4888	13	-259.0	259	4888	13	-259.0	259	4888	13	-259.0	259	4888
14	-198.0	198	5086	14	-198.0	198	5086	14	-198.0	198	5086	14	-198.0	198	5086	14	-198.0	198	5086
15	-268.0	268	5354	15	-268.0	268	5354	15	-268.0	268	5354	15	-268.0	268	5354	15	-268.0	268	5354
16	-160.0	160	5514	16	-160.0	160	5514	16	-160.0	160	5514	16	-160.0	160	5514	16	-160.0	160	5514
17	-227.0	227	5741	17	-227.0	227	5741	17	-227.0	227	5741	17	-227.0	227	5741	17	-227.0	227	5741
18	-194.0	194	5935	18	-194.0	194	5935	18	-194.0	194	5935	18	-194.0	194	5935	18	-194.0	194	5935
19	-228.0	228	6163	19	-228.0	228	6163	19	-228.0	228	6163	19	-228.0	228	6163	19	-228.0	228	6163
20	-159.0	159	6322	20	-159.0	159	6322	20	-159.0	159	6322	20	-159.0	159	6322	20	-159.0	159	6322
21	-167.0	167	6489	21	-167.0	167	6489	21	-167.0	167	6489	21	-167.0	167	6489	21	-167.0	167	6489
22	-229.0	229	6718	22	-229.0	229	6718	22	-229.0	229	6718	22	-229.0	229	6718	22	-229.0	229	6718
23	-145.0	145	6863	23	-145.0	145	6863	23	-145.0	145	6863	23	-145.0	145	6863	23	-145.0	145	6863
24	-148.0	148	7011	24	-148.0	148	7011	24	-148.0	148	7011	24	-148.0	148	7011	24	-148.0	148	7011
25	-146.0	146	7157	25	-146.0	146	7157	25	-146.0	146	7157	25	-146.0	146	7157	25	-146.0	146	7157
26	-148.0	148	7305	26	-148.0	148	7305	26	-148.0	148	7305	26	-148.0	148	7305	26	-148.0	148	7305
27	-154.0	154	7459	27	-154.0	154	7459	27	-154.0	154	7459	27	-154.0	154	7459	27	-154.0	154	7459
28	-186.0	186	7645	28	-186.0	186	7645	28	-186.0	186	7645	28	-186.0	186	7645	28	-186.0	186	7645
29	-190.0	190	7835	29	-190.0	190	7835	29	-190.0	190	7835	29	-190.0	190	7835	29	-190.0	190	7835
30	-175.0	175	8010	30	-175.0	175	8010	30	-175.0	175	8010	30	-175.0	175	8010	30	-175.0	175	8010
31	-195.0	195	8205	31	-195.0	195	8205	31	-195.0	195	8205	31	-195.0	195	8205	31	-195.0	195	8205
32	-193.0	193	8398	32	-193.0	193	8398	32	-193.0	193	8398	32	-193.0	193	8398	32	-193.0	193	8398
33	-164.0	164	8562	33	-164.0	164	8562	33	-164.0	164	8562	33	-164.0	164	8562	33	-164.0	164	8562
34	-152.0	152	8714	34	-152.0	152	8714	34	-152.0	152	8714	34	-152.0	152	8714	34	-152.0	152	8714
35	-148.0	148	8862	35	-148.0	148	8862	35	-148.0	148	8862	35	-148.0	148	8862	35	-148.0	148	8862
36	-152.0	152	9014	36	-152.0	152	9014	36	-152.0	152	9014	36	-152.0	152	9014	36	-152.0	152	9014
37	-146.0	146	9160	37	-146.0	146	9160	37	-146.0	146	9160	37	-146.0	146	9160	37	-146.0	146	9160
38	-153.0	153	9313	38	-153.0	153	9313	38	-153.0	153	9313	38	-153.0	153	9313	38	-153.0	153	9313
39	-183.0	183	9496	39	-183.0	183	9496	39	-183.0	183	9496	39	-183.0	183	9496	39	-183.0	183	9496
40	-147.0	147	9643	40	-147.0	147	9643	40	-147.0	147	9643	40	-147.0	147	9643	40	-147.0	147	9643
41	-142.0	142	9785	41	-142.0	142	9785	41	-142.0	142	9785	41	-142.0	142	9785	41	-142.0	142	9785
42	-198.0	198	9983	42	-198.0	198	9983	42	-198.0	198	9983	42	-198.0	198	9983	42	-198.0	198	9983
43	-169.0	169	10152	43	-169.0	169	10152	43	-169.0	169	10152	43	-169.0	169	10152	43	-169.0	169	10152
44	-118.0	118	10270	44	-118.0	118	10270	44	-118.0	118	10270	44	-118.0	118	10270	44	-118.0	118	10270
45	-110.0	110	10380	45	-110.0	110	10380	45	-110.0	110	10380	45	-110.0	110	10380	45	-110.0	110	10380
46	-153.0	153	10533	46	-153.0	153	10533	46	-153.0	153	10533	46	-153.0	153	10533	46	-153.0	153	10533
47	-205.0	205	10738	47	-205.0	205	10738	47	-205.0	205	10738	47	-205.0	205	10738	47	-205.0	205	10738
48	-193.0	193	10931	48	-193.0	193	10931	48	-193.0	193	10931	48	-193.0	193	10931	48	-193.0	193	10931
49	-172.0	172	11103	49	-172.0	172	11103	49	-172.0	172	11103	49	-172.0	172	11103	49	-172.0	172	11103
50	-141.0	141	11244	50	-141.0	141	11244	50	-141.0	141	11244	50	-141.0	141	11244	50	-141.0	141	11244
51	-138.0	138	11382	51	-138.0	138	11382	51	-138.0	138	11382	51	-138.0	138	11382	51	-138.0	138	11382
52	-155.0	155	11537	52	-155.0	155	11537	52	-155.0	155	11537	52	-155.0	155	11537	52	-155.0	155	11537
53	-143.0	143	11680	53	-143.0	143	11680	53	-143.0	143	11680	53	-143.0	143	11680	53	-143.0	143	11680
54	-179.0	179	11859	54	-179.0	179	11859	54	-179.0	179	11859	54	-179.0	179	11859	54	-179.0	179	11859
55	-139.0	139	11998	55	-139.0	139	11998	55	-139.0	139	11998	55	-139.0	139	11998	55	-139.0	139	11998
56	-145.0	145	12143	56	-145.0	145	12143	56	-145.0	145	12143	56	-145.0	145	12143	56	-145.0	145	12143
57	-138.0	138	12281	57	-138.0	138	12281	57	-138.0	138	12281	57	-138.0	138	12281	57	-138.0	138	12281
58	-238.0	238	12519	58	-238.0	238	12519	58	-238.0	238	12519	58	-238.0	238	12519	58	-238.0	238	12519
59	-150.0	150	12669	59	-150.0	150	12669	59	-150.0	150	12669	59	-150.0	150	12669	59	-150.0	150	12669
60	-179.0	179	12848	60	-179.0	179	12848	60	-179.0	179	12848	60	-179.0	179	12848	60	-179.0	179	12848
61	-155.0	155	13003	61	-155.0	155	13003	61	-155.0	155	13003	61	-155.0	155	13003	61	-155.0	155	13003
62	-143.0	143	13146	62	-143.0	143	13146	62	-143.0	143	13146	62	-143.0	143	13146	62	-143.0	143	13146
63	-193.0	193	13339	63	-193.0	193	13339	63	-193.0	193	13339	63	-193.0	193	13339	63	-193.0	193	13339
64	-183.0	183	13522	64	-183.0	183	13522	64	-183.0	183	13522	64	-183.0	183	13522	64	-183.0	183	13522
65	-176.0	176	13698	65	-176.0	176	13698	65	-176.0	176	13698	65	-176.0	176	13698	65	-176.0	176	13698
66	-159.0	159	13857	66	-159.0	159	13857	66	-159.0	159	13857	66	-159.0	159	13857	66	-159.0	159	13857
67	-109.0	109	13966	67	-109.0	109	13966	67	-109.0	109	13966	67	-109.0	109	13966	67	-109.0	109	13966
68	-191.0	191	14157	68	-191.0	191	14157	68	-191.0	191	14157	68	-191.0	191	14157	68	-191.0	191	14157
69	-151.0	151	14308	69	-151.0	151	14308	69	-151.0	151	14308	69	-151.0	151	14308	69	-151.0	151	14308
70	-185.0	185	14493	70	-185.0	185	14493	70	-185.0	185	14493	70	-185.0	185	14493	70	-185.0	185	14493
71	-116.0	116	14609	71	-116.0	116	14609	71	-116.0	116	14609	71	-116.0	116	14609	71	-116.0	116	14609
72	-144.0	144	14753	72	-144.0	144	14753	72	-144.0	144	14753	72	-144.0	144	14753	72	-144.0	144	14753
73	-132.0	132	14885	73	-132.0	132	14885	73	-132.0	132	14885	73	-132.0	132	14885	73	-132.0	132	14885
74	-133.0	133	15018	74	-133.0	133	15018	74	-133.0	133	15018	74	-133.0	133	15018	74	-133.0	133	15018
75	-108.0	108	15126	75	-108.0	108	15126	75	-108.0	108	15126	75	-108.0	108	15126	75	-108.0	108	15126
76	-156.0	156	15282	76	-156.0	156	15282	76	-156.0	156	15282	76	-156.0	156	15282	76	-156.0	156	15282
77	-109.0	109	15391	77	-109.0	109	15391	77	-109.0	109	15391	77	-109.0	109	15391	77	-109.0	109	15391
78	-142.0	142	15533	78	-142.0	142	15533	78	-142.0	142	15533	78	-142.0	142	15533	78	-142.0	142	15533
79	-107.0	107	15640	79	-107.0	107	15640	79	-107.0	107	15640	79	-107.0	107	15640	79	-107.0	107	15640
80	-137.0	137	15777	80	-137.0	137	15777	80	-137.0	137	15777	80	-137.0	137	15777	80	-137.0	137	15777
81	-139.0	139	15916	81	-139.0	139	15916	81	-139.0	139	15916	81	-139.0	139	15916	81	-139.0	139	15916
82	-141.0	141	16057	82	-141.0	141	16057	82	-141.0	141	16057	82	-141.0	141	16057	82	-141.0	141	16057
83	-127.0	127	16184	83	-127.0	127	16184	83	-127.0	127	16184	83	-127.0	127	16184	83	-127.0	127	16184
84	-138.0	138	16322	84	-138.0	138	16322	84	-138.0	138	16322	84	-138.0	138	16322	84	-138.0	138	16322
85	-163.0	163	16485	85	-163.0	163	16485	85	-163.0	163	16485	85	-163.0	163	16485	85	-163.0	163	16485
86	-134.0	134	16619	86	-134.0	134	16619	86	-134.0	134	16619	86	-134.0	134	16619	86	-134.0	134	16619
87	-139.0	139	16758	87	-139.0	139	16758	87	-139.0	139	16758	87	-139.0	139	16758	87	-139.0	139	16758
88	-146.0	146	16904	88	-146.0	146	16904	88	-146.0	146	16904	88	-146.0	146	16904	88	-146.0	146	16904
89	-138.0	138	17042	89	-138.0	138	17042	89	-138.0	138	17042	89	-138.0	138	17042	89	-138.0	138	17042
90	-205.0	205	17247	90	-205.0	205	17247	90	-205.0	205	17247	90	-205.0	205	17247	90	-205.0	205	17247
91	-180.0	180	17427	91	-180.0	180	17427	91	-180.0	180	17427	91	-180.0	180	17427	91	-180.0	180	17427
92	-136.0	136	17563	92	-136.0	136	17563	92	-136.0	136	17563	92	-136.0	136	17563	92	-136.0	136	17563
93	-185.0	185	17748	93	-185.0	185	17748	93	-185.0	185	17748	93	-185.0	185	17748	93	-185.0	185	17748
94	-148.0	148	17896	94	-148.0	148	17896	94	-148.0	148	17896	94	-148.0	148	17896	94	-148.0	148	17896
95	-189.0	189	18085	95	-189.0	189	18085	95	-189.0	189	18085	95	-189.0	189	18085	95	-189.0	189	18085
96	-144.0	144	18229	96	-144.0	144	18229	96	-144.0	144	18229	96	-144.0	144	18229	96	-144.0	144	18229
97	-138.0	138	18367	97	-138.0	138	18367	97	-138.0	138	18367	97	-138.0	138	18367	97	-138.0	138	18367
98	-128.0	128	18495	98	-128.0	128	18495	98	-128.0	128	18495	98	-128.0	128	18495	98	-128.0	128	18495
99	-139.0	139	18634	99	-139.0	139	18634	99	-139.0	139	18634	99	-139.0	139	18634	99	-139.0	139	18634
100	-114.0	114	18748	100	-114.0	114	18748	100	-114.0	114	18748	100	-114.0	114	18748	100	-114.0	114	18748
101	-152.0	152	18900	101	-152.0	152	18900	101	-152.0	152	18900	101	-152.0	152	18900	101	-152.0	152	18900
102	-126.0	126	19026	102	-126.0	126	19026	102	-126.0	126	19026	102	-126.0	126	19026	102	-126.0	126	19026
103	-109.0	109	19135	103	-109.0	109	19135	103	-109.0	109	19135	103	-109.0	109	19135	103	-109.0	109	19135
104	-123.0	123	19258	104	-123.0	123	19258	104	-123.0	123	19258	104	-123.0	123	19258	104	-123.0	123	19258
105	-212.0	212	19470	105	-212.0	212	19470	105	-212.0	212	19470	105	-212.0	212	19470	105	-212.0	212	19470
106	-176.0	176	19646	106	-176.0	176	19646	106	-176.0	176	19646	106	-176.0	176	19646	106	-176.0	176	19646
107	-157.0	157	19803	107	-157.0	157	19803	107	-157.0	157	19803	107	-157.0	157	19803	107	-157.0	157	19803
108	-190.0	190	19993	108	-190.0	190	19993	108	-190.0	190	19993	108	-190.0	190	19993	108	-190.0	190	19993
109	-178.0	178	20171	109	-178.0	178	20171	109	-178.0	178	20171	109	-178.0	178	20171	109	-178.0	178	20171
110	-151.0	151	20322	110	-151.0	151	20322	110	-151.0	151	20322	110	-151.0	151	20322	110	-151.0	151	20322
111	-148.0	148	20470	111	-148.0	148	20470	111	-148.0	148	20470	111	-148.0	148	20470	111	-148.0	148	20470
112	-142.0	142	20612	112	-142.0	142	20612	112	-142.0	142	20612	112	-142.0	142	20612	112	-142.0	142	20612
113	-174.0	174	20786	113	-174.0	174	20786	113	-174.0	174	20786	113	-174.0	174	20786	113	-174.0	174	20786
114	-135.0	135	20921	114	-135.0	135	20921	114	-135.0	135	20921	114	-135.0	135	20921	114	-135.0	135	20921
115	-170.0	170	21091	115	-170.0	170	21091	115	-170.0	170	21091	115	-170.0	170	21091	115	-170.0	170	21091
116	-174.0	174	21265	116	-174.0	174	21265	116	-174.0	174	21265	116	-174.0	174	21265	116	-174.0	174	21265
117	-135.0	135	21400	117	-135.0	135	21400	117	-135.0	135	21400	117	-135.0	135	21400	117	-135.0	135	21400
118	-146.0	146	21546	118	-146.0	146	21546	118	-146.0	146	21546	118	-146.0	146	21546	118	-146.0	146	21546
119	-131.0	131	21677	119	-131.0	131	21677	119	-131.0	131	21677	119	-131.0	131	21677	119	-131.0	131	21677
120	-144.0	144	21821	120	-144.0	144	21821	120	-144.0	144	21821	120	-144.0	144	21821	120	-144.0	144	21821
121	-131.0	131	21952	121	-131.0	131	21952	121	-131.0	131	21952	121	-131.0	131	21952	121	-131.0	131	21952
122	-145.0	145	22097	122	-145.0	145	22097	122	-145.0	145	22097	122	-145.0	145	22097	122	-145.0	145	22097
123	-144.0	144	22241	123	-144.0	144	22241	123	-144.0	144	22241	123	-144.0	144	22241	123	-144.0	144	22241
124	-180.0	180	22421	124	-180.0	180	22421	124	-180.0	180	22421	124	-180.0	180	22421	124	-180.0	180	22421
125	-133.0	133	22554	125	-133.0	133	22554	125	-133.0	133	22554	125	-133.0	133	22554	125	-133.0	133	22554
126	-150.0	150	22704	126	-150.0	150	22704	126	-150.0	150	22704	126	-150.0	150	22704	126	-150.0	150	22704
127	-150.0	150	22854	127	-150.0	150	22854	127	-150.0	150	22854	127	-150.0	150	22854	127	-150.0	150	22854
128	-147.0	147	23001	128	-147.0	147	23001	128	-147.0	147	23001	128	-147.0	147	23001	128	-147.0	147	23001
129	-148.0	148	23149	129	-148.0	148	23149	129	-148.0	148	23149	129	-148.0	148	23149	129	-148.0	148	23149
130	-187.0	187	23336	130	-187.0	187	23336	130	-187.0	187	23336	130	-187.0	187	23336	130	-187.0	187	23336
131	-148.0	148	23484	131	-148.0	148	23484	131	-148.0	148	23484	131	-148.0	148	23484	131	-148.0	148	23484
132	-176.0	176	23660	132	-176.0	176	23660	132	-176.0	176	23660	132	-176.0	176	23660	132	-176.0	176	23660
133	-185.0	185	23845	133	-185.0	185	23845	133	-185.0	185	23845	133	-185.0	185	23845	133	-185.0	185	23845
134	-150.0	150	23995	134	-150.0	150	23995	134	-150.0	150	23995	134	-150.0	150	23995	134	-150.0	150	23995
135	-113.0	113	24108	135	-113.0	113	24108	135	-113.0	113	24108	135	-113.0	113	24108	135	-113.0	113	24108
136	-157.0	157	24265	136	-157.0	157	24265	136	-157.0	157	24265	136	-157.0	157	24265	136	-157.0	157	24265
137	-173.0	173	24438	137	-173.0	173	24438	137	-173.0	173	24438	137	-173.0	173	24438	137	-173.0	173	24438
138	-152.0	152	24590	138	-152.0	152	24590	138	-152.0	152	24590	138	-152.0	152	24590	138	-152.0	152	24590
139	-112.0	112	24702	139	-112.0	112	24702	139	-112.0	112	24702	139	-112.0	112	24702	139	-112.0	112	24702
140	-155.0	155	24857	140	-155.0	155	24857	140	-155.0	155	24857	140	-155.0	155	24857	140	-155.0	155	24857
141	-187.0	187	25044	141	-187.0	187	25044	141	-187.0	187	25044	141	-187.0	187	25044	141	-187.0	187	25044
142	-201.0	201	25245	142	-201.0	201	25245	142	-201.0	201	25245	142	-201.0	201	25245	142	-201.0	201	25245
143	-113.0	113	25358	143	-113.0	113	25358	143	-113.0	113	25358	143	-113.0	113	25358	143	-113.0	113	25358
144	-115.0	115	25473	144	-115.0	115	25473	144	-115.0	115	25473	144	-115.0	115	25473	144	-115.0	115	25473
145	-166.0	166	25639	145	-166.0	166	25639	145	-166.0	166	25639	145	-166.0	166	25639	145	-166.0	166	25639
146	-163.0	163	25802	146	-163.0	163	25802	146	-163.0	163	25802	146	-163.0	163	25802	146	-163.0	163	25802
147	-112.0	112	25914	147	-112.0	112	25914	147	-112.0	112	25914	147	-112.0	112	25914	147	-112.0	112	25914
148	-162.0	162	26076	148	-162.0	162	26076	148	-162.0	162	26076	148	-162.0	162	26076	148	-162.0	162	26076
149	-139.0	139	26215	149	-139.0	139	26215	149	-139.0	139	26215	149	-139.0	139	26215	149	-139.0	139	26215
150	-154.0	154	26369	150	-154.0	154	26369	150	-154.0	154	26369	150	-154.0	154	26369	150	-154.0	154	26369
151	-158.0	158	26527	151	-158.0	158	26527	151	-158.0	158	26527	151	-158.0	158	26527	151	-158.0	158	26527
152	-143.0	143	26670	152	-143.0	143	26670	152	-143.0	143	26670	152	-143.0	143	26670	152	-143.0	143	26670
153	-137.0	137	26807	153	-137.0	137	26807	153	-137.0	137	26807	153	-137.0	137	26807	153	-137.0	137	26807
154	-150.0	150	26957	154	-150.0	150	26957	154	-150.0	150	26957	154	-150.0	150	26957	154	-150.0	150	26957
155	-176.0	176	27133	155	-176.0	176	27133	155	-176.0	176	27133	155	-176.0	176	27133	155	-176.0	176	27133
156	-153.0	153	27286	156	-153.0	153	27286	156	-153.0	153	27286	156	-153.0	153	27286	156	-153.0	153	27286
157	-146.0	146	27432	157	-146.0	146	27432	157	-146.0	146	27432	157	-146.0	146	27432	157	-146.0	146	27432
158	-149.0	149	27581	158	-149.0	149	27581	158	-149.0	149	27581	158	-149.0	149	27581	158	-149.0	149	27581
159	-143.0	143	27724	159	-143.0	143	27724	159	-143.0	143	27724	159	-143.0	143	27724	159	-143.0	143	27724
160	-139.0	139	27863	160	-139.0	139	27863	160	-139.0	139	27863	160	-139.0	139	27863	160	-139.0	139	27863
161	-142.0	142	28005	161	-142.0	142	28005	161	-142.0	142	28005	161	-142.0	142	28005	161	-142.0	142	28005
162	-140.0	140	28145	162	-140.0	140	28145	162	-140.0	140	28145	162	-140.0	140	28145	162	-140.0	140	28145
163	-172.0	172	28317	163	-172.0	172	28317	163	-172.0	172	28317	163	-172.0	172	28317	163	-172.0	172	28317
164	-178.0	178	28495	164	-178.0	178	28495	164	-178.0	178	28495	164	-178.0	178	28495	164	-178.0	178	28495
165	-144.0	144	28639	165	-144.0	144	28639	165	-144.0	144	28639	165	-144.0	144	28639	165	-144.0	144	28639
166	-146.0	146	28785	166	-146.0	146	28785	166	-146.0	146	28785	166	-146.0	146	28785	166	-146.0	146	28785
167	-144.0	144	28929	167	-144.0	144	28929	167	-144.0	144	28929	167	-144.0	144	28929	167	-144.0	144	28929
168	-110.0	110	29039	168	-110.0	110	29039	168	-110.0	110	29039	168	-110.0	110	29039	168	-110.0	110	29039
169	-141.0	141	29180	169	-141.0	141	29180	169	-141.0	141	29180	169	-141.0	141	29180	169	-141.0	141	29180
170	-139.0	139	29319	170	-139.0	139	29319	170	-139.0	139	29319	170	-139.0	139	29319	170	-139.0	139	29319
171	-143.0	143	29462	171	-143.0	143	29462	171	-143.0	143	29462	171	-143.0	143	29462	171	-143.0	143	29462
172	-139.0	139	29601	172	-139.0	139	29601	172	-139.0	139	29601	172	-139.0	139	29601	172	-139.0	139	29601
173	-108.0	108	29709	173	-108.0	108	29709	173	-108.0	108	29709	173	-108.0	108	29709	173	-108.0	108	29709
174	-142.0	142	29851	174	-142.0	142	29851	174	-142.0	142	29851	174	-142.0	142	29851	174	-142.0	142	29851
175	-140.0	140	29991	175	-140.0	140	29991	175	-140.0	140	29991	175	-140.0	140	29991	175	-140.0	140	29991
176	-137.0	137	30128	176	-137.0	137	30128	176	-137.0	137	30128	176	-137.0	137	30128	176	-137.0	137	30128
177	-138.0	138	30266	177	-138.0	138	30266	177	-138.0	138	30266	177	-138.0	138	30266	177	-138.0	138	30266
178	-108.0	108	30374	178	-108.0	108	30374	178	-108.0	108	30374	178	-108.0	108	30374	178	-108.0	108	30374
179	-139.0	139	30513	179	-139.0	139	30513	179	-139.0	139	30513	179	-139.0	139	30513	179	-139.0	139	30513
180	-143.0	143	30656	180	-143.0	143	30656	180	-143.0	143	30656	180	-143.0	143	30656	180	-143.0	143	30656
181	-108.0	108	30764	181	-108.0	108	30764	181	-108.0	108	30764	181	-108.0	108	30764	181	-108.0	108	30764
182	-109.0	109	30873	182	-109.0	109	30873	182	-109.0	109	30873	182	-109.0	109	30873	182	-109.0	109	30873
183	-147.0	147	31020	183	-147.0	147	31020	183	-147.0	147	31020	183	-147.0	147	31020	183	-147.0	147	31020
184	-148.0	148	31168	184	-148.0	148	31168	184	-148.0	148	31168	184	-148.0	148	31168	184	-148.0	148	31168
185	-125.0	125	31293	185	-125.0	125	31293	185	-125.0	125	31293	185	-125.0	125	31293	185	-125.0	125	31293
186	-145.0	145	31438	186	-145.0	145	31438	186	-145.0	145	31438	186	-145.0	145	31438	186	-145.0	145	31438
187	-113.0	113	31551	187	-113.0	113	31551	187	-113.0	113	31551	187	-113.0	113	31551	187	-113.0	113	31551
188	-113.0	113	31664	188	-113.0	113	31664	188	-113.0	113	31664	188	-113.0	113	31664	188	-113.0	113	31664
189	-109.0	109	31773	189	-109.0	109	31773	189	-109.0	109	31773	189	-109.0	109	31773	189	-109.0	109	31773
190	-110.0	110	31883	190	-110.0	110	31883	190	-110.0	110	31883	190	-110.0	110	31883	190	-110.0	110	31883
191	-109.0	109	31992	191	-109.0	109	31992	191	-109.0	109	31992	191	-109.0	109	31992	191	-109.0	109	31992
192	-109.0	109	32101	192	-109.0	109	32101	192	-109.0	109	32101	192	-109.0	109	32101	192	-109.0	109	32101
193	-149.0	149	32250	193	-149.0	149	32250	193	-149.0	149	32250	193	-149.0	149	32250	193	-149.0	149	32250
194	-105.0	105	32355	194	-105.0	105	32355	194	-105.0	105	32355	194	-105.0	105	32355	194	-105.0	105	32355
195	-106.0	106	32461	195	-106.0	106	32461	195	-106.0	106	32461	195	-106.0	106	32461	195	-106.0	106	32461
196	-105.0	105	32566	196	-105.0	105	32566	196	-105.0	105	32566	196	-105.0	105	32566	196	-105.0	105	32566
197	-131.0	131	32697	197	-131.0	131	32697	197	-131.0	131	32697	197	-131.0	131	32697	197	-131.0	131	32697
198	-123.0	123	32820	198	-123.0	123	32820	198	-123.0	123	32820	198	-123.0	123	32820	198	-123.0	123	32820
199	-144.0	144	32964	199	-144.0	144	32964	199	-144.0	144	32964	199	-144.0	144	32964	199	-144.0	144	32964
200	-90.0	90	33054	200	-90.0	90	33054	200	-90.0	90	33054	200	-90.0	90	33054	200	-90.0	90	33054
201	-96.0	96	33150	201	-96.0	96	33150	201	-96.0	96	33150	201	-96.0	96	33150	201	-96.0	96	33150
202	-173.0	173	33323	202	-173.0	173	33323	202	-173.0	173	33323	202	-173.0	173	33323	202	-173.0	173	33323
203	-107.0	107	33430	203	-107.0	107	33430	203	-107.0	107	33430	203	-107.0	107	33430	203	-107.0	107	33430
204	-107.0	107	33537	204	-107.0	107	33537	204	-107.0	107	33537	204	-107.0	107	33537	204	-107.0	107	33537
205	-143.0	143	33680	205	-143.0	143	33680	205	-143.0	143	33680	205	-143.0	143	33680	205	-143.0	143	33680
206	-138.0	138	33818	206	-138.0	138	33818	206	-138.0	138	33818	206	-138.0	138	33818	206	-138.0	138	33818
207	-136.0	136	33954	207	-136.0	136	33954	207	-136.0	136	33954	207	-136.0	136	33954	207	-136.0	136	33954
208	-143.0	143	34097	208	-143.0	143	34097	208	-143.0	143	34097	208	-143.0	143	34097	208	-143.0	143	34097
209	-152.0	152	34249	209	-152.0	152	34249	209	-152.0	152	34249	209	-152.0	152	34249	209	-152.0	152	34249
210	-140.0	140	34389	210	-140.0	140	34389	210	-140.0	140	34389	210	-140.0	140	34389	210	-140.0	140	34389
211	-109.0	109	34498	211	-109.0	109	34498	211	-109.0	109	34498	211	-109.0	109	34498	211	-109.0	109	34498
212	-137.0	137	34635	212	-137.0	137	34635	212	-137.0	137	34635	212	-137.0	137	34635	212	-137.0	137	34635
213	-131.0	131	34766	213	-131.0	131	34766	213	-131.0	131	34766	213	-131.0	131	34766	213	-131.0	131	34766
214	-131.0	131	34897	214	-131.0	131	34897	214	-131.0	131	34897	214	-131.0	131	34897	214	-131.0	131	34897
215	-105.0	105	35002	215	-105.0	105	35002	215	-105.0	105	35002	215	-105.0	105	35002	215	-105.0	105	35002
216	-105.0	105	35107	216	-105.0	105	35107	216	-105.0	105	35107	216	-105.0	105	35107	216	-105.0	105	35107
217	-134.0	134	35241	217	-134.0	134	35241	217	-134.0	134	35241	217	-134.0	134	35241	217	-134.0	134	35241
218	-141.0	141	35382	218	-141.0	141	35382	218	-141.0	141	35382	218	-141.0	141	35382	218	-141.0	141	35382
219	-107.0	107	35489	219	-107.0	107	35489	219	-107.0	107	35489	219	-107.0	107	35489	219	-107.0	107	35489
220	-137.0	137	35626	220	-137.0	137	35626	220	-137.0	137	35626	220	-137.0	137	35626	220	-137.0	137	35626
221	-138.0	138	35764	221	-138.0	138	35764	221	-138.0	138	35764	221	-138.0	138	35764	221	-138.0	138	35764
222	-112.0	112	35876	222	-112.0	112	35876	222	-112.0	112	35876	222	-112.0	112	35876	222	-112.0	112	35876
223	-154.0	154	36030	223	-154.0	154	36030	223	-154.0	154	36030	223	-154.0	154	36030	223	-154.0	154	36030
224	-128.0	128	36158	224	-128.0	128	36158	224	-128.0	128	36158	224	-128.0	128	36158	224	-128.0	128	36158
225	-139.0	139	36297	225	-139.0	139	36297	225	-139.0	139	36297	225	-139.0	139	36297	225	-139.0	139	36297
226	-139.0	139	36436	226	-139.0	139	36436	226	-139.0	139	36436	226	-139.0	139	36436	226	-139.0	139	36436
227	-139.0	139	36575	227	-139.0	139	36575	227	-139.0	139	36575	227	-139.0	139	36575	227	-139.0	139	36575
228	-133.0	133	36708	228	-133.0	133	36708	228	-133.0	133	36708	228	-133.0	133	36708	228	-133.0	133	36708
229	-106.0	106	36814	229	-106.0	106	36814	229	-106.0	106	36814	229	-106.0	106	36814	229	-106.0	106	36814
230	-105.0	105	36919	230	-105.0	105	36919	230	-105.0	105	36919	230	-105.0	105	36919	230	-105.0	105	36919
231	-121.0	121	37040	231	-121.0	121	37040	231	-121.0	121	37040	231	-121.0	121	37040	231	-121.0	121	37040
232	-106.0	106	37146	232	-106.0	106	37146	232	-106.0	106	37146	232	-106.0	106	37146	232	-106.0	106	37146
233	-109.0	109	37255	233	-109.0	109	37255	233	-109.0	109	37255	233	-109.0	109	37255	233	-109.0	109	37255
234	-108.0	108	37363	234	-108.0	108	37363	234	-108.0	108	37363	234	-108.0	108	37363	234	-108.0	108	37363
235	-107.0	107	37470	235	-107.0	107	37470	235	-107.0	107	37470	235	-107.0	107	37470	235	-107.0	107	37470
236	-106.0	106	37576	236	-106.0	106	37576	236	-106.0	106	37576	236	-106.0	106	37576	236	-106.0	106	37576
237	-108.0	108	37684	237	-108.0	108	37684	237	-108.0	108	37684	237	-108.0	108	37684	237	-108.0	108	37684
238	-107.0	107	37791	238	-107.0	107	37791	238	-107.0	107	37791	238	-107.0	107	37791	238	-107.0	107	37791
239	-105.0	105	37896	239	-105.0	105	37896	239	-105.0	105	37896	239	-105.0	105	37896	239	-105.0	105	37896
240	-106.0	106	38002	240	-106.0	106	38002	240	-106.0	106	38002	240	-106.0	106	38002	240	-106.0	106	38002
241	-111.0	111	38113	241	-111.0	111	38113	241	-111.0	111	38113	241	-111.0	111	38113	241	-111.0	111	38113
242	-178.0	178	38291	242	-178.0	178	38291	242	-178.0	178	38291	242	-178.0	178	38291	242	-178.0	178	38291
243	-106.0	106	38397	243	-106.0	106	38397	243	-106.0	106	38397	243	-106.0	106	38397	243	-106.0	106	38397
244	-106.0	106	38503	244	-106.0	106	38503	244	-106.0	106	38503	244	-106.0	106	38503	244	-106.0	106	38503
245	-107.0	107	38610	245	-107.0	107	38610	245	-107.0	107	38610	245	-107.0	107	38610	245	-107.0	107	38610
246	-106.0	106	38716	246	-106.0	106	38716	246	-106.0	106	38716	246	-106.0	106	38716	246	-106.0	106	38716
247	-138.0	138	38854	247	-138.0	138	38854	247	-138.0	138	38854	247	-138.0	138	38854	247	-138.0	138	38854
248	-150.0	150	39004	248	-150.0	150	39004	248	-150.0	150	39004	248	-150.0	150	39004	248	-150.0	150	39004
249	-138.0	138	39142	249	-138.0	138	39142	249	-138.0	138	39142	249	-138.0	138	39142	249	-138.0	138	39142
250	-106.0	106	39248	250	-106.0	106	39248	250	-106.0	106	39248	250	-106.0	106	39248	250	-106.0	106	39248
251	-106.0	106	39354	251	-106.0	106	39354	251	-106.0	106	39354	251	-106.0	106	39354	251	-106.0	106	39354
252	-139.0	139	39493	252	-139.0	139	39493	252	-139.0	139	39493	252	-139.0	139	39493	252	-139.0	139	39493
253	-105.0	105	39598	253	-105.0	105	39598	253	-105.0	105	39598	253	-105.0	105	39598	253	-105.0	105	39598
254	-108.0	108	39706	254	-108.0	108	39706	254	-108.0	108	39706	254	-108.0	108	39706	254	-108.0	108	39706
255	-107.0	107	39813	255	-107.0	107	39813	255	-107.0	107	39813	255	-107.0	107	39813	255	-107.0	107	39813
256	-107.0	107	39920	256	-107.0	107	39920	256	-107.0	107	39920	256	-107.0	107	39920	256	-107.0	107	39920
257	-134.0	134	40054	257	-134.0	134	40054	257	-134.0	134	40054	257	-134.0	134	40054	257	-134.0	134	40054
258	-142.0	142	40196	258	-142.0	142	40196	258	-142.0	142	40196	258	-142.0	142	40196	258	-142.0	142	40196
259	-129.0	129	40325	259	-129.0	129	40325	259	-129.0	129	40325	259	-129.0	129	40325	259	-129.0	129	40325
260	-107.0	107	40432	260	-107.0	107	40432	260	-107.0	107	40432	260	-107.0	107	40432	260	-107.0	107	40432
261	-122.0	122	40554	261	-122.0	122	40554	261	-122.0	122	40554	261	-122.0	122	40554	261	-122.0	122	40554
262	-117.0	117	40671	262	-117.0	117	40671	262	-117.0	117	40671	262	-117.0	117	40671	262	-117.0	117	40671
263	-135.0	135	40806	263	-135.0	135	40806	263	-135.0	135	40806	263	-135.0	135	40806	263	-135.0	135	40806
264	-135.0	135	40941	264	-135.0	135	40941	264	-135.0	135	40941	264	-135.0	135	40941	264	-135.0	135	40941
265	-166.0	166	41107	265	-166.0	166	41107	265	-166.0	166	41107	265	-166.0	166	41107	265	-166.0	166	41107
266	-134.0	134	41241	266	-134.0	134	41241	266	-134.0	134	41241	266	-134.0	134	41241	266	-134.0	134	41241
267	-134.0	134	41375	267	-134.0	134	41375	267	-134.0	134	41375	267	-134.0	134	41375	267	-134.0	134	41375
268	-112.0	112	41487	268	-112.0	112	41487	268	-112.0	112	41487	268	-112.0	112	41487	268	-112.0	112	41487
269	-131.0	131	41618	269	-131.0	131	41618	269	-131.0	131	41618	269	-131.0	131	41618	269	-131.0	131	41618
270	-107.0	107	41725	270	-107.0	107	41725	270	-107.0	107	41725	270	-107.0	107	41725	270	-107.0	107	41725
271	-137.0	137	41862	271	-137.0	137	41862	271	-137.0	137	41862	271	-137.0	137	41862	271	-137.0	137	41862
272	-134.0	134	41996	272	-134.0	134	41996	272	-134.0	134	41996	272	-134.0	134	41996	272	-134.0	134	41996
273	-108.0	108	42104	273	-108.0	108	42104	273	-108.0	108	42104	273	-108.0	108	42104	273	-108.0	108	42104
274	-133.0	133	42237	274	-133.0	133	42237	274	-133.0	133	42237	274	-133.0	133	42237	274	-133.0	133	42237
275	-164.0	164	42401	275	-164.0	164	42401	275	-164.0	164	42401	275	-164.0	164	42401	275	-164.0	164	42401
276	-107.0	107	42508	276	-107.0	107	42508	276	-107.0	107	42508	276	-107.0	107	42508	276	-107.0	107	42508
277	-108.0	108	42616	277	-108.0	108	42616	277	-108.0	108	42616	277	-108.0	108	42616	277	-108.0	108	42616
278	-111.0	111	42727	278	-111.0	111	42727	278	-111.0	111	42727	278	-111.0	111	42727	278	-111.0	111	42727
279	-160.0	160	42887	279	-160.0	160	42887	279	-160.0	160	42887	279	-160.0	160	42887	279	-160.0	160	42887
280	-125.0	125	43012	280	-125.0	125	43012	280	-125.0	125	43012	280	-125.0	125	43012	280	-125.0	125	43012
281	-113.0	113	43125	281	-113.0	113	43125	281	-113.0	113	43125	281	-113.0	113	43125	281	-113.0	113	43125
282	-112.0	112	43237	282	-112.0	112	43237	282	-112.0	112	43237	282	-112.0	112	43237	282	-112.0	112	43237
283	-136.0	136	43373	283	-136.0	136	43373	283	-136.0	136	43373	283	-136.0	136	43373	283	-136.0	136	43373
284	-134.0	134	43507	284	-134.0	134	43507	284	-134.0	134	43507	284	-134.0	134	43507	284	-134.0	134	43507
285	-108.0	108	43615	285	-108.0	108	43615	285	-108.0	108	43615	285	-108.0	108	43615	285	-108.0	108	43615
286	-137.0	137	43752	286	-137.0	137	43752	286	-137.0	137	43752	286	-137.0	137	43752	286	-137.0	137	43752
287	-145.0	145	43897	287	-145.0	145	43897	287	-145.0	145	43897	287	-145.0	145	43897	287	-145.0	145	43897
288	-143.0	143	44040	288	-143.0	143	44040	288	-143.0	143	44040	288	-143.0	143	44040	288	-143.0	143	44040
289	-109.0	109	44149	289	-109.0	109	44149	289	-109.0	109	44149	289	-109.0	109	44149	289	-109.0	109	44149
290	-134.0	134	44283	290	-134.0	134	44283	290	-134.0	134	44283	290	-134.0	134	44283	290	-134.0	134	44283
291	-136.0	136	44419	291	-136.0	136	44419	291	-136.0	136	44419	291	-136.0	136	44419	291	-136.0	136	44419
292	-135.0	135	44554	292	-135.0	135	44554	292	-135.0	135	44554	292	-135.0	135	44554	292	-135.0	135	44554
293	-112.0	112	44666	293	-112.0	112	44666	293	-112.0	112	44666	293	-112.0	112	44666	293	-112.0	112	44666
294	-139.0	139	44805	294	-139.0	139	44805	294	-139.0	139	44805	294	-139.0	139	44805	294	-139.0	139	44805
295	-124.0	124	44929	295	-124.0	124	44929	295	-124.0	124	44929	295	-124.0	124	44929	295	-124.0	124	44929
296	-141.0	141	45070	296	-141.0	141	45070	296	-141.0	141	45070	296	-141.0	141	45070	296	-141.0	141	45070
297	-139.0	139	45209	297	-139.0	139	45209	297	-139.0	139	45209	297	-139.0	139	45209	297	-139.0	139	45209
298	-159.0	159	45368	298	-159.0	159	45368	298	-159.0	159	45368	298	-159.0	159	45368	298	-159.0	159	45368
299	-113.0	113	45481	299	-113.0	113	45481	299	-113.0	113	45481	299	-113.0	113	45481	299	-113.0	113	45481
