Episode	Accumulated Reward	Length	Steps	Episode	Accumulated Reward	Length	Steps	Episode	Accumulated Reward	Length	Steps	Episode	Accumulated Reward	Length	Steps
0	-17	17	17	0	-17	17	17	0	-17	17	17	0	-17	17	17
1	-19	19	36	1	-19	19	36	1	-19	19	36	1	-19	19	36
2	-24	24	60	2	-24	24	60	2	-24	24	60	2	-24	24	60
3	-17	17	77	3	-17	17	77	3	-17	17	77	3	-17	17	77
4	-19	19	96	4	-19	19	96	4	-19	19	96	4	-19	19	96
5	-17	17	113	5	-17	17	113	5	-17	17	113	5	-17	17	113
6	-17	17	130	6	-17	17	130	6	-17	17	130	6	-17	17	130
7	-17	17	147	7	-17	17	147	7	-17	17	147	7	-17	17	147
8	-20	20	167	8	-20	20	167	8	-20	20	167	8	-20	20	167
9	-17	17	184	9	-17	17	184	9	-17	17	184	9	-17	17	184
10	-23	23	207	10	-23	23	207	10	-23	23	207	10	-23	23	207
11	-17	17	224	11	-17	17	224	11	-17	17	224	11	-17	17	224
12	-23	23	247	12	-23	23	247	12	-23	23	247	12	-23	23	247
13	-21	21	268	13	-21	21	268	13	-21	21	268	13	-21	21	268
14	-17	17	285	14	-17	17	285	14	-17	17	285	14	-17	17	285
15	-19	19	304	15	-19	19	304	15	-19	19	304	15	-19	19	304
16	-17	17	321	16	-17	17	321	16	-17	17	321	16	-17	17	321
17	-19	19	340	17	-19	19	340	17	-19	19	340	17	-19	19	340
18	-19	19	359	18	-19	19	359	18	-19	19	359	18	-19	19	359
19	-21	21	380	19	-21	21	380	19	-21	21	380	19	-21	21	380
20	-31	31	411	20	-31	31	411	20	-31	31	411	20	-31	31	411
21	-19	19	430	21	-19	19	430	21	-19	19	430	21	-19	19	430
22	-21	21	451	22	-21	21	451	22	-21	21	451	22	-21	21	451
23	-18	18	469	23	-18	18	469	23	-18	18	469	23	-18	18	469
24	-17	17	486	24	-17	17	486	24	-17	17	486	24	-17	17	486
25	-19	19	505	25	-19	19	505	25	-19	19	505	25	-19	19	505
26	-17	17	522	26	-17	17	522	26	-17	17	522	26	-17	17	522
27	-20	20	542	27	-20	20	542	27	-20	20	542	27	-20	20	542
28	-18	18	560	28	-18	18	560	28	-18	18	560	28	-18	18	560
29	-17	17	577	29	-17	17	577	29	-17	17	577	29	-17	17	577
30	-660	462	1039	30	-660	462	1039	30	-660	462	1039	30	-660	462	1039
31	-59	59	1098	31	-59	59	1098	31	-59	59	1098	31	-59	59	1098
32	-149	50	1148	32	-149	50	1148	32	-149	50	1148	32	-149	50	1148
33	-37	37	1185	33	-37	37	1185	33	-37	37	1185	33	-37	37	1185
34	-32	32	1217	34	-32	32	1217	34	-32	32	1217	34	-32	32	1217
35	-21	21	1238	35	-21	21	1238	35	-21	21	1238	35	-21	21	1238
36	-32	32	1270	36	-32	32	1270	36	-32	32	1270	36	-32	32	1270
37	-54	54	1324	37	-54	54	1324	37	-54	54	1324	37	-54	54	1324
38	-38	38	1362	38	-38	38	1362	38	-38	38	1362	38	-38	38	1362
39	-43	43	1405	39	-43	43	1405	39	-43	43	1405	39	-43	43	1405
40	-133	34	1439	40	-133	34	1439	40	-133	34	1439	40	-133	34	1439
41	-34	34	1473	41	-34	34	1473	41	-34	34	1473	41	-34	34	1473
42	-32	32	1505	42	-32	32	1505	42	-32	32	1505	42	-32	32	1505
43	-24	24	1529	43	-24	24	1529	43	-24	24	1529	43	-24	24	1529
44	-31	31	1560	44	-31	31	1560	44	-31	31	1560	44	-31	31	1560
45	-136	37	1597	45	-136	37	1597	45	-136	37	1597	45	-136	37	1597
46	-28	28	1625	46	-28	28	1625	46	-28	28	1625	46	-28	28	1625
47	-31	31	1656	47	-31	31	1656	47	-31	31	1656	47	-31	31	1656
48	-25	25	1681	48	-25	25	1681	48	-25	25	1681	48	-25	25	1681
49	-23	23	1704	49	-23	23	1704	49	-23	23	1704	49	-23	23	1704
50	-22	22	1726	50	-22	22	1726	50	-22	22	1726	50	-22	22	1726
51	-23	23	1749	51	-23	23	1749	51	-23	23	1749	51	-23	23	1749
52	-21	21	1770	52	-21	21	1770	52	-21	21	1770	52	-21	21	1770
53	-28	28	1798	53	-28	28	1798	53	-28	28	1798	53	-28	28	1798
54	-36	36	1834	54	-36	36	1834	54	-36	36	1834	54	-36	36	1834
55	-23	23	1857	55	-23	23	1857	55	-23	23	1857	55	-23	23	1857
56	-23	23	1880	56	-23	23	1880	56	-23	23	1880	56	-23	23	1880
57	-22	22	1902	57	-22	22	1902	57	-22	22	1902	57	-22	22	1902
58	-22	22	1924	58	-22	22	1924	58	-22	22	1924	58	-22	22	1924
59	-21	21	1945	59	-21	21	1945	59	-21	21	1945	59	-21	21	1945
60	-33	33	1978	60	-33	33	1978	60	-33	33	1978	60	-33	33	1978
61	-188	89	2067	61	-188	89	2067	61	-188	89	2067	61	-188	89	2067
62	-19	19	2086	62	-19	19	2086	62	-19	19	2086	62	-19	19	2086
63	-23	23	2109	63	-23	23	2109	63	-23	23	2109	63	-23	23	2109
64	-20	20	2129	64	-20	20	2129	64	-20	20	2129	64	-20	20	2129
65	-21	21	2150	65	-21	21	2150	65	-21	21	2150	65	-21	21	2150
66	-20	20	2170	66	-20	20	2170	66	-20	20	2170	66	-20	20	2170
67	-20	20	2190	67	-20	20	2190	67	-20	20	2190	67	-20	20	2190
68	-23	23	2213	68	-23	23	2213	68	-23	23	2213	68	-23	23	2213
69	-25	25	2238	69	-25	25	2238	69	-25	25	2238	69	-25	25	2238
70	-17	17	2255	70	-17	17	2255	70	-17	17	2255	70	-17	17	2255
71	-119	20	2275	71	-119	20	2275	71	-119	20	2275	71	-119	20	2275
72	-17	17	2292	72	-17	17	2292	72	-17	17	2292	72	-17	17	2292
73	-17	17	2309	73	-17	17	2309	73	-17	17	2309	73	-17	17	2309
74	-17	17	2326	74	-17	17	2326	74	-17	17	2326	74	-17	17	2326
75	-21	21	2347	75	-21	21	2347	75	-21	21	2347	75	-21	21	2347
76	-26	26	2373	76	-26	26	2373	76	-26	26	2373	76	-26	26	2373
77	-19	19	2392	77	-19	19	2392	77	-19	19	2392	77	-19	19	2392
78	-19	19	2411	78	-19	19	2411	78	-19	19	2411	78	-19	19	2411
79	-21	21	2432	79	-21	21	2432	79	-21	21	2432	79	-21	21	2432
80	-19	19	2451	80	-19	19	2451	80	-19	19	2451	80	-19	19	2451
81	-20	20	2471	81	-20	20	2471	81	-20	20	2471	81	-20	20	2471
82	-19	19	2490	82	-19	19	2490	82	-19	19	2490	82	-19	19	2490
83	-17	17	2507	83	-17	17	2507	83	-17	17	2507	83	-17	17	2507
84	-19	19	2526	84	-19	19	2526	84	-19	19	2526	84	-19	19	2526
85	-23	23	2549	85	-23	23	2549	85	-23	23	2549	85	-23	23	2549
86	-17	17	2566	86	-17	17	2566	86	-17	17	2566	86	-17	17	2566
87	-21	21	2587	87	-21	21	2587	87	-21	21	2587	87	-21	21	2587
88	-20	20	2607	88	-20	20	2607	88	-20	20	2607	88	-20	20	2607
89	-19	19	2626	89	-19	19	2626	89	-19	19	2626	89	-19	19	2626
90	-17	17	2643	90	-17	17	2643	90	-17	17	2643	90	-17	17	2643
91	-18	18	2661	91	-18	18	2661	91	-18	18	2661	91	-18	18	2661
92	-19	19	2680	92	-19	19	2680	92	-19	19	2680	92	-19	19	2680
93	-19	19	2699	93	-19	19	2699	93	-19	19	2699	93	-19	19	2699
94	-21	21	2720	94	-21	21	2720	94	-21	21	2720	94	-21	21	2720
95	-21	21	2741	95	-21	21	2741	95	-21	21	2741	95	-21	21	2741
96	-21	21	2762	96	-21	21	2762	96	-21	21	2762	96	-21	21	2762
97	-17	17	2779	97	-17	17	2779	97	-17	17	2779	97	-17	17	2779
98	-23	23	2802	98	-23	23	2802	98	-23	23	2802	98	-23	23	2802
99	-17	17	2819	99	-17	17	2819	99	-17	17	2819	99	-17	17	2819
100	-18	18	2837	100	-18	18	2837	100	-18	18	2837	100	-18	18	2837
101	-17	17	2854	101	-17	17	2854	101	-17	17	2854	101	-17	17	2854
102	-21	21	2875	102	-21	21	2875	102	-21	21	2875	102	-21	21	2875
103	-19	19	2894	103	-19	19	2894	103	-19	19	2894	103	-19	19	2894
104	-17	17	2911	104	-17	17	2911	104	-17	17	2911	104	-17	17	2911
105	-20	20	2931	105	-20	20	2931	105	-20	20	2931	105	-20	20	2931
106	-19	19	2950	106	-19	19	2950	106	-19	19	2950	106	-19	19	2950
107	-19	19	2969	107	-19	19	2969	107	-19	19	2969	107	-19	19	2969
108	-21	21	2990	108	-21	21	2990	108	-21	21	2990	108	-21	21	2990
109	-18	18	3008	109	-18	18	3008	109	-18	18	3008	109	-18	18	3008
110	-17	17	3025	110	-17	17	3025	110	-17	17	3025	110	-17	17	3025
111	-17	17	3042	111	-17	17	3042	111	-17	17	3042	111	-17	17	3042
112	-117	18	3060	112	-117	18	3060	112	-117	18	3060	112	-117	18	3060
113	-19	19	3079	113	-19	19	3079	113	-19	19	3079	113	-19	19	3079
114	-17	17	3096	114	-17	17	3096	114	-17	17	3096	114	-17	17	3096
115	-19	19	3115	115	-19	19	3115	115	-19	19	3115	115	-19	19	3115
116	-23	23	3138	116	-23	23	3138	116	-23	23	3138	116	-23	23	3138
117	-17	17	3155	117	-17	17	3155	117	-17	17	3155	117	-17	17	3155
118	-21	21	3176	118	-21	21	3176	118	-21	21	3176	118	-21	21	3176
119	-32	32	3208	119	-32	32	3208	119	-32	32	3208	119	-32	32	3208
120	-18	18	3226	120	-18	18	3226	120	-18	18	3226	120	-18	18	3226
121	-123	24	3250	121	-123	24	3250	121	-123	24	3250	121	-123	24	3250
122	-18	18	3268	122	-18	18	3268	122	-18	18	3268	122	-18	18	3268
123	-18	18	3286	123	-18	18	3286	123	-18	18	3286	123	-18	18	3286
124	-23	23	3309	124	-23	23	3309	124	-23	23	3309	124	-23	23	3309
125	-20	20	3329	125	-20	20	3329	125	-20	20	3329	125	-20	20	3329
126	-19	19	3348	126	-19	19	3348	126	-19	19	3348	126	-19	19	3348
127	-23	23	3371	127	-23	23	3371	127	-23	23	3371	127	-23	23	3371
128	-20	20	3391	128	-20	20	3391	128	-20	20	3391	128	-20	20	3391
129	-23	23	3414	129	-23	23	3414	129	-23	23	3414	129	-23	23	3414
130	-35	35	3449	130	-35	35	3449	130	-35	35	3449	130	-35	35	3449
131	-33	33	3482	131	-33	33	3482	131	-33	33	3482	131	-33	33	3482
132	-113	113	3595	132	-113	113	3595	132	-113	113	3595	132	-113	113	3595
133	-23	23	3618	133	-23	23	3618	133	-23	23	3618	133	-23	23	3618
134	-40	40	3658	134	-40	40	3658	134	-40	40	3658	134	-40	40	3658
135	-33	33	3691	135	-33	33	3691	135	-33	33	3691	135	-33	33	3691
136	-35	35	3726	136	-35	35	3726	136	-35	35	3726	136	-35	35	3726
137	-21	21	3747	137	-21	21	3747	137	-21	21	3747	137	-21	21	3747
138	-25	25	3772	138	-25	25	3772	138	-25	25	3772	138	-25	25	3772
139	-22	22	3794	139	-22	22	3794	139	-22	22	3794	139	-22	22	3794
140	-22	22	3816	140	-22	22	3816	140	-22	22	3816	140	-22	22	3816
141	-19	19	3835	141	-19	19	3835	141	-19	19	3835	141	-19	19	3835
142	-17	17	3852	142	-17	17	3852	142	-17	17	3852	142	-17	17	3852
143	-119	20	3872	143	-119	20	3872	143	-119	20	3872	143	-119	20	3872
144	-17	17	3889	144	-17	17	3889	144	-17	17	3889	144	-17	17	3889
145	-19	19	3908	145	-19	19	3908	145	-19	19	3908	145	-19	19	3908
146	-22	22	3930	146	-22	22	3930	146	-22	22	3930	146	-22	22	3930
147	-17	17	3947	147	-17	17	3947	147	-17	17	3947	147	-17	17	3947
148	-19	19	3966	148	-19	19	3966	148	-19	19	3966	148	-19	19	3966
149	-22	22	3988	149	-22	22	3988	149	-22	22	3988	149	-22	22	3988
150	-21	21	4009	150	-21	21	4009	150	-21	21	4009	150	-21	21	4009
151	-19	19	4028	151	-19	19	4028	151	-19	19	4028	151	-19	19	4028
152	-17	17	4045	152	-17	17	4045	152	-17	17	4045	152	-17	17	4045
153	-34	34	4079	153	-34	34	4079	153	-34	34	4079	153	-34	34	4079
154	-18	18	4097	154	-18	18	4097	154	-18	18	4097	154	-18	18	4097
155	-20	20	4117	155	-20	20	4117	155	-20	20	4117	155	-20	20	4117
156	-21	21	4138	156	-21	21	4138	156	-21	21	4138	156	-21	21	4138
157	-17	17	4155	157	-17	17	4155	157	-17	17	4155	157	-17	17	4155
158	-20	20	4175	158	-20	20	4175	158	-20	20	4175	158	-20	20	4175
159	-22	22	4197	159	-22	22	4197	159	-22	22	4197	159	-22	22	4197
160	-17	17	4214	160	-17	17	4214	160	-17	17	4214	160	-17	17	4214
161	-18	18	4232	161	-18	18	4232	161	-18	18	4232	161	-18	18	4232
162	-23	23	4255	162	-23	23	4255	162	-23	23	4255	162	-23	23	4255
163	-25	25	4280	163	-25	25	4280	163	-25	25	4280	163	-25	25	4280
164	-17	17	4297	164	-17	17	4297	164	-17	17	4297	164	-17	17	4297
165	-17	17	4314	165	-17	17	4314	165	-17	17	4314	165	-17	17	4314
166	-19	19	4333	166	-19	19	4333	166	-19	19	4333	166	-19	19	4333
167	-25	25	4358	167	-25	25	4358	167	-25	25	4358	167	-25	25	4358
168	-28	28	4386	168	-28	28	4386	168	-28	28	4386	168	-28	28	4386
169	-23	23	4409	169	-23	23	4409	169	-23	23	4409	169	-23	23	4409
170	-19	19	4428	170	-19	19	4428	170	-19	19	4428	170	-19	19	4428
171	-30	30	4458	171	-30	30	4458	171	-30	30	4458	171	-30	30	4458
172	-17	17	4475	172	-17	17	4475	172	-17	17	4475	172	-17	17	4475
173	-21	21	4496	173	-21	21	4496	173	-21	21	4496	173	-21	21	4496
174	-21	21	4517	174	-21	21	4517	174	-21	21	4517	174	-21	21	4517
175	-19	19	4536	175	-19	19	4536	175	-19	19	4536	175	-19	19	4536
176	-29	29	4565	176	-29	29	4565	176	-29	29	4565	176	-29	29	4565
177	-21	21	4586	177	-21	21	4586	177	-21	21	4586	177	-21	21	4586
178	-17	17	4603	178	-17	17	4603	178	-17	17	4603	178	-17	17	4603
179	-17	17	4620	179	-17	17	4620	179	-17	17	4620	179	-17	17	4620
180	-17	17	4637	180	-17	17	4637	180	-17	17	4637	180	-17	17	4637
181	-18	18	4655	181	-18	18	4655	181	-18	18	4655	181	-18	18	4655
182	-17	17	4672	182	-17	17	4672	182	-17	17	4672	182	-17	17	4672
183	-19	19	4691	183	-19	19	4691	183	-19	19	4691	183	-19	19	4691
184	-21	21	4712	184	-21	21	4712	184	-21	21	4712	184	-21	21	4712
185	-17	17	4729	185	-17	17	4729	185	-17	17	4729	185	-17	17	4729
186	-19	19	4748	186	-19	19	4748	186	-19	19	4748	186	-19	19	4748
187	-17	17	4765	187	-17	17	4765	187	-17	17	4765	187	-17	17	4765
188	-19	19	4784	188	-19	19	4784	188	-19	19	4784	188	-19	19	4784
189	-31	31	4815	189	-31	31	4815	189	-31	31	4815	189	-31	31	4815
190	-22	22	4837	190	-22	22	4837	190	-22	22	4837	190	-22	22	4837
191	-18	18	4855	191	-18	18	4855	191	-18	18	4855	191	-18	18	4855
192	-17	17	4872	192	-17	17	4872	192	-17	17	4872	192	-17	17	4872
193	-17	17	4889	193	-17	17	4889	193	-17	17	4889	193	-17	17	4889
194	-19	19	4908	194	-19	19	4908	194	-19	19	4908	194	-19	19	4908
195	-17	17	4925	195	-17	17	4925	195	-17	17	4925	195	-17	17	4925
196	-17	17	4942	196	-17	17	4942	196	-17	17	4942	196	-17	17	4942
197	-19	19	4961	197	-19	19	4961	197	-19	19	4961	197	-19	19	4961
198	-30	30	4991	198	-30	30	4991	198	-30	30	4991	198	-30	30	4991
199	-27	27	5018	199	-27	27	5018	199	-27	27	5018	199	-27	27	5018
