Episode	Accumulated Reward	Length	Steps	Episode	Accumulated Reward	Length	Steps	Episode	Accumulated Reward	Length	Steps	Episode	Accumulated Reward	Length	Steps	Episode	Accumulated Reward	Length	Steps	Episode	Accumulated Reward	Length	Steps	Episode	Accumulated Reward	Length	Steps	Episode	Accumulated Reward	Length	Steps	Episode	Accumulated Reward	Length	Steps	Episode	Accumulated Reward	Length	Steps	Episode	Accumulated Reward	Length	Steps	Episode	Accumulated Reward	Length	Steps	Episode	Accumulated Reward	Length	Steps	Episode	Accumulated Reward	Length	Steps	Episode	Accumulated Reward	Length	Steps	Episode	Accumulated Reward	Length	Steps	Episode	Accumulated Reward	Length	Steps	Episode	Accumulated Reward	Length	Steps	Episode	Accumulated Reward	Length	Steps	Episode	Accumulated Reward	Length	Steps	Episode	Accumulated Reward	Length	Steps	Episode	Accumulated Reward	Length	Steps	Episode	Accumulated Reward	Length	Steps	Episode	Accumulated Reward	Length	Steps	Episode	Accumulated Reward	Length	Steps	Episode	Accumulated Reward	Length	Steps
0	-14	14	14	0	-14	14	14	0	-14	14	14	0	-14	14	14	0	-14	14	14	0	-14	14	14	0	-14	14	14	0	-14	14	14	0	-14	14	14	0	-14	14	14	0	-14	14	14	0	-14	14	14	0	-14	14	14	0	-14	14	14	0	-14	14	14	0	-14	14	14	0	-14	14	14	0	-14	14	14	0	-14	14	14	0	-14	14	14	0	-14	14	14	0	-14	14	14	0	-14	14	14	0	-14	14	14	0	-14	14	14	0	-14	14	14
1	-20	20	34	1	-20	20	34	1	-20	20	34	1	-20	20	34	1	-20	20	34	1	-20	20	34	1	-20	20	34	1	-20	20	34	1	-20	20	34	1	-20	20	34	1	-20	20	34	1	-20	20	34	1	-20	20	34	1	-20	20	34	1	-20	20	34	1	-20	20	34	1	-20	20	34	1	-20	20	34	1	-20	20	34	1	-20	20	34	1	-20	20	34	1	-20	20	34	1	-20	20	34	1	-20	20	34	1	-20	20	34	1	-20	20	34
2	-13	13	47	2	-13	13	47	2	-13	13	47	2	-13	13	47	2	-13	13	47	2	-13	13	47	2	-13	13	47	2	-13	13	47	2	-13	13	47	2	-13	13	47	2	-13	13	47	2	-13	13	47	2	-13	13	47	2	-13	13	47	2	-13	13	47	2	-13	13	47	2	-13	13	47	2	-13	13	47	2	-13	13	47	2	-13	13	47	2	-13	13	47	2	-13	13	47	2	-13	13	47	2	-13	13	47	2	-13	13	47	2	-13	13	47
3	-15	15	62	3	-15	15	62	3	-15	15	62	3	-15	15	62	3	-15	15	62	3	-15	15	62	3	-15	15	62	3	-15	15	62	3	-15	15	62	3	-15	15	62	3	-15	15	62	3	-15	15	62	3	-15	15	62	3	-15	15	62	3	-15	15	62	3	-15	15	62	3	-15	15	62	3	-15	15	62	3	-15	15	62	3	-15	15	62	3	-15	15	62	3	-15	15	62	3	-15	15	62	3	-15	15	62	3	-15	15	62	3	-15	15	62
4	-15	15	77	4	-15	15	77	4	-15	15	77	4	-15	15	77	4	-15	15	77	4	-15	15	77	4	-15	15	77	4	-15	15	77	4	-15	15	77	4	-15	15	77	4	-15	15	77	4	-15	15	77	4	-15	15	77	4	-15	15	77	4	-15	15	77	4	-15	15	77	4	-15	15	77	4	-15	15	77	4	-15	15	77	4	-15	15	77	4	-15	15	77	4	-15	15	77	4	-15	15	77	4	-15	15	77	4	-15	15	77	4	-15	15	77
5	-15	15	92	5	-15	15	92	5	-15	15	92	5	-15	15	92	5	-15	15	92	5	-15	15	92	5	-15	15	92	5	-15	15	92	5	-15	15	92	5	-15	15	92	5	-15	15	92	5	-15	15	92	5	-15	15	92	5	-15	15	92	5	-15	15	92	5	-15	15	92	5	-15	15	92	5	-15	15	92	5	-15	15	92	5	-15	15	92	5	-15	15	92	5	-15	15	92	5	-15	15	92	5	-15	15	92	5	-15	15	92	5	-15	15	92
6	-13	13	105	6	-13	13	105	6	-13	13	105	6	-13	13	105	6	-13	13	105	6	-13	13	105	6	-13	13	105	6	-13	13	105	6	-13	13	105	6	-13	13	105	6	-13	13	105	6	-13	13	105	6	-13	13	105	6	-13	13	105	6	-13	13	105	6	-13	13	105	6	-13	13	105	6	-13	13	105	6	-13	13	105	6	-13	13	105	6	-13	13	105	6	-13	13	105	6	-13	13	105	6	-13	13	105	6	-13	13	105	6	-13	13	105
7	-13	13	118	7	-13	13	118	7	-13	13	118	7	-13	13	118	7	-13	13	118	7	-13	13	118	7	-13	13	118	7	-13	13	118	7	-13	13	118	7	-13	13	118	7	-13	13	118	7	-13	13	118	7	-13	13	118	7	-13	13	118	7	-13	13	118	7	-13	13	118	7	-13	13	118	7	-13	13	118	7	-13	13	118	7	-13	13	118	7	-13	13	118	7	-13	13	118	7	-13	13	118	7	-13	13	118	7	-13	13	118	7	-13	13	118
8	-123	24	142	8	-123	24	142	8	-123	24	142	8	-123	24	142	8	-123	24	142	8	-123	24	142	8	-123	24	142	8	-123	24	142	8	-123	24	142	8	-123	24	142	8	-123	24	142	8	-123	24	142	8	-123	24	142	8	-123	24	142	8	-123	24	142	8	-123	24	142	8	-123	24	142	8	-123	24	142	8	-123	24	142	8	-123	24	142	8	-123	24	142	8	-123	24	142	8	-123	24	142	8	-123	24	142	8	-123	24	142	8	-123	24	142
9	-223	25	167	9	-223	25	167	9	-223	25	167	9	-223	25	167	9	-223	25	167	9	-223	25	167	9	-223	25	167	9	-223	25	167	9	-223	25	167	9	-223	25	167	9	-223	25	167	9	-223	25	167	9	-223	25	167	9	-223	25	167	9	-223	25	167	9	-223	25	167	9	-223	25	167	9	-223	25	167	9	-223	25	167	9	-223	25	167	9	-223	25	167	9	-223	25	167	9	-223	25	167	9	-223	25	167	9	-223	25	167	9	-223	25	167
10	-118	19	186	10	-118	19	186	10	-118	19	186	10	-118	19	186	10	-118	19	186	10	-118	19	186	10	-118	19	186	10	-118	19	186	10	-118	19	186	10	-118	19	186	10	-118	19	186	10	-118	19	186	10	-118	19	186	10	-118	19	186	10	-118	19	186	10	-118	19	186	10	-118	19	186	10	-118	19	186	10	-118	19	186	10	-118	19	186	10	-118	19	186	10	-118	19	186	10	-118	19	186	10	-118	19	186	10	-118	19	186	10	-118	19	186
11	-13	13	199	11	-13	13	199	11	-13	13	199	11	-13	13	199	11	-13	13	199	11	-13	13	199	11	-13	13	199	11	-13	13	199	11	-13	13	199	11	-13	13	199	11	-13	13	199	11	-13	13	199	11	-13	13	199	11	-13	13	199	11	-13	13	199	11	-13	13	199	11	-13	13	199	11	-13	13	199	11	-13	13	199	11	-13	13	199	11	-13	13	199	11	-13	13	199	11	-13	13	199	11	-13	13	199	11	-13	13	199	11	-13	13	199
12	-15	15	214	12	-15	15	214	12	-15	15	214	12	-15	15	214	12	-15	15	214	12	-15	15	214	12	-15	15	214	12	-15	15	214	12	-15	15	214	12	-15	15	214	12	-15	15	214	12	-15	15	214	12	-15	15	214	12	-15	15	214	12	-15	15	214	12	-15	15	214	12	-15	15	214	12	-15	15	214	12	-15	15	214	12	-15	15	214	12	-15	15	214	12	-15	15	214	12	-15	15	214	12	-15	15	214	12	-15	15	214	12	-15	15	214
13	-13	13	227	13	-13	13	227	13	-13	13	227	13	-13	13	227	13	-13	13	227	13	-13	13	227	13	-13	13	227	13	-13	13	227	13	-13	13	227	13	-13	13	227	13	-13	13	227	13	-13	13	227	13	-13	13	227	13	-13	13	227	13	-13	13	227	13	-13	13	227	13	-13	13	227	13	-13	13	227	13	-13	13	227	13	-13	13	227	13	-13	13	227	13	-13	13	227	13	-13	13	227	13	-13	13	227	13	-13	13	227	13	-13	13	227
14	-17	17	244	14	-17	17	244	14	-17	17	244	14	-17	17	244	14	-17	17	244	14	-17	17	244	14	-17	17	244	14	-17	17	244	14	-17	17	244	14	-17	17	244	14	-17	17	244	14	-17	17	244	14	-17	17	244	14	-17	17	244	14	-17	17	244	14	-17	17	244	14	-17	17	244	14	-17	17	244	14	-17	17	244	14	-17	17	244	14	-17	17	244	14	-17	17	244	14	-17	17	244	14	-17	17	244	14	-17	17	244	14	-17	17	244
15	-122	23	267	15	-122	23	267	15	-122	23	267	15	-122	23	267	15	-122	23	267	15	-122	23	267	15	-122	23	267	15	-122	23	267	15	-122	23	267	15	-122	23	267	15	-122	23	267	15	-122	23	267	15	-122	23	267	15	-122	23	267	15	-122	23	267	15	-122	23	267	15	-122	23	267	15	-122	23	267	15	-122	23	267	15	-122	23	267	15	-122	23	267	15	-122	23	267	15	-122	23	267	15	-122	23	267	15	-122	23	267	15	-122	23	267
16	-17	17	284	16	-17	17	284	16	-17	17	284	16	-17	17	284	16	-17	17	284	16	-17	17	284	16	-17	17	284	16	-17	17	284	16	-17	17	284	16	-17	17	284	16	-17	17	284	16	-17	17	284	16	-17	17	284	16	-17	17	284	16	-17	17	284	16	-17	17	284	16	-17	17	284	16	-17	17	284	16	-17	17	284	16	-17	17	284	16	-17	17	284	16	-17	17	284	16	-17	17	284	16	-17	17	284	16	-17	17	284	16	-17	17	284
17	-242	44	328	17	-242	44	328	17	-242	44	328	17	-242	44	328	17	-242	44	328	17	-242	44	328	17	-242	44	328	17	-242	44	328	17	-242	44	328	17	-242	44	328	17	-242	44	328	17	-242	44	328	17	-242	44	328	17	-242	44	328	17	-242	44	328	17	-242	44	328	17	-242	44	328	17	-242	44	328	17	-242	44	328	17	-242	44	328	17	-242	44	328	17	-242	44	328	17	-242	44	328	17	-242	44	328	17	-242	44	328	17	-242	44	328
18	-20	20	348	18	-20	20	348	18	-20	20	348	18	-20	20	348	18	-20	20	348	18	-20	20	348	18	-20	20	348	18	-20	20	348	18	-20	20	348	18	-20	20	348	18	-20	20	348	18	-20	20	348	18	-20	20	348	18	-20	20	348	18	-20	20	348	18	-20	20	348	18	-20	20	348	18	-20	20	348	18	-20	20	348	18	-20	20	348	18	-20	20	348	18	-20	20	348	18	-20	20	348	18	-20	20	348	18	-20	20	348	18	-20	20	348
19	-237	39	387	19	-237	39	387	19	-237	39	387	19	-237	39	387	19	-237	39	387	19	-237	39	387	19	-237	39	387	19	-237	39	387	19	-237	39	387	19	-237	39	387	19	-237	39	387	19	-237	39	387	19	-237	39	387	19	-237	39	387	19	-237	39	387	19	-237	39	387	19	-237	39	387	19	-237	39	387	19	-237	39	387	19	-237	39	387	19	-237	39	387	19	-237	39	387	19	-237	39	387	19	-237	39	387	19	-237	39	387	19	-237	39	387
20	-13	13	400	20	-13	13	400	20	-13	13	400	20	-13	13	400	20	-13	13	400	20	-13	13	400	20	-13	13	400	20	-13	13	400	20	-13	13	400	20	-13	13	400	20	-13	13	400	20	-13	13	400	20	-13	13	400	20	-13	13	400	20	-13	13	400	20	-13	13	400	20	-13	13	400	20	-13	13	400	20	-13	13	400	20	-13	13	400	20	-13	13	400	20	-13	13	400	20	-13	13	400	20	-13	13	400	20	-13	13	400	20	-13	13	400
21	-118	19	419	21	-118	19	419	21	-118	19	419	21	-118	19	419	21	-118	19	419	21	-118	19	419	21	-118	19	419	21	-118	19	419	21	-118	19	419	21	-118	19	419	21	-118	19	419	21	-118	19	419	21	-118	19	419	21	-118	19	419	21	-118	19	419	21	-118	19	419	21	-118	19	419	21	-118	19	419	21	-118	19	419	21	-118	19	419	21	-118	19	419	21	-118	19	419	21	-118	19	419	21	-118	19	419	21	-118	19	419	21	-118	19	419
22	-13	13	432	22	-13	13	432	22	-13	13	432	22	-13	13	432	22	-13	13	432	22	-13	13	432	22	-13	13	432	22	-13	13	432	22	-13	13	432	22	-13	13	432	22	-13	13	432	22	-13	13	432	22	-13	13	432	22	-13	13	432	22	-13	13	432	22	-13	13	432	22	-13	13	432	22	-13	13	432	22	-13	13	432	22	-13	13	432	22	-13	13	432	22	-13	13	432	22	-13	13	432	22	-13	13	432	22	-13	13	432	22	-13	13	432
23	-128	29	461	23	-128	29	461	23	-128	29	461	23	-128	29	461	23	-128	29	461	23	-128	29	461	23	-128	29	461	23	-128	29	461	23	-128	29	461	23	-128	29	461	23	-128	29	461	23	-128	29	461	23	-128	29	461	23	-128	29	461	23	-128	29	461	23	-128	29	461	23	-128	29	461	23	-128	29	461	23	-128	29	461	23	-128	29	461	23	-128	29	461	23	-128	29	461	23	-128	29	461	23	-128	29	461	23	-128	29	461	23	-128	29	461
24	-13	13	474	24	-13	13	474	24	-13	13	474	24	-13	13	474	24	-13	13	474	24	-13	13	474	24	-13	13	474	24	-13	13	474	24	-13	13	474	24	-13	13	474	24	-13	13	474	24	-13	13	474	24	-13	13	474	24	-13	13	474	24	-13	13	474	24	-13	13	474	24	-13	13	474	24	-13	13	474	24	-13	13	474	24	-13	13	474	24	-13	13	474	24	-13	13	474	24	-13	13	474	24	-13	13	474	24	-13	13	474	24	-13	13	474
25	-13	13	487	25	-13	13	487	25	-13	13	487	25	-13	13	487	25	-13	13	487	25	-13	13	487	25	-13	13	487	25	-13	13	487	25	-13	13	487	25	-13	13	487	25	-13	13	487	25	-13	13	487	25	-13	13	487	25	-13	13	487	25	-13	13	487	25	-13	13	487	25	-13	13	487	25	-13	13	487	25	-13	13	487	25	-13	13	487	25	-13	13	487	25	-13	13	487	25	-13	13	487	25	-13	13	487	25	-13	13	487	25	-13	13	487
26	-17	17	504	26	-17	17	504	26	-17	17	504	26	-17	17	504	26	-17	17	504	26	-17	17	504	26	-17	17	504	26	-17	17	504	26	-17	17	504	26	-17	17	504	26	-17	17	504	26	-17	17	504	26	-17	17	504	26	-17	17	504	26	-17	17	504	26	-17	17	504	26	-17	17	504	26	-17	17	504	26	-17	17	504	26	-17	17	504	26	-17	17	504	26	-17	17	504	26	-17	17	504	26	-17	17	504	26	-17	17	504	26	-17	17	504
27	-15	15	519	27	-15	15	519	27	-15	15	519	27	-15	15	519	27	-15	15	519	27	-15	15	519	27	-15	15	519	27	-15	15	519	27	-15	15	519	27	-15	15	519	27	-15	15	519	27	-15	15	519	27	-15	15	519	27	-15	15	519	27	-15	15	519	27	-15	15	519	27	-15	15	519	27	-15	15	519	27	-15	15	519	27	-15	15	519	27	-15	15	519	27	-15	15	519	27	-15	15	519	27	-15	15	519	27	-15	15	519	27	-15	15	519
28	-13	13	532	28	-13	13	532	28	-13	13	532	28	-13	13	532	28	-13	13	532	28	-13	13	532	28	-13	13	532	28	-13	13	532	28	-13	13	532	28	-13	13	532	28	-13	13	532	28	-13	13	532	28	-13	13	532	28	-13	13	532	28	-13	13	532	28	-13	13	532	28	-13	13	532	28	-13	13	532	28	-13	13	532	28	-13	13	532	28	-13	13	532	28	-13	13	532	28	-13	13	532	28	-13	13	532	28	-13	13	532	28	-13	13	532
29	-13	13	545	29	-13	13	545	29	-13	13	545	29	-13	13	545	29	-13	13	545	29	-13	13	545	29	-13	13	545	29	-13	13	545	29	-13	13	545	29	-13	13	545	29	-13	13	545	29	-13	13	545	29	-13	13	545	29	-13	13	545	29	-13	13	545	29	-13	13	545	29	-13	13	545	29	-13	13	545	29	-13	13	545	29	-13	13	545	29	-13	13	545	29	-13	13	545	29	-13	13	545	29	-13	13	545	29	-13	13	545	29	-13	13	545
30	-15	15	560	30	-15	15	560	30	-15	15	560	30	-15	15	560	30	-15	15	560	30	-15	15	560	30	-15	15	560	30	-15	15	560	30	-15	15	560	30	-15	15	560	30	-15	15	560	30	-15	15	560	30	-15	15	560	30	-15	15	560	30	-15	15	560	30	-15	15	560	30	-15	15	560	30	-15	15	560	30	-15	15	560	30	-15	15	560	30	-15	15	560	30	-15	15	560	30	-15	15	560	30	-15	15	560	30	-15	15	560	30	-15	15	560
31	-13	13	573	31	-13	13	573	31	-13	13	573	31	-13	13	573	31	-13	13	573	31	-13	13	573	31	-13	13	573	31	-13	13	573	31	-13	13	573	31	-13	13	573	31	-13	13	573	31	-13	13	573	31	-13	13	573	31	-13	13	573	31	-13	13	573	31	-13	13	573	31	-13	13	573	31	-13	13	573	31	-13	13	573	31	-13	13	573	31	-13	13	573	31	-13	13	573	31	-13	13	573	31	-13	13	573	31	-13	13	573	31	-13	13	573
32	-15	15	588	32	-15	15	588	32	-15	15	588	32	-15	15	588	32	-15	15	588	32	-15	15	588	32	-15	15	588	32	-15	15	588	32	-15	15	588	32	-15	15	588	32	-15	15	588	32	-15	15	588	32	-15	15	588	32	-15	15	588	32	-15	15	588	32	-15	15	588	32	-15	15	588	32	-15	15	588	32	-15	15	588	32	-15	15	588	32	-15	15	588	32	-15	15	588	32	-15	15	588	32	-15	15	588	32	-15	15	588	32	-15	15	588
33	-13	13	601	33	-13	13	601	33	-13	13	601	33	-13	13	601	33	-13	13	601	33	-13	13	601	33	-13	13	601	33	-13	13	601	33	-13	13	601	33	-13	13	601	33	-13	13	601	33	-13	13	601	33	-13	13	601	33	-13	13	601	33	-13	13	601	33	-13	13	601	33	-13	13	601	33	-13	13	601	33	-13	13	601	33	-13	13	601	33	-13	13	601	33	-13	13	601	33	-13	13	601	33	-13	13	601	33	-13	13	601	33	-13	13	601
34	-15	15	616	34	-15	15	616	34	-15	15	616	34	-15	15	616	34	-15	15	616	34	-15	15	616	34	-15	15	616	34	-15	15	616	34	-15	15	616	34	-15	15	616	34	-15	15	616	34	-15	15	616	34	-15	15	616	34	-15	15	616	34	-15	15	616	34	-15	15	616	34	-15	15	616	34	-15	15	616	34	-15	15	616	34	-15	15	616	34	-15	15	616	34	-15	15	616	34	-15	15	616	34	-15	15	616	34	-15	15	616	34	-15	15	616
35	-13	13	629	35	-13	13	629	35	-13	13	629	35	-13	13	629	35	-13	13	629	35	-13	13	629	35	-13	13	629	35	-13	13	629	35	-13	13	629	35	-13	13	629	35	-13	13	629	35	-13	13	629	35	-13	13	629	35	-13	13	629	35	-13	13	629	35	-13	13	629	35	-13	13	629	35	-13	13	629	35	-13	13	629	35	-13	13	629	35	-13	13	629	35	-13	13	629	35	-13	13	629	35	-13	13	629	35	-13	13	629	35	-13	13	629
36	-17	17	646	36	-17	17	646	36	-17	17	646	36	-17	17	646	36	-17	17	646	36	-17	17	646	36	-17	17	646	36	-17	17	646	36	-17	17	646	36	-17	17	646	36	-17	17	646	36	-17	17	646	36	-17	17	646	36	-17	17	646	36	-17	17	646	36	-17	17	646	36	-17	17	646	36	-17	17	646	36	-17	17	646	36	-17	17	646	36	-17	17	646	36	-17	17	646	36	-17	17	646	36	-17	17	646	36	-17	17	646	36	-17	17	646
37	-15	15	661	37	-15	15	661	37	-15	15	661	37	-15	15	661	37	-15	15	661	37	-15	15	661	37	-15	15	661	37	-15	15	661	37	-15	15	661	37	-15	15	661	37	-15	15	661	37	-15	15	661	37	-15	15	661	37	-15	15	661	37	-15	15	661	37	-15	15	661	37	-15	15	661	37	-15	15	661	37	-15	15	661	37	-15	15	661	37	-15	15	661	37	-15	15	661	37	-15	15	661	37	-15	15	661	37	-15	15	661	37	-15	15	661
38	-120	21	682	38	-120	21	682	38	-120	21	682	38	-120	21	682	38	-120	21	682	38	-120	21	682	38	-120	21	682	38	-120	21	682	38	-120	21	682	38	-120	21	682	38	-120	21	682	38	-120	21	682	38	-120	21	682	38	-120	21	682	38	-120	21	682	38	-120	21	682	38	-120	21	682	38	-120	21	682	38	-120	21	682	38	-120	21	682	38	-120	21	682	38	-120	21	682	38	-120	21	682	38	-120	21	682	38	-120	21	682	38	-120	21	682
39	-13	13	695	39	-13	13	695	39	-13	13	695	39	-13	13	695	39	-13	13	695	39	-13	13	695	39	-13	13	695	39	-13	13	695	39	-13	13	695	39	-13	13	695	39	-13	13	695	39	-13	13	695	39	-13	13	695	39	-13	13	695	39	-13	13	695	39	-13	13	695	39	-13	13	695	39	-13	13	695	39	-13	13	695	39	-13	13	695	39	-13	13	695	39	-13	13	695	39	-13	13	695	39	-13	13	695	39	-13	13	695	39	-13	13	695
40	-13	13	708	40	-13	13	708	40	-13	13	708	40	-13	13	708	40	-13	13	708	40	-13	13	708	40	-13	13	708	40	-13	13	708	40	-13	13	708	40	-13	13	708	40	-13	13	708	40	-13	13	708	40	-13	13	708	40	-13	13	708	40	-13	13	708	40	-13	13	708	40	-13	13	708	40	-13	13	708	40	-13	13	708	40	-13	13	708	40	-13	13	708	40	-13	13	708	40	-13	13	708	40	-13	13	708	40	-13	13	708	40	-13	13	708
41	-14	14	722	41	-14	14	722	41	-14	14	722	41	-14	14	722	41	-14	14	722	41	-14	14	722	41	-14	14	722	41	-14	14	722	41	-14	14	722	41	-14	14	722	41	-14	14	722	41	-14	14	722	41	-14	14	722	41	-14	14	722	41	-14	14	722	41	-14	14	722	41	-14	14	722	41	-14	14	722	41	-14	14	722	41	-14	14	722	41	-14	14	722	41	-14	14	722	41	-14	14	722	41	-14	14	722	41	-14	14	722	41	-14	14	722
42	-13	13	735	42	-13	13	735	42	-13	13	735	42	-13	13	735	42	-13	13	735	42	-13	13	735	42	-13	13	735	42	-13	13	735	42	-13	13	735	42	-13	13	735	42	-13	13	735	42	-13	13	735	42	-13	13	735	42	-13	13	735	42	-13	13	735	42	-13	13	735	42	-13	13	735	42	-13	13	735	42	-13	13	735	42	-13	13	735	42	-13	13	735	42	-13	13	735	42	-13	13	735	42	-13	13	735	42	-13	13	735	42	-13	13	735
43	-13	13	748	43	-13	13	748	43	-13	13	748	43	-13	13	748	43	-13	13	748	43	-13	13	748	43	-13	13	748	43	-13	13	748	43	-13	13	748	43	-13	13	748	43	-13	13	748	43	-13	13	748	43	-13	13	748	43	-13	13	748	43	-13	13	748	43	-13	13	748	43	-13	13	748	43	-13	13	748	43	-13	13	748	43	-13	13	748	43	-13	13	748	43	-13	13	748	43	-13	13	748	43	-13	13	748	43	-13	13	748	43	-13	13	748
44	-13	13	761	44	-13	13	761	44	-13	13	761	44	-13	13	761	44	-13	13	761	44	-13	13	761	44	-13	13	761	44	-13	13	761	44	-13	13	761	44	-13	13	761	44	-13	13	761	44	-13	13	761	44	-13	13	761	44	-13	13	761	44	-13	13	761	44	-13	13	761	44	-13	13	761	44	-13	13	761	44	-13	13	761	44	-13	13	761	44	-13	13	761	44	-13	13	761	44	-13	13	761	44	-13	13	761	44	-13	13	761	44	-13	13	761
45	-13	13	774	45	-13	13	774	45	-13	13	774	45	-13	13	774	45	-13	13	774	45	-13	13	774	45	-13	13	774	45	-13	13	774	45	-13	13	774	45	-13	13	774	45	-13	13	774	45	-13	13	774	45	-13	13	774	45	-13	13	774	45	-13	13	774	45	-13	13	774	45	-13	13	774	45	-13	13	774	45	-13	13	774	45	-13	13	774	45	-13	13	774	45	-13	13	774	45	-13	13	774	45	-13	13	774	45	-13	13	774	45	-13	13	774
46	-13	13	787	46	-13	13	787	46	-13	13	787	46	-13	13	787	46	-13	13	787	46	-13	13	787	46	-13	13	787	46	-13	13	787	46	-13	13	787	46	-13	13	787	46	-13	13	787	46	-13	13	787	46	-13	13	787	46	-13	13	787	46	-13	13	787	46	-13	13	787	46	-13	13	787	46	-13	13	787	46	-13	13	787	46	-13	13	787	46	-13	13	787	46	-13	13	787	46	-13	13	787	46	-13	13	787	46	-13	13	787	46	-13	13	787
47	-13	13	800	47	-13	13	800	47	-13	13	800	47	-13	13	800	47	-13	13	800	47	-13	13	800	47	-13	13	800	47	-13	13	800	47	-13	13	800	47	-13	13	800	47	-13	13	800	47	-13	13	800	47	-13	13	800	47	-13	13	800	47	-13	13	800	47	-13	13	800	47	-13	13	800	47	-13	13	800	47	-13	13	800	47	-13	13	800	47	-13	13	800	47	-13	13	800	47	-13	13	800	47	-13	13	800	47	-13	13	800	47	-13	13	800
48	-229	31	831	48	-229	31	831	48	-229	31	831	48	-229	31	831	48	-229	31	831	48	-229	31	831	48	-229	31	831	48	-229	31	831	48	-229	31	831	48	-229	31	831	48	-229	31	831	48	-229	31	831	48	-229	31	831	48	-229	31	831	48	-229	31	831	48	-229	31	831	48	-229	31	831	48	-229	31	831	48	-229	31	831	48	-229	31	831	48	-229	31	831	48	-229	31	831	48	-229	31	831	48	-229	31	831	48	-229	31	831	48	-229	31	831
49	-13	13	844	49	-13	13	844	49	-13	13	844	49	-13	13	844	49	-13	13	844	49	-13	13	844	49	-13	13	844	49	-13	13	844	49	-13	13	844	49	-13	13	844	49	-13	13	844	49	-13	13	844	49	-13	13	844	49	-13	13	844	49	-13	13	844	49	-13	13	844	49	-13	13	844	49	-13	13	844	49	-13	13	844	49	-13	13	844	49	-13	13	844	49	-13	13	844	49	-13	13	844	49	-13	13	844	49	-13	13	844	49	-13	13	844
50	-13	13	857	50	-13	13	857	50	-13	13	857	50	-13	13	857	50	-13	13	857	50	-13	13	857	50	-13	13	857	50	-13	13	857	50	-13	13	857	50	-13	13	857	50	-13	13	857	50	-13	13	857	50	-13	13	857	50	-13	13	857	50	-13	13	857	50	-13	13	857	50	-13	13	857	50	-13	13	857	50	-13	13	857	50	-13	13	857	50	-13	13	857	50	-13	13	857	50	-13	13	857	50	-13	13	857	50	-13	13	857	50	-13	13	857
51	-13	13	870	51	-13	13	870	51	-13	13	870	51	-13	13	870	51	-13	13	870	51	-13	13	870	51	-13	13	870	51	-13	13	870	51	-13	13	870	51	-13	13	870	51	-13	13	870	51	-13	13	870	51	-13	13	870	51	-13	13	870	51	-13	13	870	51	-13	13	870	51	-13	13	870	51	-13	13	870	51	-13	13	870	51	-13	13	870	51	-13	13	870	51	-13	13	870	51	-13	13	870	51	-13	13	870	51	-13	13	870	51	-13	13	870
52	-328	31	901	52	-328	31	901	52	-328	31	901	52	-328	31	901	52	-328	31	901	52	-328	31	901	52	-328	31	901	52	-328	31	901	52	-328	31	901	52	-328	31	901	52	-328	31	901	52	-328	31	901	52	-328	31	901	52	-328	31	901	52	-328	31	901	52	-328	31	901	52	-328	31	901	52	-328	31	901	52	-328	31	901	52	-328	31	901	52	-328	31	901	52	-328	31	901	52	-328	31	901	52	-328	31	901	52	-328	31	901	52	-328	31	901
53	-13	13	914	53	-13	13	914	53	-13	13	914	53	-13	13	914	53	-13	13	914	53	-13	13	914	53	-13	13	914	53	-13	13	914	53	-13	13	914	53	-13	13	914	53	-13	13	914	53	-13	13	914	53	-13	13	914	53	-13	13	914	53	-13	13	914	53	-13	13	914	53	-13	13	914	53	-13	13	914	53	-13	13	914	53	-13	13	914	53	-13	13	914	53	-13	13	914	53	-13	13	914	53	-13	13	914	53	-13	13	914	53	-13	13	914
54	-13	13	927	54	-13	13	927	54	-13	13	927	54	-13	13	927	54	-13	13	927	54	-13	13	927	54	-13	13	927	54	-13	13	927	54	-13	13	927	54	-13	13	927	54	-13	13	927	54	-13	13	927	54	-13	13	927	54	-13	13	927	54	-13	13	927	54	-13	13	927	54	-13	13	927	54	-13	13	927	54	-13	13	927	54	-13	13	927	54	-13	13	927	54	-13	13	927	54	-13	13	927	54	-13	13	927	54	-13	13	927	54	-13	13	927
55	-13	13	940	55	-13	13	940	55	-13	13	940	55	-13	13	940	55	-13	13	940	55	-13	13	940	55	-13	13	940	55	-13	13	940	55	-13	13	940	55	-13	13	940	55	-13	13	940	55	-13	13	940	55	-13	13	940	55	-13	13	940	55	-13	13	940	55	-13	13	940	55	-13	13	940	55	-13	13	940	55	-13	13	940	55	-13	13	940	55	-13	13	940	55	-13	13	940	55	-13	13	940	55	-13	13	940	55	-13	13	940	55	-13	13	940
56	-121	22	962	56	-121	22	962	56	-121	22	962	56	-121	22	962	56	-121	22	962	56	-121	22	962	56	-121	22	962	56	-121	22	962	56	-121	22	962	56	-121	22	962	56	-121	22	962	56	-121	22	962	56	-121	22	962	56	-121	22	962	56	-121	22	962	56	-121	22	962	56	-121	22	962	56	-121	22	962	56	-121	22	962	56	-121	22	962	56	-121	22	962	56	-121	22	962	56	-121	22	962	56	-121	22	962	56	-121	22	962	56	-121	22	962
57	-15	15	977	57	-15	15	977	57	-15	15	977	57	-15	15	977	57	-15	15	977	57	-15	15	977	57	-15	15	977	57	-15	15	977	57	-15	15	977	57	-15	15	977	57	-15	15	977	57	-15	15	977	57	-15	15	977	57	-15	15	977	57	-15	15	977	57	-15	15	977	57	-15	15	977	57	-15	15	977	57	-15	15	977	57	-15	15	977	57	-15	15	977	57	-15	15	977	57	-15	15	977	57	-15	15	977	57	-15	15	977	57	-15	15	977
58	-13	13	990	58	-13	13	990	58	-13	13	990	58	-13	13	990	58	-13	13	990	58	-13	13	990	58	-13	13	990	58	-13	13	990	58	-13	13	990	58	-13	13	990	58	-13	13	990	58	-13	13	990	58	-13	13	990	58	-13	13	990	58	-13	13	990	58	-13	13	990	58	-13	13	990	58	-13	13	990	58	-13	13	990	58	-13	13	990	58	-13	13	990	58	-13	13	990	58	-13	13	990	58	-13	13	990	58	-13	13	990	58	-13	13	990
59	-118	19	1009	59	-118	19	1009	59	-118	19	1009	59	-118	19	1009	59	-118	19	1009	59	-118	19	1009	59	-118	19	1009	59	-118	19	1009	59	-118	19	1009	59	-118	19	1009	59	-118	19	1009	59	-118	19	1009	59	-118	19	1009	59	-118	19	1009	59	-118	19	1009	59	-118	19	1009	59	-118	19	1009	59	-118	19	1009	59	-118	19	1009	59	-118	19	1009	59	-118	19	1009	59	-118	19	1009	59	-118	19	1009	59	-118	19	1009	59	-118	19	1009	59	-118	19	1009
60	-13	13	1022	60	-13	13	1022	60	-13	13	1022	60	-13	13	1022	60	-13	13	1022	60	-13	13	1022	60	-13	13	1022	60	-13	13	1022	60	-13	13	1022	60	-13	13	1022	60	-13	13	1022	60	-13	13	1022	60	-13	13	1022	60	-13	13	1022	60	-13	13	1022	60	-13	13	1022	60	-13	13	1022	60	-13	13	1022	60	-13	13	1022	60	-13	13	1022	60	-13	13	1022	60	-13	13	1022	60	-13	13	1022	60	-13	13	1022	60	-13	13	1022	60	-13	13	1022
61	-13	13	1035	61	-13	13	1035	61	-13	13	1035	61	-13	13	1035	61	-13	13	1035	61	-13	13	1035	61	-13	13	1035	61	-13	13	1035	61	-13	13	1035	61	-13	13	1035	61	-13	13	1035	61	-13	13	1035	61	-13	13	1035	61	-13	13	1035	61	-13	13	1035	61	-13	13	1035	61	-13	13	1035	61	-13	13	1035	61	-13	13	1035	61	-13	13	1035	61	-13	13	1035	61	-13	13	1035	61	-13	13	1035	61	-13	13	1035	61	-13	13	1035	61	-13	13	1035
62	-13	13	1048	62	-13	13	1048	62	-13	13	1048	62	-13	13	1048	62	-13	13	1048	62	-13	13	1048	62	-13	13	1048	62	-13	13	1048	62	-13	13	1048	62	-13	13	1048	62	-13	13	1048	62	-13	13	1048	62	-13	13	1048	62	-13	13	1048	62	-13	13	1048	62	-13	13	1048	62	-13	13	1048	62	-13	13	1048	62	-13	13	1048	62	-13	13	1048	62	-13	13	1048	62	-13	13	1048	62	-13	13	1048	62	-13	13	1048	62	-13	13	1048	62	-13	13	1048
63	-15	15	1063	63	-15	15	1063	63	-15	15	1063	63	-15	15	1063	63	-15	15	1063	63	-15	15	1063	63	-15	15	1063	63	-15	15	1063	63	-15	15	1063	63	-15	15	1063	63	-15	15	1063	63	-15	15	1063	63	-15	15	1063	63	-15	15	1063	63	-15	15	1063	63	-15	15	1063	63	-15	15	1063	63	-15	15	1063	63	-15	15	1063	63	-15	15	1063	63	-15	15	1063	63	-15	15	1063	63	-15	15	1063	63	-15	15	1063	63	-15	15	1063	63	-15	15	1063
64	-226	28	1091	64	-226	28	1091	64	-226	28	1091	64	-226	28	1091	64	-226	28	1091	64	-226	28	1091	64	-226	28	1091	64	-226	28	1091	64	-226	28	1091	64	-226	28	1091	64	-226	28	1091	64	-226	28	1091	64	-226	28	1091	64	-226	28	1091	64	-226	28	1091	64	-226	28	1091	64	-226	28	1091	64	-226	28	1091	64	-226	28	1091	64	-226	28	1091	64	-226	28	1091	64	-226	28	1091	64	-226	28	1091	64	-226	28	1091	64	-226	28	1091	64	-226	28	1091
65	-17	17	1108	65	-17	17	1108	65	-17	17	1108	65	-17	17	1108	65	-17	17	1108	65	-17	17	1108	65	-17	17	1108	65	-17	17	1108	65	-17	17	1108	65	-17	17	1108	65	-17	17	1108	65	-17	17	1108	65	-17	17	1108	65	-17	17	1108	65	-17	17	1108	65	-17	17	1108	65	-17	17	1108	65	-17	17	1108	65	-17	17	1108	65	-17	17	1108	65	-17	17	1108	65	-17	17	1108	65	-17	17	1108	65	-17	17	1108	65	-17	17	1108	65	-17	17	1108
66	-13	13	1121	66	-13	13	1121	66	-13	13	1121	66	-13	13	1121	66	-13	13	1121	66	-13	13	1121	66	-13	13	1121	66	-13	13	1121	66	-13	13	1121	66	-13	13	1121	66	-13	13	1121	66	-13	13	1121	66	-13	13	1121	66	-13	13	1121	66	-13	13	1121	66	-13	13	1121	66	-13	13	1121	66	-13	13	1121	66	-13	13	1121	66	-13	13	1121	66	-13	13	1121	66	-13	13	1121	66	-13	13	1121	66	-13	13	1121	66	-13	13	1121	66	-13	13	1121
67	-226	28	1149	67	-226	28	1149	67	-226	28	1149	67	-226	28	1149	67	-226	28	1149	67	-226	28	1149	67	-226	28	1149	67	-226	28	1149	67	-226	28	1149	67	-226	28	1149	67	-226	28	1149	67	-226	28	1149	67	-226	28	1149	67	-226	28	1149	67	-226	28	1149	67	-226	28	1149	67	-226	28	1149	67	-226	28	1149	67	-226	28	1149	67	-226	28	1149	67	-226	28	1149	67	-226	28	1149	67	-226	28	1149	67	-226	28	1149	67	-226	28	1149	67	-226	28	1149
68	-13	13	1162	68	-13	13	1162	68	-13	13	1162	68	-13	13	1162	68	-13	13	1162	68	-13	13	1162	68	-13	13	1162	68	-13	13	1162	68	-13	13	1162	68	-13	13	1162	68	-13	13	1162	68	-13	13	1162	68	-13	13	1162	68	-13	13	1162	68	-13	13	1162	68	-13	13	1162	68	-13	13	1162	68	-13	13	1162	68	-13	13	1162	68	-13	13	1162	68	-13	13	1162	68	-13	13	1162	68	-13	13	1162	68	-13	13	1162	68	-13	13	1162	68	-13	13	1162
69	-15	15	1177	69	-15	15	1177	69	-15	15	1177	69	-15	15	1177	69	-15	15	1177	69	-15	15	1177	69	-15	15	1177	69	-15	15	1177	69	-15	15	1177	69	-15	15	1177	69	-15	15	1177	69	-15	15	1177	69	-15	15	1177	69	-15	15	1177	69	-15	15	1177	69	-15	15	1177	69	-15	15	1177	69	-15	15	1177	69	-15	15	1177	69	-15	15	1177	69	-15	15	1177	69	-15	15	1177	69	-15	15	1177	69	-15	15	1177	69	-15	15	1177	69	-15	15	1177
70	-15	15	1192	70	-15	15	1192	70	-15	15	1192	70	-15	15	1192	70	-15	15	1192	70	-15	15	1192	70	-15	15	1192	70	-15	15	1192	70	-15	15	1192	70	-15	15	1192	70	-15	15	1192	70	-15	15	1192	70	-15	15	1192	70	-15	15	1192	70	-15	15	1192	70	-15	15	1192	70	-15	15	1192	70	-15	15	1192	70	-15	15	1192	70	-15	15	1192	70	-15	15	1192	70	-15	15	1192	70	-15	15	1192	70	-15	15	1192	70	-15	15	1192	70	-15	15	1192
71	-13	13	1205	71	-13	13	1205	71	-13	13	1205	71	-13	13	1205	71	-13	13	1205	71	-13	13	1205	71	-13	13	1205	71	-13	13	1205	71	-13	13	1205	71	-13	13	1205	71	-13	13	1205	71	-13	13	1205	71	-13	13	1205	71	-13	13	1205	71	-13	13	1205	71	-13	13	1205	71	-13	13	1205	71	-13	13	1205	71	-13	13	1205	71	-13	13	1205	71	-13	13	1205	71	-13	13	1205	71	-13	13	1205	71	-13	13	1205	71	-13	13	1205	71	-13	13	1205
72	-13	13	1218	72	-13	13	1218	72	-13	13	1218	72	-13	13	1218	72	-13	13	1218	72	-13	13	1218	72	-13	13	1218	72	-13	13	1218	72	-13	13	1218	72	-13	13	1218	72	-13	13	1218	72	-13	13	1218	72	-13	13	1218	72	-13	13	1218	72	-13	13	1218	72	-13	13	1218	72	-13	13	1218	72	-13	13	1218	72	-13	13	1218	72	-13	13	1218	72	-13	13	1218	72	-13	13	1218	72	-13	13	1218	72	-13	13	1218	72	-13	13	1218	72	-13	13	1218
73	-13	13	1231	73	-13	13	1231	73	-13	13	1231	73	-13	13	1231	73	-13	13	1231	73	-13	13	1231	73	-13	13	1231	73	-13	13	1231	73	-13	13	1231	73	-13	13	1231	73	-13	13	1231	73	-13	13	1231	73	-13	13	1231	73	-13	13	1231	73	-13	13	1231	73	-13	13	1231	73	-13	13	1231	73	-13	13	1231	73	-13	13	1231	73	-13	13	1231	73	-13	13	1231	73	-13	13	1231	73	-13	13	1231	73	-13	13	1231	73	-13	13	1231	73	-13	13	1231
74	-17	17	1248	74	-17	17	1248	74	-17	17	1248	74	-17	17	1248	74	-17	17	1248	74	-17	17	1248	74	-17	17	1248	74	-17	17	1248	74	-17	17	1248	74	-17	17	1248	74	-17	17	1248	74	-17	17	1248	74	-17	17	1248	74	-17	17	1248	74	-17	17	1248	74	-17	17	1248	74	-17	17	1248	74	-17	17	1248	74	-17	17	1248	74	-17	17	1248	74	-17	17	1248	74	-17	17	1248	74	-17	17	1248	74	-17	17	1248	74	-17	17	1248	74	-17	17	1248
75	-13	13	1261	75	-13	13	1261	75	-13	13	1261	75	-13	13	1261	75	-13	13	1261	75	-13	13	1261	75	-13	13	1261	75	-13	13	1261	75	-13	13	1261	75	-13	13	1261	75	-13	13	1261	75	-13	13	1261	75	-13	13	1261	75	-13	13	1261	75	-13	13	1261	75	-13	13	1261	75	-13	13	1261	75	-13	13	1261	75	-13	13	1261	75	-13	13	1261	75	-13	13	1261	75	-13	13	1261	75	-13	13	1261	75	-13	13	1261	75	-13	13	1261	75	-13	13	1261
76	-14	14	1275	76	-14	14	1275	76	-14	14	1275	76	-14	14	1275	76	-14	14	1275	76	-14	14	1275	76	-14	14	1275	76	-14	14	1275	76	-14	14	1275	76	-14	14	1275	76	-14	14	1275	76	-14	14	1275	76	-14	14	1275	76	-14	14	1275	76	-14	14	1275	76	-14	14	1275	76	-14	14	1275	76	-14	14	1275	76	-14	14	1275	76	-14	14	1275	76	-14	14	1275	76	-14	14	1275	76	-14	14	1275	76	-14	14	1275	76	-14	14	1275	76	-14	14	1275
77	-13	13	1288	77	-13	13	1288	77	-13	13	1288	77	-13	13	1288	77	-13	13	1288	77	-13	13	1288	77	-13	13	1288	77	-13	13	1288	77	-13	13	1288	77	-13	13	1288	77	-13	13	1288	77	-13	13	1288	77	-13	13	1288	77	-13	13	1288	77	-13	13	1288	77	-13	13	1288	77	-13	13	1288	77	-13	13	1288	77	-13	13	1288	77	-13	13	1288	77	-13	13	1288	77	-13	13	1288	77	-13	13	1288	77	-13	13	1288	77	-13	13	1288	77	-13	13	1288
78	-17	17	1305	78	-17	17	1305	78	-17	17	1305	78	-17	17	1305	78	-17	17	1305	78	-17	17	1305	78	-17	17	1305	78	-17	17	1305	78	-17	17	1305	78	-17	17	1305	78	-17	17	1305	78	-17	17	1305	78	-17	17	1305	78	-17	17	1305	78	-17	17	1305	78	-17	17	1305	78	-17	17	1305	78	-17	17	1305	78	-17	17	1305	78	-17	17	1305	78	-17	17	1305	78	-17	17	1305	78	-17	17	1305	78	-17	17	1305	78	-17	17	1305	78	-17	17	1305
79	-15	15	1320	79	-15	15	1320	79	-15	15	1320	79	-15	15	1320	79	-15	15	1320	79	-15	15	1320	79	-15	15	1320	79	-15	15	1320	79	-15	15	1320	79	-15	15	1320	79	-15	15	1320	79	-15	15	1320	79	-15	15	1320	79	-15	15	1320	79	-15	15	1320	79	-15	15	1320	79	-15	15	1320	79	-15	15	1320	79	-15	15	1320	79	-15	15	1320	79	-15	15	1320	79	-15	15	1320	79	-15	15	1320	79	-15	15	1320	79	-15	15	1320	79	-15	15	1320
80	-13	13	1333	80	-13	13	1333	80	-13	13	1333	80	-13	13	1333	80	-13	13	1333	80	-13	13	1333	80	-13	13	1333	80	-13	13	1333	80	-13	13	1333	80	-13	13	1333	80	-13	13	1333	80	-13	13	1333	80	-13	13	1333	80	-13	13	1333	80	-13	13	1333	80	-13	13	1333	80	-13	13	1333	80	-13	13	1333	80	-13	13	1333	80	-13	13	1333	80	-13	13	1333	80	-13	13	1333	80	-13	13	1333	80	-13	13	1333	80	-13	13	1333	80	-13	13	1333
81	-16	16	1349	81	-16	16	1349	81	-16	16	1349	81	-16	16	1349	81	-16	16	1349	81	-16	16	1349	81	-16	16	1349	81	-16	16	1349	81	-16	16	1349	81	-16	16	1349	81	-16	16	1349	81	-16	16	1349	81	-16	16	1349	81	-16	16	1349	81	-16	16	1349	81	-16	16	1349	81	-16	16	1349	81	-16	16	1349	81	-16	16	1349	81	-16	16	1349	81	-16	16	1349	81	-16	16	1349	81	-16	16	1349	81	-16	16	1349	81	-16	16	1349	81	-16	16	1349
82	-127	28	1377	82	-127	28	1377	82	-127	28	1377	82	-127	28	1377	82	-127	28	1377	82	-127	28	1377	82	-127	28	1377	82	-127	28	1377	82	-127	28	1377	82	-127	28	1377	82	-127	28	1377	82	-127	28	1377	82	-127	28	1377	82	-127	28	1377	82	-127	28	1377	82	-127	28	1377	82	-127	28	1377	82	-127	28	1377	82	-127	28	1377	82	-127	28	1377	82	-127	28	1377	82	-127	28	1377	82	-127	28	1377	82	-127	28	1377	82	-127	28	1377	82	-127	28	1377
83	-13	13	1390	83	-13	13	1390	83	-13	13	1390	83	-13	13	1390	83	-13	13	1390	83	-13	13	1390	83	-13	13	1390	83	-13	13	1390	83	-13	13	1390	83	-13	13	1390	83	-13	13	1390	83	-13	13	1390	83	-13	13	1390	83	-13	13	1390	83	-13	13	1390	83	-13	13	1390	83	-13	13	1390	83	-13	13	1390	83	-13	13	1390	83	-13	13	1390	83	-13	13	1390	83	-13	13	1390	83	-13	13	1390	83	-13	13	1390	83	-13	13	1390	83	-13	13	1390
84	-13	13	1403	84	-13	13	1403	84	-13	13	1403	84	-13	13	1403	84	-13	13	1403	84	-13	13	1403	84	-13	13	1403	84	-13	13	1403	84	-13	13	1403	84	-13	13	1403	84	-13	13	1403	84	-13	13	1403	84	-13	13	1403	84	-13	13	1403	84	-13	13	1403	84	-13	13	1403	84	-13	13	1403	84	-13	13	1403	84	-13	13	1403	84	-13	13	1403	84	-13	13	1403	84	-13	13	1403	84	-13	13	1403	84	-13	13	1403	84	-13	13	1403	84	-13	13	1403
85	-118	19	1422	85	-118	19	1422	85	-118	19	1422	85	-118	19	1422	85	-118	19	1422	85	-118	19	1422	85	-118	19	1422	85	-118	19	1422	85	-118	19	1422	85	-118	19	1422	85	-118	19	1422	85	-118	19	1422	85	-118	19	1422	85	-118	19	1422	85	-118	19	1422	85	-118	19	1422	85	-118	19	1422	85	-118	19	1422	85	-118	19	1422	85	-118	19	1422	85	-118	19	1422	85	-118	19	1422	85	-118	19	1422	85	-118	19	1422	85	-118	19	1422	85	-118	19	1422
86	-13	13	1435	86	-13	13	1435	86	-13	13	1435	86	-13	13	1435	86	-13	13	1435	86	-13	13	1435	86	-13	13	1435	86	-13	13	1435	86	-13	13	1435	86	-13	13	1435	86	-13	13	1435	86	-13	13	1435	86	-13	13	1435	86	-13	13	1435	86	-13	13	1435	86	-13	13	1435	86	-13	13	1435	86	-13	13	1435	86	-13	13	1435	86	-13	13	1435	86	-13	13	1435	86	-13	13	1435	86	-13	13	1435	86	-13	13	1435	86	-13	13	1435	86	-13	13	1435
87	-13	13	1448	87	-13	13	1448	87	-13	13	1448	87	-13	13	1448	87	-13	13	1448	87	-13	13	1448	87	-13	13	1448	87	-13	13	1448	87	-13	13	1448	87	-13	13	1448	87	-13	13	1448	87	-13	13	1448	87	-13	13	1448	87	-13	13	1448	87	-13	13	1448	87	-13	13	1448	87	-13	13	1448	87	-13	13	1448	87	-13	13	1448	87	-13	13	1448	87	-13	13	1448	87	-13	13	1448	87	-13	13	1448	87	-13	13	1448	87	-13	13	1448	87	-13	13	1448
88	-118	19	1467	88	-118	19	1467	88	-118	19	1467	88	-118	19	1467	88	-118	19	1467	88	-118	19	1467	88	-118	19	1467	88	-118	19	1467	88	-118	19	1467	88	-118	19	1467	88	-118	19	1467	88	-118	19	1467	88	-118	19	1467	88	-118	19	1467	88	-118	19	1467	88	-118	19	1467	88	-118	19	1467	88	-118	19	1467	88	-118	19	1467	88	-118	19	1467	88	-118	19	1467	88	-118	19	1467	88	-118	19	1467	88	-118	19	1467	88	-118	19	1467	88	-118	19	1467
89	-15	15	1482	89	-15	15	1482	89	-15	15	1482	89	-15	15	1482	89	-15	15	1482	89	-15	15	1482	89	-15	15	1482	89	-15	15	1482	89	-15	15	1482	89	-15	15	1482	89	-15	15	1482	89	-15	15	1482	89	-15	15	1482	89	-15	15	1482	89	-15	15	1482	89	-15	15	1482	89	-15	15	1482	89	-15	15	1482	89	-15	15	1482	89	-15	15	1482	89	-15	15	1482	89	-15	15	1482	89	-15	15	1482	89	-15	15	1482	89	-15	15	1482	89	-15	15	1482
90	-14	14	1496	90	-14	14	1496	90	-14	14	1496	90	-14	14	1496	90	-14	14	1496	90	-14	14	1496	90	-14	14	1496	90	-14	14	1496	90	-14	14	1496	90	-14	14	1496	90	-14	14	1496	90	-14	14	1496	90	-14	14	1496	90	-14	14	1496	90	-14	14	1496	90	-14	14	1496	90	-14	14	1496	90	-14	14	1496	90	-14	14	1496	90	-14	14	1496	90	-14	14	1496	90	-14	14	1496	90	-14	14	1496	90	-14	14	1496	90	-14	14	1496	90	-14	14	1496
91	-13	13	1509	91	-13	13	1509	91	-13	13	1509	91	-13	13	1509	91	-13	13	1509	91	-13	13	1509	91	-13	13	1509	91	-13	13	1509	91	-13	13	1509	91	-13	13	1509	91	-13	13	1509	91	-13	13	1509	91	-13	13	1509	91	-13	13	1509	91	-13	13	1509	91	-13	13	1509	91	-13	13	1509	91	-13	13	1509	91	-13	13	1509	91	-13	13	1509	91	-13	13	1509	91	-13	13	1509	91	-13	13	1509	91	-13	13	1509	91	-13	13	1509	91	-13	13	1509
92	-120	21	1530	92	-120	21	1530	92	-120	21	1530	92	-120	21	1530	92	-120	21	1530	92	-120	21	1530	92	-120	21	1530	92	-120	21	1530	92	-120	21	1530	92	-120	21	1530	92	-120	21	1530	92	-120	21	1530	92	-120	21	1530	92	-120	21	1530	92	-120	21	1530	92	-120	21	1530	92	-120	21	1530	92	-120	21	1530	92	-120	21	1530	92	-120	21	1530	92	-120	21	1530	92	-120	21	1530	92	-120	21	1530	92	-120	21	1530	92	-120	21	1530	92	-120	21	1530
93	-15	15	1545	93	-15	15	1545	93	-15	15	1545	93	-15	15	1545	93	-15	15	1545	93	-15	15	1545	93	-15	15	1545	93	-15	15	1545	93	-15	15	1545	93	-15	15	1545	93	-15	15	1545	93	-15	15	1545	93	-15	15	1545	93	-15	15	1545	93	-15	15	1545	93	-15	15	1545	93	-15	15	1545	93	-15	15	1545	93	-15	15	1545	93	-15	15	1545	93	-15	15	1545	93	-15	15	1545	93	-15	15	1545	93	-15	15	1545	93	-15	15	1545	93	-15	15	1545
94	-14	14	1559	94	-14	14	1559	94	-14	14	1559	94	-14	14	1559	94	-14	14	1559	94	-14	14	1559	94	-14	14	1559	94	-14	14	1559	94	-14	14	1559	94	-14	14	1559	94	-14	14	1559	94	-14	14	1559	94	-14	14	1559	94	-14	14	1559	94	-14	14	1559	94	-14	14	1559	94	-14	14	1559	94	-14	14	1559	94	-14	14	1559	94	-14	14	1559	94	-14	14	1559	94	-14	14	1559	94	-14	14	1559	94	-14	14	1559	94	-14	14	1559	94	-14	14	1559
95	-15	15	1574	95	-15	15	1574	95	-15	15	1574	95	-15	15	1574	95	-15	15	1574	95	-15	15	1574	95	-15	15	1574	95	-15	15	1574	95	-15	15	1574	95	-15	15	1574	95	-15	15	1574	95	-15	15	1574	95	-15	15	1574	95	-15	15	1574	95	-15	15	1574	95	-15	15	1574	95	-15	15	1574	95	-15	15	1574	95	-15	15	1574	95	-15	15	1574	95	-15	15	1574	95	-15	15	1574	95	-15	15	1574	95	-15	15	1574	95	-15	15	1574	95	-15	15	1574
96	-121	22	1596	96	-121	22	1596	96	-121	22	1596	96	-121	22	1596	96	-121	22	1596	96	-121	22	1596	96	-121	22	1596	96	-121	22	1596	96	-121	22	1596	96	-121	22	1596	96	-121	22	1596	96	-121	22	1596	96	-121	22	1596	96	-121	22	1596	96	-121	22	1596	96	-121	22	1596	96	-121	22	1596	96	-121	22	1596	96	-121	22	1596	96	-121	22	1596	96	-121	22	1596	96	-121	22	1596	96	-121	22	1596	96	-121	22	1596	96	-121	22	1596	96	-121	22	1596
97	-17	17	1613	97	-17	17	1613	97	-17	17	1613	97	-17	17	1613	97	-17	17	1613	97	-17	17	1613	97	-17	17	1613	97	-17	17	1613	97	-17	17	1613	97	-17	17	1613	97	-17	17	1613	97	-17	17	1613	97	-17	17	1613	97	-17	17	1613	97	-17	17	1613	97	-17	17	1613	97	-17	17	1613	97	-17	17	1613	97	-17	17	1613	97	-17	17	1613	97	-17	17	1613	97	-17	17	1613	97	-17	17	1613	97	-17	17	1613	97	-17	17	1613	97	-17	17	1613
98	-15	15	1628	98	-15	15	1628	98	-15	15	1628	98	-15	15	1628	98	-15	15	1628	98	-15	15	1628	98	-15	15	1628	98	-15	15	1628	98	-15	15	1628	98	-15	15	1628	98	-15	15	1628	98	-15	15	1628	98	-15	15	1628	98	-15	15	1628	98	-15	15	1628	98	-15	15	1628	98	-15	15	1628	98	-15	15	1628	98	-15	15	1628	98	-15	15	1628	98	-15	15	1628	98	-15	15	1628	98	-15	15	1628	98	-15	15	1628	98	-15	15	1628	98	-15	15	1628
99	-13	13	1641	99	-13	13	1641	99	-13	13	1641	99	-13	13	1641	99	-13	13	1641	99	-13	13	1641	99	-13	13	1641	99	-13	13	1641	99	-13	13	1641	99	-13	13	1641	99	-13	13	1641	99	-13	13	1641	99	-13	13	1641	99	-13	13	1641	99	-13	13	1641	99	-13	13	1641	99	-13	13	1641	99	-13	13	1641	99	-13	13	1641	99	-13	13	1641	99	-13	13	1641	99	-13	13	1641	99	-13	13	1641	99	-13	13	1641	99	-13	13	1641	99	-13	13	1641
100	-15	15	1656	100	-15	15	1656	100	-15	15	1656	100	-15	15	1656	100	-15	15	1656	100	-15	15	1656	100	-15	15	1656	100	-15	15	1656	100	-15	15	1656	100	-15	15	1656	100	-15	15	1656	100	-15	15	1656	100	-15	15	1656	100	-15	15	1656	100	-15	15	1656	100	-15	15	1656	100	-15	15	1656	100	-15	15	1656	100	-15	15	1656	100	-15	15	1656	100	-15	15	1656	100	-15	15	1656	100	-15	15	1656	100	-15	15	1656	100	-15	15	1656	100	-15	15	1656
101	-119	20	1676	101	-119	20	1676	101	-119	20	1676	101	-119	20	1676	101	-119	20	1676	101	-119	20	1676	101	-119	20	1676	101	-119	20	1676	101	-119	20	1676	101	-119	20	1676	101	-119	20	1676	101	-119	20	1676	101	-119	20	1676	101	-119	20	1676	101	-119	20	1676	101	-119	20	1676	101	-119	20	1676	101	-119	20	1676	101	-119	20	1676	101	-119	20	1676	101	-119	20	1676	101	-119	20	1676	101	-119	20	1676	101	-119	20	1676	101	-119	20	1676	101	-119	20	1676
102	-16	16	1692	102	-16	16	1692	102	-16	16	1692	102	-16	16	1692	102	-16	16	1692	102	-16	16	1692	102	-16	16	1692	102	-16	16	1692	102	-16	16	1692	102	-16	16	1692	102	-16	16	1692	102	-16	16	1692	102	-16	16	1692	102	-16	16	1692	102	-16	16	1692	102	-16	16	1692	102	-16	16	1692	102	-16	16	1692	102	-16	16	1692	102	-16	16	1692	102	-16	16	1692	102	-16	16	1692	102	-16	16	1692	102	-16	16	1692	102	-16	16	1692	102	-16	16	1692
103	-17	17	1709	103	-17	17	1709	103	-17	17	1709	103	-17	17	1709	103	-17	17	1709	103	-17	17	1709	103	-17	17	1709	103	-17	17	1709	103	-17	17	1709	103	-17	17	1709	103	-17	17	1709	103	-17	17	1709	103	-17	17	1709	103	-17	17	1709	103	-17	17	1709	103	-17	17	1709	103	-17	17	1709	103	-17	17	1709	103	-17	17	1709	103	-17	17	1709	103	-17	17	1709	103	-17	17	1709	103	-17	17	1709	103	-17	17	1709	103	-17	17	1709	103	-17	17	1709
104	-13	13	1722	104	-13	13	1722	104	-13	13	1722	104	-13	13	1722	104	-13	13	1722	104	-13	13	1722	104	-13	13	1722	104	-13	13	1722	104	-13	13	1722	104	-13	13	1722	104	-13	13	1722	104	-13	13	1722	104	-13	13	1722	104	-13	13	1722	104	-13	13	1722	104	-13	13	1722	104	-13	13	1722	104	-13	13	1722	104	-13	13	1722	104	-13	13	1722	104	-13	13	1722	104	-13	13	1722	104	-13	13	1722	104	-13	13	1722	104	-13	13	1722	104	-13	13	1722
105	-15	15	1737	105	-15	15	1737	105	-15	15	1737	105	-15	15	1737	105	-15	15	1737	105	-15	15	1737	105	-15	15	1737	105	-15	15	1737	105	-15	15	1737	105	-15	15	1737	105	-15	15	1737	105	-15	15	1737	105	-15	15	1737	105	-15	15	1737	105	-15	15	1737	105	-15	15	1737	105	-15	15	1737	105	-15	15	1737	105	-15	15	1737	105	-15	15	1737	105	-15	15	1737	105	-15	15	1737	105	-15	15	1737	105	-15	15	1737	105	-15	15	1737	105	-15	15	1737
106	-15	15	1752	106	-15	15	1752	106	-15	15	1752	106	-15	15	1752	106	-15	15	1752	106	-15	15	1752	106	-15	15	1752	106	-15	15	1752	106	-15	15	1752	106	-15	15	1752	106	-15	15	1752	106	-15	15	1752	106	-15	15	1752	106	-15	15	1752	106	-15	15	1752	106	-15	15	1752	106	-15	15	1752	106	-15	15	1752	106	-15	15	1752	106	-15	15	1752	106	-15	15	1752	106	-15	15	1752	106	-15	15	1752	106	-15	15	1752	106	-15	15	1752	106	-15	15	1752
107	-15	15	1767	107	-15	15	1767	107	-15	15	1767	107	-15	15	1767	107	-15	15	1767	107	-15	15	1767	107	-15	15	1767	107	-15	15	1767	107	-15	15	1767	107	-15	15	1767	107	-15	15	1767	107	-15	15	1767	107	-15	15	1767	107	-15	15	1767	107	-15	15	1767	107	-15	15	1767	107	-15	15	1767	107	-15	15	1767	107	-15	15	1767	107	-15	15	1767	107	-15	15	1767	107	-15	15	1767	107	-15	15	1767	107	-15	15	1767	107	-15	15	1767	107	-15	15	1767
108	-13	13	1780	108	-13	13	1780	108	-13	13	1780	108	-13	13	1780	108	-13	13	1780	108	-13	13	1780	108	-13	13	1780	108	-13	13	1780	108	-13	13	1780	108	-13	13	1780	108	-13	13	1780	108	-13	13	1780	108	-13	13	1780	108	-13	13	1780	108	-13	13	1780	108	-13	13	1780	108	-13	13	1780	108	-13	13	1780	108	-13	13	1780	108	-13	13	1780	108	-13	13	1780	108	-13	13	1780	108	-13	13	1780	108	-13	13	1780	108	-13	13	1780	108	-13	13	1780
109	-18	18	1798	109	-18	18	1798	109	-18	18	1798	109	-18	18	1798	109	-18	18	1798	109	-18	18	1798	109	-18	18	1798	109	-18	18	1798	109	-18	18	1798	109	-18	18	1798	109	-18	18	1798	109	-18	18	1798	109	-18	18	1798	109	-18	18	1798	109	-18	18	1798	109	-18	18	1798	109	-18	18	1798	109	-18	18	1798	109	-18	18	1798	109	-18	18	1798	109	-18	18	1798	109	-18	18	1798	109	-18	18	1798	109	-18	18	1798	109	-18	18	1798	109	-18	18	1798
110	-230	32	1830	110	-230	32	1830	110	-230	32	1830	110	-230	32	1830	110	-230	32	1830	110	-230	32	1830	110	-230	32	1830	110	-230	32	1830	110	-230	32	1830	110	-230	32	1830	110	-230	32	1830	110	-230	32	1830	110	-230	32	1830	110	-230	32	1830	110	-230	32	1830	110	-230	32	1830	110	-230	32	1830	110	-230	32	1830	110	-230	32	1830	110	-230	32	1830	110	-230	32	1830	110	-230	32	1830	110	-230	32	1830	110	-230	32	1830	110	-230	32	1830	110	-230	32	1830
111	-13	13	1843	111	-13	13	1843	111	-13	13	1843	111	-13	13	1843	111	-13	13	1843	111	-13	13	1843	111	-13	13	1843	111	-13	13	1843	111	-13	13	1843	111	-13	13	1843	111	-13	13	1843	111	-13	13	1843	111	-13	13	1843	111	-13	13	1843	111	-13	13	1843	111	-13	13	1843	111	-13	13	1843	111	-13	13	1843	111	-13	13	1843	111	-13	13	1843	111	-13	13	1843	111	-13	13	1843	111	-13	13	1843	111	-13	13	1843	111	-13	13	1843	111	-13	13	1843
112	-13	13	1856	112	-13	13	1856	112	-13	13	1856	112	-13	13	1856	112	-13	13	1856	112	-13	13	1856	112	-13	13	1856	112	-13	13	1856	112	-13	13	1856	112	-13	13	1856	112	-13	13	1856	112	-13	13	1856	112	-13	13	1856	112	-13	13	1856	112	-13	13	1856	112	-13	13	1856	112	-13	13	1856	112	-13	13	1856	112	-13	13	1856	112	-13	13	1856	112	-13	13	1856	112	-13	13	1856	112	-13	13	1856	112	-13	13	1856	112	-13	13	1856	112	-13	13	1856
113	-15	15	1871	113	-15	15	1871	113	-15	15	1871	113	-15	15	1871	113	-15	15	1871	113	-15	15	1871	113	-15	15	1871	113	-15	15	1871	113	-15	15	1871	113	-15	15	1871	113	-15	15	1871	113	-15	15	1871	113	-15	15	1871	113	-15	15	1871	113	-15	15	1871	113	-15	15	1871	113	-15	15	1871	113	-15	15	1871	113	-15	15	1871	113	-15	15	1871	113	-15	15	1871	113	-15	15	1871	113	-15	15	1871	113	-15	15	1871	113	-15	15	1871	113	-15	15	1871
114	-120	21	1892	114	-120	21	1892	114	-120	21	1892	114	-120	21	1892	114	-120	21	1892	114	-120	21	1892	114	-120	21	1892	114	-120	21	1892	114	-120	21	1892	114	-120	21	1892	114	-120	21	1892	114	-120	21	1892	114	-120	21	1892	114	-120	21	1892	114	-120	21	1892	114	-120	21	1892	114	-120	21	1892	114	-120	21	1892	114	-120	21	1892	114	-120	21	1892	114	-120	21	1892	114	-120	21	1892	114	-120	21	1892	114	-120	21	1892	114	-120	21	1892	114	-120	21	1892
115	-119	20	1912	115	-119	20	1912	115	-119	20	1912	115	-119	20	1912	115	-119	20	1912	115	-119	20	1912	115	-119	20	1912	115	-119	20	1912	115	-119	20	1912	115	-119	20	1912	115	-119	20	1912	115	-119	20	1912	115	-119	20	1912	115	-119	20	1912	115	-119	20	1912	115	-119	20	1912	115	-119	20	1912	115	-119	20	1912	115	-119	20	1912	115	-119	20	1912	115	-119	20	1912	115	-119	20	1912	115	-119	20	1912	115	-119	20	1912	115	-119	20	1912	115	-119	20	1912
116	-13	13	1925	116	-13	13	1925	116	-13	13	1925	116	-13	13	1925	116	-13	13	1925	116	-13	13	1925	116	-13	13	1925	116	-13	13	1925	116	-13	13	1925	116	-13	13	1925	116	-13	13	1925	116	-13	13	1925	116	-13	13	1925	116	-13	13	1925	116	-13	13	1925	116	-13	13	1925	116	-13	13	1925	116	-13	13	1925	116	-13	13	1925	116	-13	13	1925	116	-13	13	1925	116	-13	13	1925	116	-13	13	1925	116	-13	13	1925	116	-13	13	1925	116	-13	13	1925
117	-13	13	1938	117	-13	13	1938	117	-13	13	1938	117	-13	13	1938	117	-13	13	1938	117	-13	13	1938	117	-13	13	1938	117	-13	13	1938	117	-13	13	1938	117	-13	13	1938	117	-13	13	1938	117	-13	13	1938	117	-13	13	1938	117	-13	13	1938	117	-13	13	1938	117	-13	13	1938	117	-13	13	1938	117	-13	13	1938	117	-13	13	1938	117	-13	13	1938	117	-13	13	1938	117	-13	13	1938	117	-13	13	1938	117	-13	13	1938	117	-13	13	1938	117	-13	13	1938
118	-116	17	1955	118	-116	17	1955	118	-116	17	1955	118	-116	17	1955	118	-116	17	1955	118	-116	17	1955	118	-116	17	1955	118	-116	17	1955	118	-116	17	1955	118	-116	17	1955	118	-116	17	1955	118	-116	17	1955	118	-116	17	1955	118	-116	17	1955	118	-116	17	1955	118	-116	17	1955	118	-116	17	1955	118	-116	17	1955	118	-116	17	1955	118	-116	17	1955	118	-116	17	1955	118	-116	17	1955	118	-116	17	1955	118	-116	17	1955	118	-116	17	1955	118	-116	17	1955
119	-115	16	1971	119	-115	16	1971	119	-115	16	1971	119	-115	16	1971	119	-115	16	1971	119	-115	16	1971	119	-115	16	1971	119	-115	16	1971	119	-115	16	1971	119	-115	16	1971	119	-115	16	1971	119	-115	16	1971	119	-115	16	1971	119	-115	16	1971	119	-115	16	1971	119	-115	16	1971	119	-115	16	1971	119	-115	16	1971	119	-115	16	1971	119	-115	16	1971	119	-115	16	1971	119	-115	16	1971	119	-115	16	1971	119	-115	16	1971	119	-115	16	1971	119	-115	16	1971
120	-17	17	1988	120	-17	17	1988	120	-17	17	1988	120	-17	17	1988	120	-17	17	1988	120	-17	17	1988	120	-17	17	1988	120	-17	17	1988	120	-17	17	1988	120	-17	17	1988	120	-17	17	1988	120	-17	17	1988	120	-17	17	1988	120	-17	17	1988	120	-17	17	1988	120	-17	17	1988	120	-17	17	1988	120	-17	17	1988	120	-17	17	1988	120	-17	17	1988	120	-17	17	1988	120	-17	17	1988	120	-17	17	1988	120	-17	17	1988	120	-17	17	1988	120	-17	17	1988
121	-15	15	2003	121	-15	15	2003	121	-15	15	2003	121	-15	15	2003	121	-15	15	2003	121	-15	15	2003	121	-15	15	2003	121	-15	15	2003	121	-15	15	2003	121	-15	15	2003	121	-15	15	2003	121	-15	15	2003	121	-15	15	2003	121	-15	15	2003	121	-15	15	2003	121	-15	15	2003	121	-15	15	2003	121	-15	15	2003	121	-15	15	2003	121	-15	15	2003	121	-15	15	2003	121	-15	15	2003	121	-15	15	2003	121	-15	15	2003	121	-15	15	2003	121	-15	15	2003
122	-13	13	2016	122	-13	13	2016	122	-13	13	2016	122	-13	13	2016	122	-13	13	2016	122	-13	13	2016	122	-13	13	2016	122	-13	13	2016	122	-13	13	2016	122	-13	13	2016	122	-13	13	2016	122	-13	13	2016	122	-13	13	2016	122	-13	13	2016	122	-13	13	2016	122	-13	13	2016	122	-13	13	2016	122	-13	13	2016	122	-13	13	2016	122	-13	13	2016	122	-13	13	2016	122	-13	13	2016	122	-13	13	2016	122	-13	13	2016	122	-13	13	2016	122	-13	13	2016
123	-13	13	2029	123	-13	13	2029	123	-13	13	2029	123	-13	13	2029	123	-13	13	2029	123	-13	13	2029	123	-13	13	2029	123	-13	13	2029	123	-13	13	2029	123	-13	13	2029	123	-13	13	2029	123	-13	13	2029	123	-13	13	2029	123	-13	13	2029	123	-13	13	2029	123	-13	13	2029	123	-13	13	2029	123	-13	13	2029	123	-13	13	2029	123	-13	13	2029	123	-13	13	2029	123	-13	13	2029	123	-13	13	2029	123	-13	13	2029	123	-13	13	2029	123	-13	13	2029
124	-17	17	2046	124	-17	17	2046	124	-17	17	2046	124	-17	17	2046	124	-17	17	2046	124	-17	17	2046	124	-17	17	2046	124	-17	17	2046	124	-17	17	2046	124	-17	17	2046	124	-17	17	2046	124	-17	17	2046	124	-17	17	2046	124	-17	17	2046	124	-17	17	2046	124	-17	17	2046	124	-17	17	2046	124	-17	17	2046	124	-17	17	2046	124	-17	17	2046	124	-17	17	2046	124	-17	17	2046	124	-17	17	2046	124	-17	17	2046	124	-17	17	2046	124	-17	17	2046
125	-15	15	2061	125	-15	15	2061	125	-15	15	2061	125	-15	15	2061	125	-15	15	2061	125	-15	15	2061	125	-15	15	2061	125	-15	15	2061	125	-15	15	2061	125	-15	15	2061	125	-15	15	2061	125	-15	15	2061	125	-15	15	2061	125	-15	15	2061	125	-15	15	2061	125	-15	15	2061	125	-15	15	2061	125	-15	15	2061	125	-15	15	2061	125	-15	15	2061	125	-15	15	2061	125	-15	15	2061	125	-15	15	2061	125	-15	15	2061	125	-15	15	2061	125	-15	15	2061
126	-13	13	2074	126	-13	13	2074	126	-13	13	2074	126	-13	13	2074	126	-13	13	2074	126	-13	13	2074	126	-13	13	2074	126	-13	13	2074	126	-13	13	2074	126	-13	13	2074	126	-13	13	2074	126	-13	13	2074	126	-13	13	2074	126	-13	13	2074	126	-13	13	2074	126	-13	13	2074	126	-13	13	2074	126	-13	13	2074	126	-13	13	2074	126	-13	13	2074	126	-13	13	2074	126	-13	13	2074	126	-13	13	2074	126	-13	13	2074	126	-13	13	2074	126	-13	13	2074
127	-13	13	2087	127	-13	13	2087	127	-13	13	2087	127	-13	13	2087	127	-13	13	2087	127	-13	13	2087	127	-13	13	2087	127	-13	13	2087	127	-13	13	2087	127	-13	13	2087	127	-13	13	2087	127	-13	13	2087	127	-13	13	2087	127	-13	13	2087	127	-13	13	2087	127	-13	13	2087	127	-13	13	2087	127	-13	13	2087	127	-13	13	2087	127	-13	13	2087	127	-13	13	2087	127	-13	13	2087	127	-13	13	2087	127	-13	13	2087	127	-13	13	2087	127	-13	13	2087
128	-15	15	2102	128	-15	15	2102	128	-15	15	2102	128	-15	15	2102	128	-15	15	2102	128	-15	15	2102	128	-15	15	2102	128	-15	15	2102	128	-15	15	2102	128	-15	15	2102	128	-15	15	2102	128	-15	15	2102	128	-15	15	2102	128	-15	15	2102	128	-15	15	2102	128	-15	15	2102	128	-15	15	2102	128	-15	15	2102	128	-15	15	2102	128	-15	15	2102	128	-15	15	2102	128	-15	15	2102	128	-15	15	2102	128	-15	15	2102	128	-15	15	2102	128	-15	15	2102
129	-15	15	2117	129	-15	15	2117	129	-15	15	2117	129	-15	15	2117	129	-15	15	2117	129	-15	15	2117	129	-15	15	2117	129	-15	15	2117	129	-15	15	2117	129	-15	15	2117	129	-15	15	2117	129	-15	15	2117	129	-15	15	2117	129	-15	15	2117	129	-15	15	2117	129	-15	15	2117	129	-15	15	2117	129	-15	15	2117	129	-15	15	2117	129	-15	15	2117	129	-15	15	2117	129	-15	15	2117	129	-15	15	2117	129	-15	15	2117	129	-15	15	2117	129	-15	15	2117
130	-125	26	2143	130	-125	26	2143	130	-125	26	2143	130	-125	26	2143	130	-125	26	2143	130	-125	26	2143	130	-125	26	2143	130	-125	26	2143	130	-125	26	2143	130	-125	26	2143	130	-125	26	2143	130	-125	26	2143	130	-125	26	2143	130	-125	26	2143	130	-125	26	2143	130	-125	26	2143	130	-125	26	2143	130	-125	26	2143	130	-125	26	2143	130	-125	26	2143	130	-125	26	2143	130	-125	26	2143	130	-125	26	2143	130	-125	26	2143	130	-125	26	2143	130	-125	26	2143
131	-13	13	2156	131	-13	13	2156	131	-13	13	2156	131	-13	13	2156	131	-13	13	2156	131	-13	13	2156	131	-13	13	2156	131	-13	13	2156	131	-13	13	2156	131	-13	13	2156	131	-13	13	2156	131	-13	13	2156	131	-13	13	2156	131	-13	13	2156	131	-13	13	2156	131	-13	13	2156	131	-13	13	2156	131	-13	13	2156	131	-13	13	2156	131	-13	13	2156	131	-13	13	2156	131	-13	13	2156	131	-13	13	2156	131	-13	13	2156	131	-13	13	2156	131	-13	13	2156
132	-13	13	2169	132	-13	13	2169	132	-13	13	2169	132	-13	13	2169	132	-13	13	2169	132	-13	13	2169	132	-13	13	2169	132	-13	13	2169	132	-13	13	2169	132	-13	13	2169	132	-13	13	2169	132	-13	13	2169	132	-13	13	2169	132	-13	13	2169	132	-13	13	2169	132	-13	13	2169	132	-13	13	2169	132	-13	13	2169	132	-13	13	2169	132	-13	13	2169	132	-13	13	2169	132	-13	13	2169	132	-13	13	2169	132	-13	13	2169	132	-13	13	2169	132	-13	13	2169
133	-13	13	2182	133	-13	13	2182	133	-13	13	2182	133	-13	13	2182	133	-13	13	2182	133	-13	13	2182	133	-13	13	2182	133	-13	13	2182	133	-13	13	2182	133	-13	13	2182	133	-13	13	2182	133	-13	13	2182	133	-13	13	2182	133	-13	13	2182	133	-13	13	2182	133	-13	13	2182	133	-13	13	2182	133	-13	13	2182	133	-13	13	2182	133	-13	13	2182	133	-13	13	2182	133	-13	13	2182	133	-13	13	2182	133	-13	13	2182	133	-13	13	2182	133	-13	13	2182
134	-13	13	2195	134	-13	13	2195	134	-13	13	2195	134	-13	13	2195	134	-13	13	2195	134	-13	13	2195	134	-13	13	2195	134	-13	13	2195	134	-13	13	2195	134	-13	13	2195	134	-13	13	2195	134	-13	13	2195	134	-13	13	2195	134	-13	13	2195	134	-13	13	2195	134	-13	13	2195	134	-13	13	2195	134	-13	13	2195	134	-13	13	2195	134	-13	13	2195	134	-13	13	2195	134	-13	13	2195	134	-13	13	2195	134	-13	13	2195	134	-13	13	2195	134	-13	13	2195
135	-19	19	2214	135	-19	19	2214	135	-19	19	2214	135	-19	19	2214	135	-19	19	2214	135	-19	19	2214	135	-19	19	2214	135	-19	19	2214	135	-19	19	2214	135	-19	19	2214	135	-19	19	2214	135	-19	19	2214	135	-19	19	2214	135	-19	19	2214	135	-19	19	2214	135	-19	19	2214	135	-19	19	2214	135	-19	19	2214	135	-19	19	2214	135	-19	19	2214	135	-19	19	2214	135	-19	19	2214	135	-19	19	2214	135	-19	19	2214	135	-19	19	2214	135	-19	19	2214
136	-13	13	2227	136	-13	13	2227	136	-13	13	2227	136	-13	13	2227	136	-13	13	2227	136	-13	13	2227	136	-13	13	2227	136	-13	13	2227	136	-13	13	2227	136	-13	13	2227	136	-13	13	2227	136	-13	13	2227	136	-13	13	2227	136	-13	13	2227	136	-13	13	2227	136	-13	13	2227	136	-13	13	2227	136	-13	13	2227	136	-13	13	2227	136	-13	13	2227	136	-13	13	2227	136	-13	13	2227	136	-13	13	2227	136	-13	13	2227	136	-13	13	2227	136	-13	13	2227
137	-13	13	2240	137	-13	13	2240	137	-13	13	2240	137	-13	13	2240	137	-13	13	2240	137	-13	13	2240	137	-13	13	2240	137	-13	13	2240	137	-13	13	2240	137	-13	13	2240	137	-13	13	2240	137	-13	13	2240	137	-13	13	2240	137	-13	13	2240	137	-13	13	2240	137	-13	13	2240	137	-13	13	2240	137	-13	13	2240	137	-13	13	2240	137	-13	13	2240	137	-13	13	2240	137	-13	13	2240	137	-13	13	2240	137	-13	13	2240	137	-13	13	2240	137	-13	13	2240
138	-15	15	2255	138	-15	15	2255	138	-15	15	2255	138	-15	15	2255	138	-15	15	2255	138	-15	15	2255	138	-15	15	2255	138	-15	15	2255	138	-15	15	2255	138	-15	15	2255	138	-15	15	2255	138	-15	15	2255	138	-15	15	2255	138	-15	15	2255	138	-15	15	2255	138	-15	15	2255	138	-15	15	2255	138	-15	15	2255	138	-15	15	2255	138	-15	15	2255	138	-15	15	2255	138	-15	15	2255	138	-15	15	2255	138	-15	15	2255	138	-15	15	2255	138	-15	15	2255
139	-15	15	2270	139	-15	15	2270	139	-15	15	2270	139	-15	15	2270	139	-15	15	2270	139	-15	15	2270	139	-15	15	2270	139	-15	15	2270	139	-15	15	2270	139	-15	15	2270	139	-15	15	2270	139	-15	15	2270	139	-15	15	2270	139	-15	15	2270	139	-15	15	2270	139	-15	15	2270	139	-15	15	2270	139	-15	15	2270	139	-15	15	2270	139	-15	15	2270	139	-15	15	2270	139	-15	15	2270	139	-15	15	2270	139	-15	15	2270	139	-15	15	2270	139	-15	15	2270
140	-17	17	2287	140	-17	17	2287	140	-17	17	2287	140	-17	17	2287	140	-17	17	2287	140	-17	17	2287	140	-17	17	2287	140	-17	17	2287	140	-17	17	2287	140	-17	17	2287	140	-17	17	2287	140	-17	17	2287	140	-17	17	2287	140	-17	17	2287	140	-17	17	2287	140	-17	17	2287	140	-17	17	2287	140	-17	17	2287	140	-17	17	2287	140	-17	17	2287	140	-17	17	2287	140	-17	17	2287	140	-17	17	2287	140	-17	17	2287	140	-17	17	2287	140	-17	17	2287
141	-120	21	2308	141	-120	21	2308	141	-120	21	2308	141	-120	21	2308	141	-120	21	2308	141	-120	21	2308	141	-120	21	2308	141	-120	21	2308	141	-120	21	2308	141	-120	21	2308	141	-120	21	2308	141	-120	21	2308	141	-120	21	2308	141	-120	21	2308	141	-120	21	2308	141	-120	21	2308	141	-120	21	2308	141	-120	21	2308	141	-120	21	2308	141	-120	21	2308	141	-120	21	2308	141	-120	21	2308	141	-120	21	2308	141	-120	21	2308	141	-120	21	2308	141	-120	21	2308
142	-13	13	2321	142	-13	13	2321	142	-13	13	2321	142	-13	13	2321	142	-13	13	2321	142	-13	13	2321	142	-13	13	2321	142	-13	13	2321	142	-13	13	2321	142	-13	13	2321	142	-13	13	2321	142	-13	13	2321	142	-13	13	2321	142	-13	13	2321	142	-13	13	2321	142	-13	13	2321	142	-13	13	2321	142	-13	13	2321	142	-13	13	2321	142	-13	13	2321	142	-13	13	2321	142	-13	13	2321	142	-13	13	2321	142	-13	13	2321	142	-13	13	2321	142	-13	13	2321
143	-13	13	2334	143	-13	13	2334	143	-13	13	2334	143	-13	13	2334	143	-13	13	2334	143	-13	13	2334	143	-13	13	2334	143	-13	13	2334	143	-13	13	2334	143	-13	13	2334	143	-13	13	2334	143	-13	13	2334	143	-13	13	2334	143	-13	13	2334	143	-13	13	2334	143	-13	13	2334	143	-13	13	2334	143	-13	13	2334	143	-13	13	2334	143	-13	13	2334	143	-13	13	2334	143	-13	13	2334	143	-13	13	2334	143	-13	13	2334	143	-13	13	2334	143	-13	13	2334
144	-17	17	2351	144	-17	17	2351	144	-17	17	2351	144	-17	17	2351	144	-17	17	2351	144	-17	17	2351	144	-17	17	2351	144	-17	17	2351	144	-17	17	2351	144	-17	17	2351	144	-17	17	2351	144	-17	17	2351	144	-17	17	2351	144	-17	17	2351	144	-17	17	2351	144	-17	17	2351	144	-17	17	2351	144	-17	17	2351	144	-17	17	2351	144	-17	17	2351	144	-17	17	2351	144	-17	17	2351	144	-17	17	2351	144	-17	17	2351	144	-17	17	2351	144	-17	17	2351
145	-121	22	2373	145	-121	22	2373	145	-121	22	2373	145	-121	22	2373	145	-121	22	2373	145	-121	22	2373	145	-121	22	2373	145	-121	22	2373	145	-121	22	2373	145	-121	22	2373	145	-121	22	2373	145	-121	22	2373	145	-121	22	2373	145	-121	22	2373	145	-121	22	2373	145	-121	22	2373	145	-121	22	2373	145	-121	22	2373	145	-121	22	2373	145	-121	22	2373	145	-121	22	2373	145	-121	22	2373	145	-121	22	2373	145	-121	22	2373	145	-121	22	2373	145	-121	22	2373
146	-15	15	2388	146	-15	15	2388	146	-15	15	2388	146	-15	15	2388	146	-15	15	2388	146	-15	15	2388	146	-15	15	2388	146	-15	15	2388	146	-15	15	2388	146	-15	15	2388	146	-15	15	2388	146	-15	15	2388	146	-15	15	2388	146	-15	15	2388	146	-15	15	2388	146	-15	15	2388	146	-15	15	2388	146	-15	15	2388	146	-15	15	2388	146	-15	15	2388	146	-15	15	2388	146	-15	15	2388	146	-15	15	2388	146	-15	15	2388	146	-15	15	2388	146	-15	15	2388
147	-13	13	2401	147	-13	13	2401	147	-13	13	2401	147	-13	13	2401	147	-13	13	2401	147	-13	13	2401	147	-13	13	2401	147	-13	13	2401	147	-13	13	2401	147	-13	13	2401	147	-13	13	2401	147	-13	13	2401	147	-13	13	2401	147	-13	13	2401	147	-13	13	2401	147	-13	13	2401	147	-13	13	2401	147	-13	13	2401	147	-13	13	2401	147	-13	13	2401	147	-13	13	2401	147	-13	13	2401	147	-13	13	2401	147	-13	13	2401	147	-13	13	2401	147	-13	13	2401
148	-19	19	2420	148	-19	19	2420	148	-19	19	2420	148	-19	19	2420	148	-19	19	2420	148	-19	19	2420	148	-19	19	2420	148	-19	19	2420	148	-19	19	2420	148	-19	19	2420	148	-19	19	2420	148	-19	19	2420	148	-19	19	2420	148	-19	19	2420	148	-19	19	2420	148	-19	19	2420	148	-19	19	2420	148	-19	19	2420	148	-19	19	2420	148	-19	19	2420	148	-19	19	2420	148	-19	19	2420	148	-19	19	2420	148	-19	19	2420	148	-19	19	2420	148	-19	19	2420
149	-13	13	2433	149	-13	13	2433	149	-13	13	2433	149	-13	13	2433	149	-13	13	2433	149	-13	13	2433	149	-13	13	2433	149	-13	13	2433	149	-13	13	2433	149	-13	13	2433	149	-13	13	2433	149	-13	13	2433	149	-13	13	2433	149	-13	13	2433	149	-13	13	2433	149	-13	13	2433	149	-13	13	2433	149	-13	13	2433	149	-13	13	2433	149	-13	13	2433	149	-13	13	2433	149	-13	13	2433	149	-13	13	2433	149	-13	13	2433	149	-13	13	2433	149	-13	13	2433
150	-13	13	2446	150	-13	13	2446	150	-13	13	2446	150	-13	13	2446	150	-13	13	2446	150	-13	13	2446	150	-13	13	2446	150	-13	13	2446	150	-13	13	2446	150	-13	13	2446	150	-13	13	2446	150	-13	13	2446	150	-13	13	2446	150	-13	13	2446	150	-13	13	2446	150	-13	13	2446	150	-13	13	2446	150	-13	13	2446	150	-13	13	2446	150	-13	13	2446	150	-13	13	2446	150	-13	13	2446	150	-13	13	2446	150	-13	13	2446	150	-13	13	2446	150	-13	13	2446
151	-119	20	2466	151	-119	20	2466	151	-119	20	2466	151	-119	20	2466	151	-119	20	2466	151	-119	20	2466	151	-119	20	2466	151	-119	20	2466	151	-119	20	2466	151	-119	20	2466	151	-119	20	2466	151	-119	20	2466	151	-119	20	2466	151	-119	20	2466	151	-119	20	2466	151	-119	20	2466	151	-119	20	2466	151	-119	20	2466	151	-119	20	2466	151	-119	20	2466	151	-119	20	2466	151	-119	20	2466	151	-119	20	2466	151	-119	20	2466	151	-119	20	2466	151	-119	20	2466
152	-13	13	2479	152	-13	13	2479	152	-13	13	2479	152	-13	13	2479	152	-13	13	2479	152	-13	13	2479	152	-13	13	2479	152	-13	13	2479	152	-13	13	2479	152	-13	13	2479	152	-13	13	2479	152	-13	13	2479	152	-13	13	2479	152	-13	13	2479	152	-13	13	2479	152	-13	13	2479	152	-13	13	2479	152	-13	13	2479	152	-13	13	2479	152	-13	13	2479	152	-13	13	2479	152	-13	13	2479	152	-13	13	2479	152	-13	13	2479	152	-13	13	2479	152	-13	13	2479
153	-13	13	2492	153	-13	13	2492	153	-13	13	2492	153	-13	13	2492	153	-13	13	2492	153	-13	13	2492	153	-13	13	2492	153	-13	13	2492	153	-13	13	2492	153	-13	13	2492	153	-13	13	2492	153	-13	13	2492	153	-13	13	2492	153	-13	13	2492	153	-13	13	2492	153	-13	13	2492	153	-13	13	2492	153	-13	13	2492	153	-13	13	2492	153	-13	13	2492	153	-13	13	2492	153	-13	13	2492	153	-13	13	2492	153	-13	13	2492	153	-13	13	2492	153	-13	13	2492
154	-15	15	2507	154	-15	15	2507	154	-15	15	2507	154	-15	15	2507	154	-15	15	2507	154	-15	15	2507	154	-15	15	2507	154	-15	15	2507	154	-15	15	2507	154	-15	15	2507	154	-15	15	2507	154	-15	15	2507	154	-15	15	2507	154	-15	15	2507	154	-15	15	2507	154	-15	15	2507	154	-15	15	2507	154	-15	15	2507	154	-15	15	2507	154	-15	15	2507	154	-15	15	2507	154	-15	15	2507	154	-15	15	2507	154	-15	15	2507	154	-15	15	2507	154	-15	15	2507
155	-13	13	2520	155	-13	13	2520	155	-13	13	2520	155	-13	13	2520	155	-13	13	2520	155	-13	13	2520	155	-13	13	2520	155	-13	13	2520	155	-13	13	2520	155	-13	13	2520	155	-13	13	2520	155	-13	13	2520	155	-13	13	2520	155	-13	13	2520	155	-13	13	2520	155	-13	13	2520	155	-13	13	2520	155	-13	13	2520	155	-13	13	2520	155	-13	13	2520	155	-13	13	2520	155	-13	13	2520	155	-13	13	2520	155	-13	13	2520	155	-13	13	2520	155	-13	13	2520
156	-13	13	2533	156	-13	13	2533	156	-13	13	2533	156	-13	13	2533	156	-13	13	2533	156	-13	13	2533	156	-13	13	2533	156	-13	13	2533	156	-13	13	2533	156	-13	13	2533	156	-13	13	2533	156	-13	13	2533	156	-13	13	2533	156	-13	13	2533	156	-13	13	2533	156	-13	13	2533	156	-13	13	2533	156	-13	13	2533	156	-13	13	2533	156	-13	13	2533	156	-13	13	2533	156	-13	13	2533	156	-13	13	2533	156	-13	13	2533	156	-13	13	2533	156	-13	13	2533
157	-13	13	2546	157	-13	13	2546	157	-13	13	2546	157	-13	13	2546	157	-13	13	2546	157	-13	13	2546	157	-13	13	2546	157	-13	13	2546	157	-13	13	2546	157	-13	13	2546	157	-13	13	2546	157	-13	13	2546	157	-13	13	2546	157	-13	13	2546	157	-13	13	2546	157	-13	13	2546	157	-13	13	2546	157	-13	13	2546	157	-13	13	2546	157	-13	13	2546	157	-13	13	2546	157	-13	13	2546	157	-13	13	2546	157	-13	13	2546	157	-13	13	2546	157	-13	13	2546
158	-15	15	2561	158	-15	15	2561	158	-15	15	2561	158	-15	15	2561	158	-15	15	2561	158	-15	15	2561	158	-15	15	2561	158	-15	15	2561	158	-15	15	2561	158	-15	15	2561	158	-15	15	2561	158	-15	15	2561	158	-15	15	2561	158	-15	15	2561	158	-15	15	2561	158	-15	15	2561	158	-15	15	2561	158	-15	15	2561	158	-15	15	2561	158	-15	15	2561	158	-15	15	2561	158	-15	15	2561	158	-15	15	2561	158	-15	15	2561	158	-15	15	2561	158	-15	15	2561
159	-117	18	2579	159	-117	18	2579	159	-117	18	2579	159	-117	18	2579	159	-117	18	2579	159	-117	18	2579	159	-117	18	2579	159	-117	18	2579	159	-117	18	2579	159	-117	18	2579	159	-117	18	2579	159	-117	18	2579	159	-117	18	2579	159	-117	18	2579	159	-117	18	2579	159	-117	18	2579	159	-117	18	2579	159	-117	18	2579	159	-117	18	2579	159	-117	18	2579	159	-117	18	2579	159	-117	18	2579	159	-117	18	2579	159	-117	18	2579	159	-117	18	2579	159	-117	18	2579
160	-15	15	2594	160	-15	15	2594	160	-15	15	2594	160	-15	15	2594	160	-15	15	2594	160	-15	15	2594	160	-15	15	2594	160	-15	15	2594	160	-15	15	2594	160	-15	15	2594	160	-15	15	2594	160	-15	15	2594	160	-15	15	2594	160	-15	15	2594	160	-15	15	2594	160	-15	15	2594	160	-15	15	2594	160	-15	15	2594	160	-15	15	2594	160	-15	15	2594	160	-15	15	2594	160	-15	15	2594	160	-15	15	2594	160	-15	15	2594	160	-15	15	2594	160	-15	15	2594
161	-20	20	2614	161	-20	20	2614	161	-20	20	2614	161	-20	20	2614	161	-20	20	2614	161	-20	20	2614	161	-20	20	2614	161	-20	20	2614	161	-20	20	2614	161	-20	20	2614	161	-20	20	2614	161	-20	20	2614	161	-20	20	2614	161	-20	20	2614	161	-20	20	2614	161	-20	20	2614	161	-20	20	2614	161	-20	20	2614	161	-20	20	2614	161	-20	20	2614	161	-20	20	2614	161	-20	20	2614	161	-20	20	2614	161	-20	20	2614	161	-20	20	2614	161	-20	20	2614
162	-14	14	2628	162	-14	14	2628	162	-14	14	2628	162	-14	14	2628	162	-14	14	2628	162	-14	14	2628	162	-14	14	2628	162	-14	14	2628	162	-14	14	2628	162	-14	14	2628	162	-14	14	2628	162	-14	14	2628	162	-14	14	2628	162	-14	14	2628	162	-14	14	2628	162	-14	14	2628	162	-14	14	2628	162	-14	14	2628	162	-14	14	2628	162	-14	14	2628	162	-14	14	2628	162	-14	14	2628	162	-14	14	2628	162	-14	14	2628	162	-14	14	2628	162	-14	14	2628
163	-15	15	2643	163	-15	15	2643	163	-15	15	2643	163	-15	15	2643	163	-15	15	2643	163	-15	15	2643	163	-15	15	2643	163	-15	15	2643	163	-15	15	2643	163	-15	15	2643	163	-15	15	2643	163	-15	15	2643	163	-15	15	2643	163	-15	15	2643	163	-15	15	2643	163	-15	15	2643	163	-15	15	2643	163	-15	15	2643	163	-15	15	2643	163	-15	15	2643	163	-15	15	2643	163	-15	15	2643	163	-15	15	2643	163	-15	15	2643	163	-15	15	2643	163	-15	15	2643
164	-222	24	2667	164	-222	24	2667	164	-222	24	2667	164	-222	24	2667	164	-222	24	2667	164	-222	24	2667	164	-222	24	2667	164	-222	24	2667	164	-222	24	2667	164	-222	24	2667	164	-222	24	2667	164	-222	24	2667	164	-222	24	2667	164	-222	24	2667	164	-222	24	2667	164	-222	24	2667	164	-222	24	2667	164	-222	24	2667	164	-222	24	2667	164	-222	24	2667	164	-222	24	2667	164	-222	24	2667	164	-222	24	2667	164	-222	24	2667	164	-222	24	2667	164	-222	24	2667
165	-324	27	2694	165	-324	27	2694	165	-324	27	2694	165	-324	27	2694	165	-324	27	2694	165	-324	27	2694	165	-324	27	2694	165	-324	27	2694	165	-324	27	2694	165	-324	27	2694	165	-324	27	2694	165	-324	27	2694	165	-324	27	2694	165	-324	27	2694	165	-324	27	2694	165	-324	27	2694	165	-324	27	2694	165	-324	27	2694	165	-324	27	2694	165	-324	27	2694	165	-324	27	2694	165	-324	27	2694	165	-324	27	2694	165	-324	27	2694	165	-324	27	2694	165	-324	27	2694
166	-13	13	2707	166	-13	13	2707	166	-13	13	2707	166	-13	13	2707	166	-13	13	2707	166	-13	13	2707	166	-13	13	2707	166	-13	13	2707	166	-13	13	2707	166	-13	13	2707	166	-13	13	2707	166	-13	13	2707	166	-13	13	2707	166	-13	13	2707	166	-13	13	2707	166	-13	13	2707	166	-13	13	2707	166	-13	13	2707	166	-13	13	2707	166	-13	13	2707	166	-13	13	2707	166	-13	13	2707	166	-13	13	2707	166	-13	13	2707	166	-13	13	2707	166	-13	13	2707
167	-113	14	2721	167	-113	14	2721	167	-113	14	2721	167	-113	14	2721	167	-113	14	2721	167	-113	14	2721	167	-113	14	2721	167	-113	14	2721	167	-113	14	2721	167	-113	14	2721	167	-113	14	2721	167	-113	14	2721	167	-113	14	2721	167	-113	14	2721	167	-113	14	2721	167	-113	14	2721	167	-113	14	2721	167	-113	14	2721	167	-113	14	2721	167	-113	14	2721	167	-113	14	2721	167	-113	14	2721	167	-113	14	2721	167	-113	14	2721	167	-113	14	2721	167	-113	14	2721
168	-13	13	2734	168	-13	13	2734	168	-13	13	2734	168	-13	13	2734	168	-13	13	2734	168	-13	13	2734	168	-13	13	2734	168	-13	13	2734	168	-13	13	2734	168	-13	13	2734	168	-13	13	2734	168	-13	13	2734	168	-13	13	2734	168	-13	13	2734	168	-13	13	2734	168	-13	13	2734	168	-13	13	2734	168	-13	13	2734	168	-13	13	2734	168	-13	13	2734	168	-13	13	2734	168	-13	13	2734	168	-13	13	2734	168	-13	13	2734	168	-13	13	2734	168	-13	13	2734
169	-15	15	2749	169	-15	15	2749	169	-15	15	2749	169	-15	15	2749	169	-15	15	2749	169	-15	15	2749	169	-15	15	2749	169	-15	15	2749	169	-15	15	2749	169	-15	15	2749	169	-15	15	2749	169	-15	15	2749	169	-15	15	2749	169	-15	15	2749	169	-15	15	2749	169	-15	15	2749	169	-15	15	2749	169	-15	15	2749	169	-15	15	2749	169	-15	15	2749	169	-15	15	2749	169	-15	15	2749	169	-15	15	2749	169	-15	15	2749	169	-15	15	2749	169	-15	15	2749
170	-17	17	2766	170	-17	17	2766	170	-17	17	2766	170	-17	17	2766	170	-17	17	2766	170	-17	17	2766	170	-17	17	2766	170	-17	17	2766	170	-17	17	2766	170	-17	17	2766	170	-17	17	2766	170	-17	17	2766	170	-17	17	2766	170	-17	17	2766	170	-17	17	2766	170	-17	17	2766	170	-17	17	2766	170	-17	17	2766	170	-17	17	2766	170	-17	17	2766	170	-17	17	2766	170	-17	17	2766	170	-17	17	2766	170	-17	17	2766	170	-17	17	2766	170	-17	17	2766
171	-129	30	2796	171	-129	30	2796	171	-129	30	2796	171	-129	30	2796	171	-129	30	2796	171	-129	30	2796	171	-129	30	2796	171	-129	30	2796	171	-129	30	2796	171	-129	30	2796	171	-129	30	2796	171	-129	30	2796	171	-129	30	2796	171	-129	30	2796	171	-129	30	2796	171	-129	30	2796	171	-129	30	2796	171	-129	30	2796	171	-129	30	2796	171	-129	30	2796	171	-129	30	2796	171	-129	30	2796	171	-129	30	2796	171	-129	30	2796	171	-129	30	2796	171	-129	30	2796
172	-13	13	2809	172	-13	13	2809	172	-13	13	2809	172	-13	13	2809	172	-13	13	2809	172	-13	13	2809	172	-13	13	2809	172	-13	13	2809	172	-13	13	2809	172	-13	13	2809	172	-13	13	2809	172	-13	13	2809	172	-13	13	2809	172	-13	13	2809	172	-13	13	2809	172	-13	13	2809	172	-13	13	2809	172	-13	13	2809	172	-13	13	2809	172	-13	13	2809	172	-13	13	2809	172	-13	13	2809	172	-13	13	2809	172	-13	13	2809	172	-13	13	2809	172	-13	13	2809
173	-17	17	2826	173	-17	17	2826	173	-17	17	2826	173	-17	17	2826	173	-17	17	2826	173	-17	17	2826	173	-17	17	2826	173	-17	17	2826	173	-17	17	2826	173	-17	17	2826	173	-17	17	2826	173	-17	17	2826	173	-17	17	2826	173	-17	17	2826	173	-17	17	2826	173	-17	17	2826	173	-17	17	2826	173	-17	17	2826	173	-17	17	2826	173	-17	17	2826	173	-17	17	2826	173	-17	17	2826	173	-17	17	2826	173	-17	17	2826	173	-17	17	2826	173	-17	17	2826
174	-227	29	2855	174	-227	29	2855	174	-227	29	2855	174	-227	29	2855	174	-227	29	2855	174	-227	29	2855	174	-227	29	2855	174	-227	29	2855	174	-227	29	2855	174	-227	29	2855	174	-227	29	2855	174	-227	29	2855	174	-227	29	2855	174	-227	29	2855	174	-227	29	2855	174	-227	29	2855	174	-227	29	2855	174	-227	29	2855	174	-227	29	2855	174	-227	29	2855	174	-227	29	2855	174	-227	29	2855	174	-227	29	2855	174	-227	29	2855	174	-227	29	2855	174	-227	29	2855
175	-13	13	2868	175	-13	13	2868	175	-13	13	2868	175	-13	13	2868	175	-13	13	2868	175	-13	13	2868	175	-13	13	2868	175	-13	13	2868	175	-13	13	2868	175	-13	13	2868	175	-13	13	2868	175	-13	13	2868	175	-13	13	2868	175	-13	13	2868	175	-13	13	2868	175	-13	13	2868	175	-13	13	2868	175	-13	13	2868	175	-13	13	2868	175	-13	13	2868	175	-13	13	2868	175	-13	13	2868	175	-13	13	2868	175	-13	13	2868	175	-13	13	2868	175	-13	13	2868
176	-125	26	2894	176	-125	26	2894	176	-125	26	2894	176	-125	26	2894	176	-125	26	2894	176	-125	26	2894	176	-125	26	2894	176	-125	26	2894	176	-125	26	2894	176	-125	26	2894	176	-125	26	2894	176	-125	26	2894	176	-125	26	2894	176	-125	26	2894	176	-125	26	2894	176	-125	26	2894	176	-125	26	2894	176	-125	26	2894	176	-125	26	2894	176	-125	26	2894	176	-125	26	2894	176	-125	26	2894	176	-125	26	2894	176	-125	26	2894	176	-125	26	2894	176	-125	26	2894
177	-120	21	2915	177	-120	21	2915	177	-120	21	2915	177	-120	21	2915	177	-120	21	2915	177	-120	21	2915	177	-120	21	2915	177	-120	21	2915	177	-120	21	2915	177	-120	21	2915	177	-120	21	2915	177	-120	21	2915	177	-120	21	2915	177	-120	21	2915	177	-120	21	2915	177	-120	21	2915	177	-120	21	2915	177	-120	21	2915	177	-120	21	2915	177	-120	21	2915	177	-120	21	2915	177	-120	21	2915	177	-120	21	2915	177	-120	21	2915	177	-120	21	2915	177	-120	21	2915
178	-13	13	2928	178	-13	13	2928	178	-13	13	2928	178	-13	13	2928	178	-13	13	2928	178	-13	13	2928	178	-13	13	2928	178	-13	13	2928	178	-13	13	2928	178	-13	13	2928	178	-13	13	2928	178	-13	13	2928	178	-13	13	2928	178	-13	13	2928	178	-13	13	2928	178	-13	13	2928	178	-13	13	2928	178	-13	13	2928	178	-13	13	2928	178	-13	13	2928	178	-13	13	2928	178	-13	13	2928	178	-13	13	2928	178	-13	13	2928	178	-13	13	2928	178	-13	13	2928
179	-126	27	2955	179	-126	27	2955	179	-126	27	2955	179	-126	27	2955	179	-126	27	2955	179	-126	27	2955	179	-126	27	2955	179	-126	27	2955	179	-126	27	2955	179	-126	27	2955	179	-126	27	2955	179	-126	27	2955	179	-126	27	2955	179	-126	27	2955	179	-126	27	2955	179	-126	27	2955	179	-126	27	2955	179	-126	27	2955	179	-126	27	2955	179	-126	27	2955	179	-126	27	2955	179	-126	27	2955	179	-126	27	2955	179	-126	27	2955	179	-126	27	2955	179	-126	27	2955
180	-119	20	2975	180	-119	20	2975	180	-119	20	2975	180	-119	20	2975	180	-119	20	2975	180	-119	20	2975	180	-119	20	2975	180	-119	20	2975	180	-119	20	2975	180	-119	20	2975	180	-119	20	2975	180	-119	20	2975	180	-119	20	2975	180	-119	20	2975	180	-119	20	2975	180	-119	20	2975	180	-119	20	2975	180	-119	20	2975	180	-119	20	2975	180	-119	20	2975	180	-119	20	2975	180	-119	20	2975	180	-119	20	2975	180	-119	20	2975	180	-119	20	2975	180	-119	20	2975
181	-15	15	2990	181	-15	15	2990	181	-15	15	2990	181	-15	15	2990	181	-15	15	2990	181	-15	15	2990	181	-15	15	2990	181	-15	15	2990	181	-15	15	2990	181	-15	15	2990	181	-15	15	2990	181	-15	15	2990	181	-15	15	2990	181	-15	15	2990	181	-15	15	2990	181	-15	15	2990	181	-15	15	2990	181	-15	15	2990	181	-15	15	2990	181	-15	15	2990	181	-15	15	2990	181	-15	15	2990	181	-15	15	2990	181	-15	15	2990	181	-15	15	2990	181	-15	15	2990
182	-15	15	3005	182	-15	15	3005	182	-15	15	3005	182	-15	15	3005	182	-15	15	3005	182	-15	15	3005	182	-15	15	3005	182	-15	15	3005	182	-15	15	3005	182	-15	15	3005	182	-15	15	3005	182	-15	15	3005	182	-15	15	3005	182	-15	15	3005	182	-15	15	3005	182	-15	15	3005	182	-15	15	3005	182	-15	15	3005	182	-15	15	3005	182	-15	15	3005	182	-15	15	3005	182	-15	15	3005	182	-15	15	3005	182	-15	15	3005	182	-15	15	3005	182	-15	15	3005
183	-15	15	3020	183	-15	15	3020	183	-15	15	3020	183	-15	15	3020	183	-15	15	3020	183	-15	15	3020	183	-15	15	3020	183	-15	15	3020	183	-15	15	3020	183	-15	15	3020	183	-15	15	3020	183	-15	15	3020	183	-15	15	3020	183	-15	15	3020	183	-15	15	3020	183	-15	15	3020	183	-15	15	3020	183	-15	15	3020	183	-15	15	3020	183	-15	15	3020	183	-15	15	3020	183	-15	15	3020	183	-15	15	3020	183	-15	15	3020	183	-15	15	3020	183	-15	15	3020
184	-15	15	3035	184	-15	15	3035	184	-15	15	3035	184	-15	15	3035	184	-15	15	3035	184	-15	15	3035	184	-15	15	3035	184	-15	15	3035	184	-15	15	3035	184	-15	15	3035	184	-15	15	3035	184	-15	15	3035	184	-15	15	3035	184	-15	15	3035	184	-15	15	3035	184	-15	15	3035	184	-15	15	3035	184	-15	15	3035	184	-15	15	3035	184	-15	15	3035	184	-15	15	3035	184	-15	15	3035	184	-15	15	3035	184	-15	15	3035	184	-15	15	3035	184	-15	15	3035
185	-125	26	3061	185	-125	26	3061	185	-125	26	3061	185	-125	26	3061	185	-125	26	3061	185	-125	26	3061	185	-125	26	3061	185	-125	26	3061	185	-125	26	3061	185	-125	26	3061	185	-125	26	3061	185	-125	26	3061	185	-125	26	3061	185	-125	26	3061	185	-125	26	3061	185	-125	26	3061	185	-125	26	3061	185	-125	26	3061	185	-125	26	3061	185	-125	26	3061	185	-125	26	3061	185	-125	26	3061	185	-125	26	3061	185	-125	26	3061	185	-125	26	3061	185	-125	26	3061
186	-13	13	3074	186	-13	13	3074	186	-13	13	3074	186	-13	13	3074	186	-13	13	3074	186	-13	13	3074	186	-13	13	3074	186	-13	13	3074	186	-13	13	3074	186	-13	13	3074	186	-13	13	3074	186	-13	13	3074	186	-13	13	3074	186	-13	13	3074	186	-13	13	3074	186	-13	13	3074	186	-13	13	3074	186	-13	13	3074	186	-13	13	3074	186	-13	13	3074	186	-13	13	3074	186	-13	13	3074	186	-13	13	3074	186	-13	13	3074	186	-13	13	3074	186	-13	13	3074
187	-13	13	3087	187	-13	13	3087	187	-13	13	3087	187	-13	13	3087	187	-13	13	3087	187	-13	13	3087	187	-13	13	3087	187	-13	13	3087	187	-13	13	3087	187	-13	13	3087	187	-13	13	3087	187	-13	13	3087	187	-13	13	3087	187	-13	13	3087	187	-13	13	3087	187	-13	13	3087	187	-13	13	3087	187	-13	13	3087	187	-13	13	3087	187	-13	13	3087	187	-13	13	3087	187	-13	13	3087	187	-13	13	3087	187	-13	13	3087	187	-13	13	3087	187	-13	13	3087
188	-17	17	3104	188	-17	17	3104	188	-17	17	3104	188	-17	17	3104	188	-17	17	3104	188	-17	17	3104	188	-17	17	3104	188	-17	17	3104	188	-17	17	3104	188	-17	17	3104	188	-17	17	3104	188	-17	17	3104	188	-17	17	3104	188	-17	17	3104	188	-17	17	3104	188	-17	17	3104	188	-17	17	3104	188	-17	17	3104	188	-17	17	3104	188	-17	17	3104	188	-17	17	3104	188	-17	17	3104	188	-17	17	3104	188	-17	17	3104	188	-17	17	3104	188	-17	17	3104
189	-13	13	3117	189	-13	13	3117	189	-13	13	3117	189	-13	13	3117	189	-13	13	3117	189	-13	13	3117	189	-13	13	3117	189	-13	13	3117	189	-13	13	3117	189	-13	13	3117	189	-13	13	3117	189	-13	13	3117	189	-13	13	3117	189	-13	13	3117	189	-13	13	3117	189	-13	13	3117	189	-13	13	3117	189	-13	13	3117	189	-13	13	3117	189	-13	13	3117	189	-13	13	3117	189	-13	13	3117	189	-13	13	3117	189	-13	13	3117	189	-13	13	3117	189	-13	13	3117
190	-13	13	3130	190	-13	13	3130	190	-13	13	3130	190	-13	13	3130	190	-13	13	3130	190	-13	13	3130	190	-13	13	3130	190	-13	13	3130	190	-13	13	3130	190	-13	13	3130	190	-13	13	3130	190	-13	13	3130	190	-13	13	3130	190	-13	13	3130	190	-13	13	3130	190	-13	13	3130	190	-13	13	3130	190	-13	13	3130	190	-13	13	3130	190	-13	13	3130	190	-13	13	3130	190	-13	13	3130	190	-13	13	3130	190	-13	13	3130	190	-13	13	3130	190	-13	13	3130
191	-14	14	3144	191	-14	14	3144	191	-14	14	3144	191	-14	14	3144	191	-14	14	3144	191	-14	14	3144	191	-14	14	3144	191	-14	14	3144	191	-14	14	3144	191	-14	14	3144	191	-14	14	3144	191	-14	14	3144	191	-14	14	3144	191	-14	14	3144	191	-14	14	3144	191	-14	14	3144	191	-14	14	3144	191	-14	14	3144	191	-14	14	3144	191	-14	14	3144	191	-14	14	3144	191	-14	14	3144	191	-14	14	3144	191	-14	14	3144	191	-14	14	3144	191	-14	14	3144
192	-15	15	3159	192	-15	15	3159	192	-15	15	3159	192	-15	15	3159	192	-15	15	3159	192	-15	15	3159	192	-15	15	3159	192	-15	15	3159	192	-15	15	3159	192	-15	15	3159	192	-15	15	3159	192	-15	15	3159	192	-15	15	3159	192	-15	15	3159	192	-15	15	3159	192	-15	15	3159	192	-15	15	3159	192	-15	15	3159	192	-15	15	3159	192	-15	15	3159	192	-15	15	3159	192	-15	15	3159	192	-15	15	3159	192	-15	15	3159	192	-15	15	3159	192	-15	15	3159
193	-17	17	3176	193	-17	17	3176	193	-17	17	3176	193	-17	17	3176	193	-17	17	3176	193	-17	17	3176	193	-17	17	3176	193	-17	17	3176	193	-17	17	3176	193	-17	17	3176	193	-17	17	3176	193	-17	17	3176	193	-17	17	3176	193	-17	17	3176	193	-17	17	3176	193	-17	17	3176	193	-17	17	3176	193	-17	17	3176	193	-17	17	3176	193	-17	17	3176	193	-17	17	3176	193	-17	17	3176	193	-17	17	3176	193	-17	17	3176	193	-17	17	3176	193	-17	17	3176
194	-13	13	3189	194	-13	13	3189	194	-13	13	3189	194	-13	13	3189	194	-13	13	3189	194	-13	13	3189	194	-13	13	3189	194	-13	13	3189	194	-13	13	3189	194	-13	13	3189	194	-13	13	3189	194	-13	13	3189	194	-13	13	3189	194	-13	13	3189	194	-13	13	3189	194	-13	13	3189	194	-13	13	3189	194	-13	13	3189	194	-13	13	3189	194	-13	13	3189	194	-13	13	3189	194	-13	13	3189	194	-13	13	3189	194	-13	13	3189	194	-13	13	3189	194	-13	13	3189
195	-13	13	3202	195	-13	13	3202	195	-13	13	3202	195	-13	13	3202	195	-13	13	3202	195	-13	13	3202	195	-13	13	3202	195	-13	13	3202	195	-13	13	3202	195	-13	13	3202	195	-13	13	3202	195	-13	13	3202	195	-13	13	3202	195	-13	13	3202	195	-13	13	3202	195	-13	13	3202	195	-13	13	3202	195	-13	13	3202	195	-13	13	3202	195	-13	13	3202	195	-13	13	3202	195	-13	13	3202	195	-13	13	3202	195	-13	13	3202	195	-13	13	3202	195	-13	13	3202
196	-17	17	3219	196	-17	17	3219	196	-17	17	3219	196	-17	17	3219	196	-17	17	3219	196	-17	17	3219	196	-17	17	3219	196	-17	17	3219	196	-17	17	3219	196	-17	17	3219	196	-17	17	3219	196	-17	17	3219	196	-17	17	3219	196	-17	17	3219	196	-17	17	3219	196	-17	17	3219	196	-17	17	3219	196	-17	17	3219	196	-17	17	3219	196	-17	17	3219	196	-17	17	3219	196	-17	17	3219	196	-17	17	3219	196	-17	17	3219	196	-17	17	3219	196	-17	17	3219
197	-117	18	3237	197	-117	18	3237	197	-117	18	3237	197	-117	18	3237	197	-117	18	3237	197	-117	18	3237	197	-117	18	3237	197	-117	18	3237	197	-117	18	3237	197	-117	18	3237	197	-117	18	3237	197	-117	18	3237	197	-117	18	3237	197	-117	18	3237	197	-117	18	3237	197	-117	18	3237	197	-117	18	3237	197	-117	18	3237	197	-117	18	3237	197	-117	18	3237	197	-117	18	3237	197	-117	18	3237	197	-117	18	3237	197	-117	18	3237	197	-117	18	3237	197	-117	18	3237
198	-13	13	3250	198	-13	13	3250	198	-13	13	3250	198	-13	13	3250	198	-13	13	3250	198	-13	13	3250	198	-13	13	3250	198	-13	13	3250	198	-13	13	3250	198	-13	13	3250	198	-13	13	3250	198	-13	13	3250	198	-13	13	3250	198	-13	13	3250	198	-13	13	3250	198	-13	13	3250	198	-13	13	3250	198	-13	13	3250	198	-13	13	3250	198	-13	13	3250	198	-13	13	3250	198	-13	13	3250	198	-13	13	3250	198	-13	13	3250	198	-13	13	3250	198	-13	13	3250
199	-15	15	3265	199	-15	15	3265	199	-15	15	3265	199	-15	15	3265	199	-15	15	3265	199	-15	15	3265	199	-15	15	3265	199	-15	15	3265	199	-15	15	3265	199	-15	15	3265	199	-15	15	3265	199	-15	15	3265	199	-15	15	3265	199	-15	15	3265	199	-15	15	3265	199	-15	15	3265	199	-15	15	3265	199	-15	15	3265	199	-15	15	3265	199	-15	15	3265	199	-15	15	3265	199	-15	15	3265	199	-15	15	3265	199	-15	15	3265	199	-15	15	3265	199	-15	15	3265
