Episode	Accumulated Reward	Length	Steps	Episode	Accumulated Reward	Length	Steps	Episode	Accumulated Reward	Length	Steps	Episode	Accumulated Reward	Length	Steps	Episode	Accumulated Reward	Length	Steps	Episode	Accumulated Reward	Length	Steps	Episode	Accumulated Reward	Length	Steps	Episode	Accumulated Reward	Length	Steps	Episode	Accumulated Reward	Length	Steps
0	-500.0	500	500	0	-500.0	500	500	0	-500.0	500	500	0	-500.0	500	500	0	-500.0	500	500	0	-500.0	500	500	0	-500.0	500	500	0	-500.0	500	500	0	-500.0	500	500
1	-500.0	500	1000	1	-500.0	500	1000	1	-500.0	500	1000	1	-500.0	500	1000	1	-500.0	500	1000	1	-500.0	500	1000	1	-500.0	500	1000	1	-500.0	500	1000	1	-500.0	500	1000
2	-500.0	500	1500	2	-500.0	500	1500	2	-500.0	500	1500	2	-500.0	500	1500	2	-500.0	500	1500	2	-500.0	500	1500	2	-500.0	500	1500	2	-500.0	500	1500	2	-500.0	500	1500
3	-316.0	316	1816	3	-316.0	316	1816	3	-316.0	316	1816	3	-316.0	316	1816	3	-316.0	316	1816	3	-316.0	316	1816	3	-316.0	316	1816	3	-316.0	316	1816	3	-316.0	316	1816
4	-256.0	256	2072	4	-256.0	256	2072	4	-256.0	256	2072	4	-256.0	256	2072	4	-256.0	256	2072	4	-256.0	256	2072	4	-256.0	256	2072	4	-256.0	256	2072	4	-256.0	256	2072
5	-373.0	373	2445	5	-373.0	373	2445	5	-373.0	373	2445	5	-373.0	373	2445	5	-373.0	373	2445	5	-373.0	373	2445	5	-373.0	373	2445	5	-373.0	373	2445	5	-373.0	373	2445
6	-320.0	320	2765	6	-320.0	320	2765	6	-320.0	320	2765	6	-320.0	320	2765	6	-320.0	320	2765	6	-320.0	320	2765	6	-320.0	320	2765	6	-320.0	320	2765	6	-320.0	320	2765
7	-264.0	264	3029	7	-264.0	264	3029	7	-264.0	264	3029	7	-264.0	264	3029	7	-264.0	264	3029	7	-264.0	264	3029	7	-264.0	264	3029	7	-264.0	264	3029	7	-264.0	264	3029
8	-319.0	319	3348	8	-319.0	319	3348	8	-319.0	319	3348	8	-319.0	319	3348	8	-319.0	319	3348	8	-319.0	319	3348	8	-319.0	319	3348	8	-319.0	319	3348	8	-319.0	319	3348
9	-215.0	215	3563	9	-215.0	215	3563	9	-215.0	215	3563	9	-215.0	215	3563	9	-215.0	215	3563	9	-215.0	215	3563	9	-215.0	215	3563	9	-215.0	215	3563	9	-215.0	215	3563
10	-295.0	295	3858	10	-295.0	295	3858	10	-295.0	295	3858	10	-295.0	295	3858	10	-295.0	295	3858	10	-295.0	295	3858	10	-295.0	295	3858	10	-295.0	295	3858	10	-295.0	295	3858
11	-436.0	436	4294	11	-436.0	436	4294	11	-436.0	436	4294	11	-436.0	436	4294	11	-436.0	436	4294	11	-436.0	436	4294	11	-436.0	436	4294	11	-436.0	436	4294	11	-436.0	436	4294
12	-246.0	246	4540	12	-246.0	246	4540	12	-246.0	246	4540	12	-246.0	246	4540	12	-246.0	246	4540	12	-246.0	246	4540	12	-246.0	246	4540	12	-246.0	246	4540	12	-246.0	246	4540
13	-199.0	199	4739	13	-199.0	199	4739	13	-199.0	199	4739	13	-199.0	199	4739	13	-199.0	199	4739	13	-199.0	199	4739	13	-199.0	199	4739	13	-199.0	199	4739	13	-199.0	199	4739
14	-170.0	170	4909	14	-170.0	170	4909	14	-170.0	170	4909	14	-170.0	170	4909	14	-170.0	170	4909	14	-170.0	170	4909	14	-170.0	170	4909	14	-170.0	170	4909	14	-170.0	170	4909
15	-155.0	155	5064	15	-155.0	155	5064	15	-155.0	155	5064	15	-155.0	155	5064	15	-155.0	155	5064	15	-155.0	155	5064	15	-155.0	155	5064	15	-155.0	155	5064	15	-155.0	155	5064
16	-194.0	194	5258	16	-194.0	194	5258	16	-194.0	194	5258	16	-194.0	194	5258	16	-194.0	194	5258	16	-194.0	194	5258	16	-194.0	194	5258	16	-194.0	194	5258	16	-194.0	194	5258
17	-184.0	184	5442	17	-184.0	184	5442	17	-184.0	184	5442	17	-184.0	184	5442	17	-184.0	184	5442	17	-184.0	184	5442	17	-184.0	184	5442	17	-184.0	184	5442	17	-184.0	184	5442
18	-220.0	220	5662	18	-220.0	220	5662	18	-220.0	220	5662	18	-220.0	220	5662	18	-220.0	220	5662	18	-220.0	220	5662	18	-220.0	220	5662	18	-220.0	220	5662	18	-220.0	220	5662
19	-156.0	156	5818	19	-156.0	156	5818	19	-156.0	156	5818	19	-156.0	156	5818	19	-156.0	156	5818	19	-156.0	156	5818	19	-156.0	156	5818	19	-156.0	156	5818	19	-156.0	156	5818
20	-180.0	180	5998	20	-180.0	180	5998	20	-180.0	180	5998	20	-180.0	180	5998	20	-180.0	180	5998	20	-180.0	180	5998	20	-180.0	180	5998	20	-180.0	180	5998	20	-180.0	180	5998
21	-153.0	153	6151	21	-153.0	153	6151	21	-153.0	153	6151	21	-153.0	153	6151	21	-153.0	153	6151	21	-153.0	153	6151	21	-153.0	153	6151	21	-153.0	153	6151	21	-153.0	153	6151
22	-291.0	291	6442	22	-291.0	291	6442	22	-291.0	291	6442	22	-291.0	291	6442	22	-291.0	291	6442	22	-291.0	291	6442	22	-291.0	291	6442	22	-291.0	291	6442	22	-291.0	291	6442
23	-152.0	152	6594	23	-152.0	152	6594	23	-152.0	152	6594	23	-152.0	152	6594	23	-152.0	152	6594	23	-152.0	152	6594	23	-152.0	152	6594	23	-152.0	152	6594	23	-152.0	152	6594
24	-248.0	248	6842	24	-248.0	248	6842	24	-248.0	248	6842	24	-248.0	248	6842	24	-248.0	248	6842	24	-248.0	248	6842	24	-248.0	248	6842	24	-248.0	248	6842	24	-248.0	248	6842
25	-153.0	153	6995	25	-153.0	153	6995	25	-153.0	153	6995	25	-153.0	153	6995	25	-153.0	153	6995	25	-153.0	153	6995	25	-153.0	153	6995	25	-153.0	153	6995	25	-153.0	153	6995
26	-150.0	150	7145	26	-150.0	150	7145	26	-150.0	150	7145	26	-150.0	150	7145	26	-150.0	150	7145	26	-150.0	150	7145	26	-150.0	150	7145	26	-150.0	150	7145	26	-150.0	150	7145
27	-224.0	224	7369	27	-224.0	224	7369	27	-224.0	224	7369	27	-224.0	224	7369	27	-224.0	224	7369	27	-224.0	224	7369	27	-224.0	224	7369	27	-224.0	224	7369	27	-224.0	224	7369
28	-227.0	227	7596	28	-227.0	227	7596	28	-227.0	227	7596	28	-227.0	227	7596	28	-227.0	227	7596	28	-227.0	227	7596	28	-227.0	227	7596	28	-227.0	227	7596	28	-227.0	227	7596
29	-152.0	152	7748	29	-152.0	152	7748	29	-152.0	152	7748	29	-152.0	152	7748	29	-152.0	152	7748	29	-152.0	152	7748	29	-152.0	152	7748	29	-152.0	152	7748	29	-152.0	152	7748
30	-209.0	209	7957	30	-209.0	209	7957	30	-209.0	209	7957	30	-209.0	209	7957	30	-209.0	209	7957	30	-209.0	209	7957	30	-209.0	209	7957	30	-209.0	209	7957	30	-209.0	209	7957
31	-257.0	257	8214	31	-257.0	257	8214	31	-257.0	257	8214	31	-257.0	257	8214	31	-257.0	257	8214	31	-257.0	257	8214	31	-257.0	257	8214	31	-257.0	257	8214	31	-257.0	257	8214
32	-147.0	147	8361	32	-147.0	147	8361	32	-147.0	147	8361	32	-147.0	147	8361	32	-147.0	147	8361	32	-147.0	147	8361	32	-147.0	147	8361	32	-147.0	147	8361	32	-147.0	147	8361
33	-150.0	150	8511	33	-150.0	150	8511	33	-150.0	150	8511	33	-150.0	150	8511	33	-150.0	150	8511	33	-150.0	150	8511	33	-150.0	150	8511	33	-150.0	150	8511	33	-150.0	150	8511
34	-152.0	152	8663	34	-152.0	152	8663	34	-152.0	152	8663	34	-152.0	152	8663	34	-152.0	152	8663	34	-152.0	152	8663	34	-152.0	152	8663	34	-152.0	152	8663	34	-152.0	152	8663
35	-230.0	230	8893	35	-230.0	230	8893	35	-230.0	230	8893	35	-230.0	230	8893	35	-230.0	230	8893	35	-230.0	230	8893	35	-230.0	230	8893	35	-230.0	230	8893	35	-230.0	230	8893
36	-143.0	143	9036	36	-143.0	143	9036	36	-143.0	143	9036	36	-143.0	143	9036	36	-143.0	143	9036	36	-143.0	143	9036	36	-143.0	143	9036	36	-143.0	143	9036	36	-143.0	143	9036
37	-148.0	148	9184	37	-148.0	148	9184	37	-148.0	148	9184	37	-148.0	148	9184	37	-148.0	148	9184	37	-148.0	148	9184	37	-148.0	148	9184	37	-148.0	148	9184	37	-148.0	148	9184
38	-114.0	114	9298	38	-114.0	114	9298	38	-114.0	114	9298	38	-114.0	114	9298	38	-114.0	114	9298	38	-114.0	114	9298	38	-114.0	114	9298	38	-114.0	114	9298	38	-114.0	114	9298
39	-145.0	145	9443	39	-145.0	145	9443	39	-145.0	145	9443	39	-145.0	145	9443	39	-145.0	145	9443	39	-145.0	145	9443	39	-145.0	145	9443	39	-145.0	145	9443	39	-145.0	145	9443
40	-155.0	155	9598	40	-155.0	155	9598	40	-155.0	155	9598	40	-155.0	155	9598	40	-155.0	155	9598	40	-155.0	155	9598	40	-155.0	155	9598	40	-155.0	155	9598	40	-155.0	155	9598
41	-112.0	112	9710	41	-112.0	112	9710	41	-112.0	112	9710	41	-112.0	112	9710	41	-112.0	112	9710	41	-112.0	112	9710	41	-112.0	112	9710	41	-112.0	112	9710	41	-112.0	112	9710
42	-147.0	147	9857	42	-147.0	147	9857	42	-147.0	147	9857	42	-147.0	147	9857	42	-147.0	147	9857	42	-147.0	147	9857	42	-147.0	147	9857	42	-147.0	147	9857	42	-147.0	147	9857
43	-150.0	150	10007	43	-150.0	150	10007	43	-150.0	150	10007	43	-150.0	150	10007	43	-150.0	150	10007	43	-150.0	150	10007	43	-150.0	150	10007	43	-150.0	150	10007	43	-150.0	150	10007
44	-158.0	158	10165	44	-158.0	158	10165	44	-158.0	158	10165	44	-158.0	158	10165	44	-158.0	158	10165	44	-158.0	158	10165	44	-158.0	158	10165	44	-158.0	158	10165	44	-158.0	158	10165
45	-147.0	147	10312	45	-147.0	147	10312	45	-147.0	147	10312	45	-147.0	147	10312	45	-147.0	147	10312	45	-147.0	147	10312	45	-147.0	147	10312	45	-147.0	147	10312	45	-147.0	147	10312
46	-184.0	184	10496	46	-184.0	184	10496	46	-184.0	184	10496	46	-184.0	184	10496	46	-184.0	184	10496	46	-184.0	184	10496	46	-184.0	184	10496	46	-184.0	184	10496	46	-184.0	184	10496
47	-172.0	172	10668	47	-172.0	172	10668	47	-172.0	172	10668	47	-172.0	172	10668	47	-172.0	172	10668	47	-172.0	172	10668	47	-172.0	172	10668	47	-172.0	172	10668	47	-172.0	172	10668
48	-176.0	176	10844	48	-176.0	176	10844	48	-176.0	176	10844	48	-176.0	176	10844	48	-176.0	176	10844	48	-176.0	176	10844	48	-176.0	176	10844	48	-176.0	176	10844	48	-176.0	176	10844
49	-210.0	210	11054	49	-210.0	210	11054	49	-210.0	210	11054	49	-210.0	210	11054	49	-210.0	210	11054	49	-210.0	210	11054	49	-210.0	210	11054	49	-210.0	210	11054	49	-210.0	210	11054
50	-146.0	146	11200	50	-146.0	146	11200	50	-146.0	146	11200	50	-146.0	146	11200	50	-146.0	146	11200	50	-146.0	146	11200	50	-146.0	146	11200	50	-146.0	146	11200	50	-146.0	146	11200
51	-200.0	200	11400	51	-200.0	200	11400	51	-200.0	200	11400	51	-200.0	200	11400	51	-200.0	200	11400	51	-200.0	200	11400	51	-200.0	200	11400	51	-200.0	200	11400	51	-200.0	200	11400
52	-141.0	141	11541	52	-141.0	141	11541	52	-141.0	141	11541	52	-141.0	141	11541	52	-141.0	141	11541	52	-141.0	141	11541	52	-141.0	141	11541	52	-141.0	141	11541	52	-141.0	141	11541
53	-133.0	133	11674	53	-133.0	133	11674	53	-133.0	133	11674	53	-133.0	133	11674	53	-133.0	133	11674	53	-133.0	133	11674	53	-133.0	133	11674	53	-133.0	133	11674	53	-133.0	133	11674
54	-113.0	113	11787	54	-113.0	113	11787	54	-113.0	113	11787	54	-113.0	113	11787	54	-113.0	113	11787	54	-113.0	113	11787	54	-113.0	113	11787	54	-113.0	113	11787	54	-113.0	113	11787
55	-118.0	118	11905	55	-118.0	118	11905	55	-118.0	118	11905	55	-118.0	118	11905	55	-118.0	118	11905	55	-118.0	118	11905	55	-118.0	118	11905	55	-118.0	118	11905	55	-118.0	118	11905
56	-145.0	145	12050	56	-145.0	145	12050	56	-145.0	145	12050	56	-145.0	145	12050	56	-145.0	145	12050	56	-145.0	145	12050	56	-145.0	145	12050	56	-145.0	145	12050	56	-145.0	145	12050
57	-148.0	148	12198	57	-148.0	148	12198	57	-148.0	148	12198	57	-148.0	148	12198	57	-148.0	148	12198	57	-148.0	148	12198	57	-148.0	148	12198	57	-148.0	148	12198	57	-148.0	148	12198
58	-149.0	149	12347	58	-149.0	149	12347	58	-149.0	149	12347	58	-149.0	149	12347	58	-149.0	149	12347	58	-149.0	149	12347	58	-149.0	149	12347	58	-149.0	149	12347	58	-149.0	149	12347
59	-107.0	107	12454	59	-107.0	107	12454	59	-107.0	107	12454	59	-107.0	107	12454	59	-107.0	107	12454	59	-107.0	107	12454	59	-107.0	107	12454	59	-107.0	107	12454	59	-107.0	107	12454
60	-178.0	178	12632	60	-178.0	178	12632	60	-178.0	178	12632	60	-178.0	178	12632	60	-178.0	178	12632	60	-178.0	178	12632	60	-178.0	178	12632	60	-178.0	178	12632	60	-178.0	178	12632
61	-155.0	155	12787	61	-155.0	155	12787	61	-155.0	155	12787	61	-155.0	155	12787	61	-155.0	155	12787	61	-155.0	155	12787	61	-155.0	155	12787	61	-155.0	155	12787	61	-155.0	155	12787
62	-146.0	146	12933	62	-146.0	146	12933	62	-146.0	146	12933	62	-146.0	146	12933	62	-146.0	146	12933	62	-146.0	146	12933	62	-146.0	146	12933	62	-146.0	146	12933	62	-146.0	146	12933
63	-146.0	146	13079	63	-146.0	146	13079	63	-146.0	146	13079	63	-146.0	146	13079	63	-146.0	146	13079	63	-146.0	146	13079	63	-146.0	146	13079	63	-146.0	146	13079	63	-146.0	146	13079
64	-151.0	151	13230	64	-151.0	151	13230	64	-151.0	151	13230	64	-151.0	151	13230	64	-151.0	151	13230	64	-151.0	151	13230	64	-151.0	151	13230	64	-151.0	151	13230	64	-151.0	151	13230
65	-140.0	140	13370	65	-140.0	140	13370	65	-140.0	140	13370	65	-140.0	140	13370	65	-140.0	140	13370	65	-140.0	140	13370	65	-140.0	140	13370	65	-140.0	140	13370	65	-140.0	140	13370
66	-147.0	147	13517	66	-147.0	147	13517	66	-147.0	147	13517	66	-147.0	147	13517	66	-147.0	147	13517	66	-147.0	147	13517	66	-147.0	147	13517	66	-147.0	147	13517	66	-147.0	147	13517
67	-142.0	142	13659	67	-142.0	142	13659	67	-142.0	142	13659	67	-142.0	142	13659	67	-142.0	142	13659	67	-142.0	142	13659	67	-142.0	142	13659	67	-142.0	142	13659	67	-142.0	142	13659
68	-149.0	149	13808	68	-149.0	149	13808	68	-149.0	149	13808	68	-149.0	149	13808	68	-149.0	149	13808	68	-149.0	149	13808	68	-149.0	149	13808	68	-149.0	149	13808	68	-149.0	149	13808
69	-144.0	144	13952	69	-144.0	144	13952	69	-144.0	144	13952	69	-144.0	144	13952	69	-144.0	144	13952	69	-144.0	144	13952	69	-144.0	144	13952	69	-144.0	144	13952	69	-144.0	144	13952
70	-142.0	142	14094	70	-142.0	142	14094	70	-142.0	142	14094	70	-142.0	142	14094	70	-142.0	142	14094	70	-142.0	142	14094	70	-142.0	142	14094	70	-142.0	142	14094	70	-142.0	142	14094
71	-172.0	172	14266	71	-172.0	172	14266	71	-172.0	172	14266	71	-172.0	172	14266	71	-172.0	172	14266	71	-172.0	172	14266	71	-172.0	172	14266	71	-172.0	172	14266	71	-172.0	172	14266
72	-141.0	141	14407	72	-141.0	141	14407	72	-141.0	141	14407	72	-141.0	141	14407	72	-141.0	141	14407	72	-141.0	141	14407	72	-141.0	141	14407	72	-141.0	141	14407	72	-141.0	141	14407
73	-113.0	113	14520	73	-113.0	113	14520	73	-113.0	113	14520	73	-113.0	113	14520	73	-113.0	113	14520	73	-113.0	113	14520	73	-113.0	113	14520	73	-113.0	113	14520	73	-113.0	113	14520
74	-179.0	179	14699	74	-179.0	179	14699	74	-179.0	179	14699	74	-179.0	179	14699	74	-179.0	179	14699	74	-179.0	179	14699	74	-179.0	179	14699	74	-179.0	179	14699	74	-179.0	179	14699
75	-138.0	138	14837	75	-138.0	138	14837	75	-138.0	138	14837	75	-138.0	138	14837	75	-138.0	138	14837	75	-138.0	138	14837	75	-138.0	138	14837	75	-138.0	138	14837	75	-138.0	138	14837
76	-141.0	141	14978	76	-141.0	141	14978	76	-141.0	141	14978	76	-141.0	141	14978	76	-141.0	141	14978	76	-141.0	141	14978	76	-141.0	141	14978	76	-141.0	141	14978	76	-141.0	141	14978
77	-137.0	137	15115	77	-137.0	137	15115	77	-137.0	137	15115	77	-137.0	137	15115	77	-137.0	137	15115	77	-137.0	137	15115	77	-137.0	137	15115	77	-137.0	137	15115	77	-137.0	137	15115
78	-139.0	139	15254	78	-139.0	139	15254	78	-139.0	139	15254	78	-139.0	139	15254	78	-139.0	139	15254	78	-139.0	139	15254	78	-139.0	139	15254	78	-139.0	139	15254	78	-139.0	139	15254
79	-174.0	174	15428	79	-174.0	174	15428	79	-174.0	174	15428	79	-174.0	174	15428	79	-174.0	174	15428	79	-174.0	174	15428	79	-174.0	174	15428	79	-174.0	174	15428	79	-174.0	174	15428
80	-203.0	203	15631	80	-203.0	203	15631	80	-203.0	203	15631	80	-203.0	203	15631	80	-203.0	203	15631	80	-203.0	203	15631	80	-203.0	203	15631	80	-203.0	203	15631	80	-203.0	203	15631
81	-145.0	145	15776	81	-145.0	145	15776	81	-145.0	145	15776	81	-145.0	145	15776	81	-145.0	145	15776	81	-145.0	145	15776	81	-145.0	145	15776	81	-145.0	145	15776	81	-145.0	145	15776
82	-156.0	156	15932	82	-156.0	156	15932	82	-156.0	156	15932	82	-156.0	156	15932	82	-156.0	156	15932	82	-156.0	156	15932	82	-156.0	156	15932	82	-156.0	156	15932	82	-156.0	156	15932
83	-187.0	187	16119	83	-187.0	187	16119	83	-187.0	187	16119	83	-187.0	187	16119	83	-187.0	187	16119	83	-187.0	187	16119	83	-187.0	187	16119	83	-187.0	187	16119	83	-187.0	187	16119
84	-157.0	157	16276	84	-157.0	157	16276	84	-157.0	157	16276	84	-157.0	157	16276	84	-157.0	157	16276	84	-157.0	157	16276	84	-157.0	157	16276	84	-157.0	157	16276	84	-157.0	157	16276
85	-118.0	118	16394	85	-118.0	118	16394	85	-118.0	118	16394	85	-118.0	118	16394	85	-118.0	118	16394	85	-118.0	118	16394	85	-118.0	118	16394	85	-118.0	118	16394	85	-118.0	118	16394
86	-137.0	137	16531	86	-137.0	137	16531	86	-137.0	137	16531	86	-137.0	137	16531	86	-137.0	137	16531	86	-137.0	137	16531	86	-137.0	137	16531	86	-137.0	137	16531	86	-137.0	137	16531
87	-105.0	105	16636	87	-105.0	105	16636	87	-105.0	105	16636	87	-105.0	105	16636	87	-105.0	105	16636	87	-105.0	105	16636	87	-105.0	105	16636	87	-105.0	105	16636	87	-105.0	105	16636
88	-159.0	159	16795	88	-159.0	159	16795	88	-159.0	159	16795	88	-159.0	159	16795	88	-159.0	159	16795	88	-159.0	159	16795	88	-159.0	159	16795	88	-159.0	159	16795	88	-159.0	159	16795
89	-88.0	88	16883	89	-88.0	88	16883	89	-88.0	88	16883	89	-88.0	88	16883	89	-88.0	88	16883	89	-88.0	88	16883	89	-88.0	88	16883	89	-88.0	88	16883	89	-88.0	88	16883
90	-108.0	108	16991	90	-108.0	108	16991	90	-108.0	108	16991	90	-108.0	108	16991	90	-108.0	108	16991	90	-108.0	108	16991	90	-108.0	108	16991	90	-108.0	108	16991	90	-108.0	108	16991
91	-167.0	167	17158	91	-167.0	167	17158	91	-167.0	167	17158	91	-167.0	167	17158	91	-167.0	167	17158	91	-167.0	167	17158	91	-167.0	167	17158	91	-167.0	167	17158	91	-167.0	167	17158
92	-157.0	157	17315	92	-157.0	157	17315	92	-157.0	157	17315	92	-157.0	157	17315	92	-157.0	157	17315	92	-157.0	157	17315	92	-157.0	157	17315	92	-157.0	157	17315	92	-157.0	157	17315
93	-109.0	109	17424	93	-109.0	109	17424	93	-109.0	109	17424	93	-109.0	109	17424	93	-109.0	109	17424	93	-109.0	109	17424	93	-109.0	109	17424	93	-109.0	109	17424	93	-109.0	109	17424
94	-109.0	109	17533	94	-109.0	109	17533	94	-109.0	109	17533	94	-109.0	109	17533	94	-109.0	109	17533	94	-109.0	109	17533	94	-109.0	109	17533	94	-109.0	109	17533	94	-109.0	109	17533
95	-109.0	109	17642	95	-109.0	109	17642	95	-109.0	109	17642	95	-109.0	109	17642	95	-109.0	109	17642	95	-109.0	109	17642	95	-109.0	109	17642	95	-109.0	109	17642	95	-109.0	109	17642
96	-136.0	136	17778	96	-136.0	136	17778	96	-136.0	136	17778	96	-136.0	136	17778	96	-136.0	136	17778	96	-136.0	136	17778	96	-136.0	136	17778	96	-136.0	136	17778	96	-136.0	136	17778
97	-144.0	144	17922	97	-144.0	144	17922	97	-144.0	144	17922	97	-144.0	144	17922	97	-144.0	144	17922	97	-144.0	144	17922	97	-144.0	144	17922	97	-144.0	144	17922	97	-144.0	144	17922
98	-138.0	138	18060	98	-138.0	138	18060	98	-138.0	138	18060	98	-138.0	138	18060	98	-138.0	138	18060	98	-138.0	138	18060	98	-138.0	138	18060	98	-138.0	138	18060	98	-138.0	138	18060
99	-142.0	142	18202	99	-142.0	142	18202	99	-142.0	142	18202	99	-142.0	142	18202	99	-142.0	142	18202	99	-142.0	142	18202	99	-142.0	142	18202	99	-142.0	142	18202	99	-142.0	142	18202
100	-139.0	139	18341	100	-139.0	139	18341	100	-139.0	139	18341	100	-139.0	139	18341	100	-139.0	139	18341	100	-139.0	139	18341	100	-139.0	139	18341	100	-139.0	139	18341	100	-139.0	139	18341
101	-143.0	143	18484	101	-143.0	143	18484	101	-143.0	143	18484	101	-143.0	143	18484	101	-143.0	143	18484	101	-143.0	143	18484	101	-143.0	143	18484	101	-143.0	143	18484	101	-143.0	143	18484
102	-135.0	135	18619	102	-135.0	135	18619	102	-135.0	135	18619	102	-135.0	135	18619	102	-135.0	135	18619	102	-135.0	135	18619	102	-135.0	135	18619	102	-135.0	135	18619	102	-135.0	135	18619
103	-142.0	142	18761	103	-142.0	142	18761	103	-142.0	142	18761	103	-142.0	142	18761	103	-142.0	142	18761	103	-142.0	142	18761	103	-142.0	142	18761	103	-142.0	142	18761	103	-142.0	142	18761
104	-163.0	163	18924	104	-163.0	163	18924	104	-163.0	163	18924	104	-163.0	163	18924	104	-163.0	163	18924	104	-163.0	163	18924	104	-163.0	163	18924	104	-163.0	163	18924	104	-163.0	163	18924
105	-142.0	142	19066	105	-142.0	142	19066	105	-142.0	142	19066	105	-142.0	142	19066	105	-142.0	142	19066	105	-142.0	142	19066	105	-142.0	142	19066	105	-142.0	142	19066	105	-142.0	142	19066
106	-139.0	139	19205	106	-139.0	139	19205	106	-139.0	139	19205	106	-139.0	139	19205	106	-139.0	139	19205	106	-139.0	139	19205	106	-139.0	139	19205	106	-139.0	139	19205	106	-139.0	139	19205
107	-143.0	143	19348	107	-143.0	143	19348	107	-143.0	143	19348	107	-143.0	143	19348	107	-143.0	143	19348	107	-143.0	143	19348	107	-143.0	143	19348	107	-143.0	143	19348	107	-143.0	143	19348
108	-142.0	142	19490	108	-142.0	142	19490	108	-142.0	142	19490	108	-142.0	142	19490	108	-142.0	142	19490	108	-142.0	142	19490	108	-142.0	142	19490	108	-142.0	142	19490	108	-142.0	142	19490
109	-137.0	137	19627	109	-137.0	137	19627	109	-137.0	137	19627	109	-137.0	137	19627	109	-137.0	137	19627	109	-137.0	137	19627	109	-137.0	137	19627	109	-137.0	137	19627	109	-137.0	137	19627
110	-126.0	126	19753	110	-126.0	126	19753	110	-126.0	126	19753	110	-126.0	126	19753	110	-126.0	126	19753	110	-126.0	126	19753	110	-126.0	126	19753	110	-126.0	126	19753	110	-126.0	126	19753
111	-176.0	176	19929	111	-176.0	176	19929	111	-176.0	176	19929	111	-176.0	176	19929	111	-176.0	176	19929	111	-176.0	176	19929	111	-176.0	176	19929	111	-176.0	176	19929	111	-176.0	176	19929
112	-195.0	195	20124	112	-195.0	195	20124	112	-195.0	195	20124	112	-195.0	195	20124	112	-195.0	195	20124	112	-195.0	195	20124	112	-195.0	195	20124	112	-195.0	195	20124	112	-195.0	195	20124
113	-173.0	173	20297	113	-173.0	173	20297	113	-173.0	173	20297	113	-173.0	173	20297	113	-173.0	173	20297	113	-173.0	173	20297	113	-173.0	173	20297	113	-173.0	173	20297	113	-173.0	173	20297
114	-140.0	140	20437	114	-140.0	140	20437	114	-140.0	140	20437	114	-140.0	140	20437	114	-140.0	140	20437	114	-140.0	140	20437	114	-140.0	140	20437	114	-140.0	140	20437	114	-140.0	140	20437
115	-138.0	138	20575	115	-138.0	138	20575	115	-138.0	138	20575	115	-138.0	138	20575	115	-138.0	138	20575	115	-138.0	138	20575	115	-138.0	138	20575	115	-138.0	138	20575	115	-138.0	138	20575
116	-140.0	140	20715	116	-140.0	140	20715	116	-140.0	140	20715	116	-140.0	140	20715	116	-140.0	140	20715	116	-140.0	140	20715	116	-140.0	140	20715	116	-140.0	140	20715	116	-140.0	140	20715
117	-193.0	193	20908	117	-193.0	193	20908	117	-193.0	193	20908	117	-193.0	193	20908	117	-193.0	193	20908	117	-193.0	193	20908	117	-193.0	193	20908	117	-193.0	193	20908	117	-193.0	193	20908
118	-195.0	195	21103	118	-195.0	195	21103	118	-195.0	195	21103	118	-195.0	195	21103	118	-195.0	195	21103	118	-195.0	195	21103	118	-195.0	195	21103	118	-195.0	195	21103	118	-195.0	195	21103
119	-153.0	153	21256	119	-153.0	153	21256	119	-153.0	153	21256	119	-153.0	153	21256	119	-153.0	153	21256	119	-153.0	153	21256	119	-153.0	153	21256	119	-153.0	153	21256	119	-153.0	153	21256
120	-184.0	184	21440	120	-184.0	184	21440	120	-184.0	184	21440	120	-184.0	184	21440	120	-184.0	184	21440	120	-184.0	184	21440	120	-184.0	184	21440	120	-184.0	184	21440	120	-184.0	184	21440
121	-146.0	146	21586	121	-146.0	146	21586	121	-146.0	146	21586	121	-146.0	146	21586	121	-146.0	146	21586	121	-146.0	146	21586	121	-146.0	146	21586	121	-146.0	146	21586	121	-146.0	146	21586
122	-161.0	161	21747	122	-161.0	161	21747	122	-161.0	161	21747	122	-161.0	161	21747	122	-161.0	161	21747	122	-161.0	161	21747	122	-161.0	161	21747	122	-161.0	161	21747	122	-161.0	161	21747
123	-110.0	110	21857	123	-110.0	110	21857	123	-110.0	110	21857	123	-110.0	110	21857	123	-110.0	110	21857	123	-110.0	110	21857	123	-110.0	110	21857	123	-110.0	110	21857	123	-110.0	110	21857
124	-113.0	113	21970	124	-113.0	113	21970	124	-113.0	113	21970	124	-113.0	113	21970	124	-113.0	113	21970	124	-113.0	113	21970	124	-113.0	113	21970	124	-113.0	113	21970	124	-113.0	113	21970
125	-106.0	106	22076	125	-106.0	106	22076	125	-106.0	106	22076	125	-106.0	106	22076	125	-106.0	106	22076	125	-106.0	106	22076	125	-106.0	106	22076	125	-106.0	106	22076	125	-106.0	106	22076
126	-107.0	107	22183	126	-107.0	107	22183	126	-107.0	107	22183	126	-107.0	107	22183	126	-107.0	107	22183	126	-107.0	107	22183	126	-107.0	107	22183	126	-107.0	107	22183	126	-107.0	107	22183
127	-105.0	105	22288	127	-105.0	105	22288	127	-105.0	105	22288	127	-105.0	105	22288	127	-105.0	105	22288	127	-105.0	105	22288	127	-105.0	105	22288	127	-105.0	105	22288	127	-105.0	105	22288
128	-107.0	107	22395	128	-107.0	107	22395	128	-107.0	107	22395	128	-107.0	107	22395	128	-107.0	107	22395	128	-107.0	107	22395	128	-107.0	107	22395	128	-107.0	107	22395	128	-107.0	107	22395
129	-108.0	108	22503	129	-108.0	108	22503	129	-108.0	108	22503	129	-108.0	108	22503	129	-108.0	108	22503	129	-108.0	108	22503	129	-108.0	108	22503	129	-108.0	108	22503	129	-108.0	108	22503
130	-164.0	164	22667	130	-164.0	164	22667	130	-164.0	164	22667	130	-164.0	164	22667	130	-164.0	164	22667	130	-164.0	164	22667	130	-164.0	164	22667	130	-164.0	164	22667	130	-164.0	164	22667
131	-172.0	172	22839	131	-172.0	172	22839	131	-172.0	172	22839	131	-172.0	172	22839	131	-172.0	172	22839	131	-172.0	172	22839	131	-172.0	172	22839	131	-172.0	172	22839	131	-172.0	172	22839
132	-107.0	107	22946	132	-107.0	107	22946	132	-107.0	107	22946	132	-107.0	107	22946	132	-107.0	107	22946	132	-107.0	107	22946	132	-107.0	107	22946	132	-107.0	107	22946	132	-107.0	107	22946
133	-106.0	106	23052	133	-106.0	106	23052	133	-106.0	106	23052	133	-106.0	106	23052	133	-106.0	106	23052	133	-106.0	106	23052	133	-106.0	106	23052	133	-106.0	106	23052	133	-106.0	106	23052
134	-109.0	109	23161	134	-109.0	109	23161	134	-109.0	109	23161	134	-109.0	109	23161	134	-109.0	109	23161	134	-109.0	109	23161	134	-109.0	109	23161	134	-109.0	109	23161	134	-109.0	109	23161
135	-158.0	158	23319	135	-158.0	158	23319	135	-158.0	158	23319	135	-158.0	158	23319	135	-158.0	158	23319	135	-158.0	158	23319	135	-158.0	158	23319	135	-158.0	158	23319	135	-158.0	158	23319
136	-106.0	106	23425	136	-106.0	106	23425	136	-106.0	106	23425	136	-106.0	106	23425	136	-106.0	106	23425	136	-106.0	106	23425	136	-106.0	106	23425	136	-106.0	106	23425	136	-106.0	106	23425
137	-138.0	138	23563	137	-138.0	138	23563	137	-138.0	138	23563	137	-138.0	138	23563	137	-138.0	138	23563	137	-138.0	138	23563	137	-138.0	138	23563	137	-138.0	138	23563	137	-138.0	138	23563
138	-111.0	111	23674	138	-111.0	111	23674	138	-111.0	111	23674	138	-111.0	111	23674	138	-111.0	111	23674	138	-111.0	111	23674	138	-111.0	111	23674	138	-111.0	111	23674	138	-111.0	111	23674
139	-138.0	138	23812	139	-138.0	138	23812	139	-138.0	138	23812	139	-138.0	138	23812	139	-138.0	138	23812	139	-138.0	138	23812	139	-138.0	138	23812	139	-138.0	138	23812	139	-138.0	138	23812
140	-132.0	132	23944	140	-132.0	132	23944	140	-132.0	132	23944	140	-132.0	132	23944	140	-132.0	132	23944	140	-132.0	132	23944	140	-132.0	132	23944	140	-132.0	132	23944	140	-132.0	132	23944
141	-136.0	136	24080	141	-136.0	136	24080	141	-136.0	136	24080	141	-136.0	136	24080	141	-136.0	136	24080	141	-136.0	136	24080	141	-136.0	136	24080	141	-136.0	136	24080	141	-136.0	136	24080
142	-142.0	142	24222	142	-142.0	142	24222	142	-142.0	142	24222	142	-142.0	142	24222	142	-142.0	142	24222	142	-142.0	142	24222	142	-142.0	142	24222	142	-142.0	142	24222	142	-142.0	142	24222
143	-171.0	171	24393	143	-171.0	171	24393	143	-171.0	171	24393	143	-171.0	171	24393	143	-171.0	171	24393	143	-171.0	171	24393	143	-171.0	171	24393	143	-171.0	171	24393	143	-171.0	171	24393
144	-191.0	191	24584	144	-191.0	191	24584	144	-191.0	191	24584	144	-191.0	191	24584	144	-191.0	191	24584	144	-191.0	191	24584	144	-191.0	191	24584	144	-191.0	191	24584	144	-191.0	191	24584
145	-169.0	169	24753	145	-169.0	169	24753	145	-169.0	169	24753	145	-169.0	169	24753	145	-169.0	169	24753	145	-169.0	169	24753	145	-169.0	169	24753	145	-169.0	169	24753	145	-169.0	169	24753
146	-137.0	137	24890	146	-137.0	137	24890	146	-137.0	137	24890	146	-137.0	137	24890	146	-137.0	137	24890	146	-137.0	137	24890	146	-137.0	137	24890	146	-137.0	137	24890	146	-137.0	137	24890
147	-111.0	111	25001	147	-111.0	111	25001	147	-111.0	111	25001	147	-111.0	111	25001	147	-111.0	111	25001	147	-111.0	111	25001	147	-111.0	111	25001	147	-111.0	111	25001	147	-111.0	111	25001
148	-157.0	157	25158	148	-157.0	157	25158	148	-157.0	157	25158	148	-157.0	157	25158	148	-157.0	157	25158	148	-157.0	157	25158	148	-157.0	157	25158	148	-157.0	157	25158	148	-157.0	157	25158
149	-109.0	109	25267	149	-109.0	109	25267	149	-109.0	109	25267	149	-109.0	109	25267	149	-109.0	109	25267	149	-109.0	109	25267	149	-109.0	109	25267	149	-109.0	109	25267	149	-109.0	109	25267
150	-148.0	148	25415	150	-148.0	148	25415	150	-148.0	148	25415	150	-148.0	148	25415	150	-148.0	148	25415	150	-148.0	148	25415	150	-148.0	148	25415	150	-148.0	148	25415	150	-148.0	148	25415
151	-107.0	107	25522	151	-107.0	107	25522	151	-107.0	107	25522	151	-107.0	107	25522	151	-107.0	107	25522	151	-107.0	107	25522	151	-107.0	107	25522	151	-107.0	107	25522	151	-107.0	107	25522
152	-108.0	108	25630	152	-108.0	108	25630	152	-108.0	108	25630	152	-108.0	108	25630	152	-108.0	108	25630	152	-108.0	108	25630	152	-108.0	108	25630	152	-108.0	108	25630	152	-108.0	108	25630
153	-114.0	114	25744	153	-114.0	114	25744	153	-114.0	114	25744	153	-114.0	114	25744	153	-114.0	114	25744	153	-114.0	114	25744	153	-114.0	114	25744	153	-114.0	114	25744	153	-114.0	114	25744
154	-149.0	149	25893	154	-149.0	149	25893	154	-149.0	149	25893	154	-149.0	149	25893	154	-149.0	149	25893	154	-149.0	149	25893	154	-149.0	149	25893	154	-149.0	149	25893	154	-149.0	149	25893
155	-141.0	141	26034	155	-141.0	141	26034	155	-141.0	141	26034	155	-141.0	141	26034	155	-141.0	141	26034	155	-141.0	141	26034	155	-141.0	141	26034	155	-141.0	141	26034	155	-141.0	141	26034
156	-141.0	141	26175	156	-141.0	141	26175	156	-141.0	141	26175	156	-141.0	141	26175	156	-141.0	141	26175	156	-141.0	141	26175	156	-141.0	141	26175	156	-141.0	141	26175	156	-141.0	141	26175
157	-140.0	140	26315	157	-140.0	140	26315	157	-140.0	140	26315	157	-140.0	140	26315	157	-140.0	140	26315	157	-140.0	140	26315	157	-140.0	140	26315	157	-140.0	140	26315	157	-140.0	140	26315
158	-138.0	138	26453	158	-138.0	138	26453	158	-138.0	138	26453	158	-138.0	138	26453	158	-138.0	138	26453	158	-138.0	138	26453	158	-138.0	138	26453	158	-138.0	138	26453	158	-138.0	138	26453
159	-123.0	123	26576	159	-123.0	123	26576	159	-123.0	123	26576	159	-123.0	123	26576	159	-123.0	123	26576	159	-123.0	123	26576	159	-123.0	123	26576	159	-123.0	123	26576	159	-123.0	123	26576
160	-110.0	110	26686	160	-110.0	110	26686	160	-110.0	110	26686	160	-110.0	110	26686	160	-110.0	110	26686	160	-110.0	110	26686	160	-110.0	110	26686	160	-110.0	110	26686	160	-110.0	110	26686
161	-140.0	140	26826	161	-140.0	140	26826	161	-140.0	140	26826	161	-140.0	140	26826	161	-140.0	140	26826	161	-140.0	140	26826	161	-140.0	140	26826	161	-140.0	140	26826	161	-140.0	140	26826
162	-115.0	115	26941	162	-115.0	115	26941	162	-115.0	115	26941	162	-115.0	115	26941	162	-115.0	115	26941	162	-115.0	115	26941	162	-115.0	115	26941	162	-115.0	115	26941	162	-115.0	115	26941
163	-135.0	135	27076	163	-135.0	135	27076	163	-135.0	135	27076	163	-135.0	135	27076	163	-135.0	135	27076	163	-135.0	135	27076	163	-135.0	135	27076	163	-135.0	135	27076	163	-135.0	135	27076
164	-140.0	140	27216	164	-140.0	140	27216	164	-140.0	140	27216	164	-140.0	140	27216	164	-140.0	140	27216	164	-140.0	140	27216	164	-140.0	140	27216	164	-140.0	140	27216	164	-140.0	140	27216
165	-142.0	142	27358	165	-142.0	142	27358	165	-142.0	142	27358	165	-142.0	142	27358	165	-142.0	142	27358	165	-142.0	142	27358	165	-142.0	142	27358	165	-142.0	142	27358	165	-142.0	142	27358
166	-140.0	140	27498	166	-140.0	140	27498	166	-140.0	140	27498	166	-140.0	140	27498	166	-140.0	140	27498	166	-140.0	140	27498	166	-140.0	140	27498	166	-140.0	140	27498	166	-140.0	140	27498
167	-141.0	141	27639	167	-141.0	141	27639	167	-141.0	141	27639	167	-141.0	141	27639	167	-141.0	141	27639	167	-141.0	141	27639	167	-141.0	141	27639	167	-141.0	141	27639	167	-141.0	141	27639
168	-138.0	138	27777	168	-138.0	138	27777	168	-138.0	138	27777	168	-138.0	138	27777	168	-138.0	138	27777	168	-138.0	138	27777	168	-138.0	138	27777	168	-138.0	138	27777	168	-138.0	138	27777
169	-138.0	138	27915	169	-138.0	138	27915	169	-138.0	138	27915	169	-138.0	138	27915	169	-138.0	138	27915	169	-138.0	138	27915	169	-138.0	138	27915	169	-138.0	138	27915	169	-138.0	138	27915
170	-142.0	142	28057	170	-142.0	142	28057	170	-142.0	142	28057	170	-142.0	142	28057	170	-142.0	142	28057	170	-142.0	142	28057	170	-142.0	142	28057	170	-142.0	142	28057	170	-142.0	142	28057
171	-142.0	142	28199	171	-142.0	142	28199	171	-142.0	142	28199	171	-142.0	142	28199	171	-142.0	142	28199	171	-142.0	142	28199	171	-142.0	142	28199	171	-142.0	142	28199	171	-142.0	142	28199
172	-142.0	142	28341	172	-142.0	142	28341	172	-142.0	142	28341	172	-142.0	142	28341	172	-142.0	142	28341	172	-142.0	142	28341	172	-142.0	142	28341	172	-142.0	142	28341	172	-142.0	142	28341
173	-125.0	125	28466	173	-125.0	125	28466	173	-125.0	125	28466	173	-125.0	125	28466	173	-125.0	125	28466	173	-125.0	125	28466	173	-125.0	125	28466	173	-125.0	125	28466	173	-125.0	125	28466
174	-146.0	146	28612	174	-146.0	146	28612	174	-146.0	146	28612	174	-146.0	146	28612	174	-146.0	146	28612	174	-146.0	146	28612	174	-146.0	146	28612	174	-146.0	146	28612	174	-146.0	146	28612
175	-143.0	143	28755	175	-143.0	143	28755	175	-143.0	143	28755	175	-143.0	143	28755	175	-143.0	143	28755	175	-143.0	143	28755	175	-143.0	143	28755	175	-143.0	143	28755	175	-143.0	143	28755
176	-111.0	111	28866	176	-111.0	111	28866	176	-111.0	111	28866	176	-111.0	111	28866	176	-111.0	111	28866	176	-111.0	111	28866	176	-111.0	111	28866	176	-111.0	111	28866	176	-111.0	111	28866
177	-136.0	136	29002	177	-136.0	136	29002	177	-136.0	136	29002	177	-136.0	136	29002	177	-136.0	136	29002	177	-136.0	136	29002	177	-136.0	136	29002	177	-136.0	136	29002	177	-136.0	136	29002
178	-107.0	107	29109	178	-107.0	107	29109	178	-107.0	107	29109	178	-107.0	107	29109	178	-107.0	107	29109	178	-107.0	107	29109	178	-107.0	107	29109	178	-107.0	107	29109	178	-107.0	107	29109
179	-105.0	105	29214	179	-105.0	105	29214	179	-105.0	105	29214	179	-105.0	105	29214	179	-105.0	105	29214	179	-105.0	105	29214	179	-105.0	105	29214	179	-105.0	105	29214	179	-105.0	105	29214
180	-106.0	106	29320	180	-106.0	106	29320	180	-106.0	106	29320	180	-106.0	106	29320	180	-106.0	106	29320	180	-106.0	106	29320	180	-106.0	106	29320	180	-106.0	106	29320	180	-106.0	106	29320
181	-169.0	169	29489	181	-169.0	169	29489	181	-169.0	169	29489	181	-169.0	169	29489	181	-169.0	169	29489	181	-169.0	169	29489	181	-169.0	169	29489	181	-169.0	169	29489	181	-169.0	169	29489
182	-176.0	176	29665	182	-176.0	176	29665	182	-176.0	176	29665	182	-176.0	176	29665	182	-176.0	176	29665	182	-176.0	176	29665	182	-176.0	176	29665	182	-176.0	176	29665	182	-176.0	176	29665
183	-164.0	164	29829	183	-164.0	164	29829	183	-164.0	164	29829	183	-164.0	164	29829	183	-164.0	164	29829	183	-164.0	164	29829	183	-164.0	164	29829	183	-164.0	164	29829	183	-164.0	164	29829
184	-133.0	133	29962	184	-133.0	133	29962	184	-133.0	133	29962	184	-133.0	133	29962	184	-133.0	133	29962	184	-133.0	133	29962	184	-133.0	133	29962	184	-133.0	133	29962	184	-133.0	133	29962
185	-108.0	108	30070	185	-108.0	108	30070	185	-108.0	108	30070	185	-108.0	108	30070	185	-108.0	108	30070	185	-108.0	108	30070	185	-108.0	108	30070	185	-108.0	108	30070	185	-108.0	108	30070
186	-136.0	136	30206	186	-136.0	136	30206	186	-136.0	136	30206	186	-136.0	136	30206	186	-136.0	136	30206	186	-136.0	136	30206	186	-136.0	136	30206	186	-136.0	136	30206	186	-136.0	136	30206
187	-131.0	131	30337	187	-131.0	131	30337	187	-131.0	131	30337	187	-131.0	131	30337	187	-131.0	131	30337	187	-131.0	131	30337	187	-131.0	131	30337	187	-131.0	131	30337	187	-131.0	131	30337
188	-111.0	111	30448	188	-111.0	111	30448	188	-111.0	111	30448	188	-111.0	111	30448	188	-111.0	111	30448	188	-111.0	111	30448	188	-111.0	111	30448	188	-111.0	111	30448	188	-111.0	111	30448
189	-143.0	143	30591	189	-143.0	143	30591	189	-143.0	143	30591	189	-143.0	143	30591	189	-143.0	143	30591	189	-143.0	143	30591	189	-143.0	143	30591	189	-143.0	143	30591	189	-143.0	143	30591
190	-167.0	167	30758	190	-167.0	167	30758	190	-167.0	167	30758	190	-167.0	167	30758	190	-167.0	167	30758	190	-167.0	167	30758	190	-167.0	167	30758	190	-167.0	167	30758	190	-167.0	167	30758
191	-106.0	106	30864	191	-106.0	106	30864	191	-106.0	106	30864	191	-106.0	106	30864	191	-106.0	106	30864	191	-106.0	106	30864	191	-106.0	106	30864	191	-106.0	106	30864	191	-106.0	106	30864
192	-142.0	142	31006	192	-142.0	142	31006	192	-142.0	142	31006	192	-142.0	142	31006	192	-142.0	142	31006	192	-142.0	142	31006	192	-142.0	142	31006	192	-142.0	142	31006	192	-142.0	142	31006
193	-141.0	141	31147	193	-141.0	141	31147	193	-141.0	141	31147	193	-141.0	141	31147	193	-141.0	141	31147	193	-141.0	141	31147	193	-141.0	141	31147	193	-141.0	141	31147	193	-141.0	141	31147
194	-166.0	166	31313	194	-166.0	166	31313	194	-166.0	166	31313	194	-166.0	166	31313	194	-166.0	166	31313	194	-166.0	166	31313	194	-166.0	166	31313	194	-166.0	166	31313	194	-166.0	166	31313
195	-115.0	115	31428	195	-115.0	115	31428	195	-115.0	115	31428	195	-115.0	115	31428	195	-115.0	115	31428	195	-115.0	115	31428	195	-115.0	115	31428	195	-115.0	115	31428	195	-115.0	115	31428
196	-168.0	168	31596	196	-168.0	168	31596	196	-168.0	168	31596	196	-168.0	168	31596	196	-168.0	168	31596	196	-168.0	168	31596	196	-168.0	168	31596	196	-168.0	168	31596	196	-168.0	168	31596
197	-111.0	111	31707	197	-111.0	111	31707	197	-111.0	111	31707	197	-111.0	111	31707	197	-111.0	111	31707	197	-111.0	111	31707	197	-111.0	111	31707	197	-111.0	111	31707	197	-111.0	111	31707
198	-173.0	173	31880	198	-173.0	173	31880	198	-173.0	173	31880	198	-173.0	173	31880	198	-173.0	173	31880	198	-173.0	173	31880	198	-173.0	173	31880	198	-173.0	173	31880	198	-173.0	173	31880
199	-138.0	138	32018	199	-138.0	138	32018	199	-138.0	138	32018	199	-138.0	138	32018	199	-138.0	138	32018	199	-138.0	138	32018	199	-138.0	138	32018	199	-138.0	138	32018	199	-138.0	138	32018
200	-107.0	107	32125	200	-107.0	107	32125	200	-107.0	107	32125	200	-107.0	107	32125	200	-107.0	107	32125	200	-107.0	107	32125	200	-107.0	107	32125	200	-107.0	107	32125	200	-107.0	107	32125
201	-135.0	135	32260	201	-135.0	135	32260	201	-135.0	135	32260	201	-135.0	135	32260	201	-135.0	135	32260	201	-135.0	135	32260	201	-135.0	135	32260	201	-135.0	135	32260	201	-135.0	135	32260
202	-146.0	146	32406	202	-146.0	146	32406	202	-146.0	146	32406	202	-146.0	146	32406	202	-146.0	146	32406	202	-146.0	146	32406	202	-146.0	146	32406	202	-146.0	146	32406	202	-146.0	146	32406
203	-92.0	92	32498	203	-92.0	92	32498	203	-92.0	92	32498	203	-92.0	92	32498	203	-92.0	92	32498	203	-92.0	92	32498	203	-92.0	92	32498	203	-92.0	92	32498	203	-92.0	92	32498
204	-143.0	143	32641	204	-143.0	143	32641	204	-143.0	143	32641	204	-143.0	143	32641	204	-143.0	143	32641	204	-143.0	143	32641	204	-143.0	143	32641	204	-143.0	143	32641	204	-143.0	143	32641
205	-134.0	134	32775	205	-134.0	134	32775	205	-134.0	134	32775	205	-134.0	134	32775	205	-134.0	134	32775	205	-134.0	134	32775	205	-134.0	134	32775	205	-134.0	134	32775	205	-134.0	134	32775
206	-142.0	142	32917	206	-142.0	142	32917	206	-142.0	142	32917	206	-142.0	142	32917	206	-142.0	142	32917	206	-142.0	142	32917	206	-142.0	142	32917	206	-142.0	142	32917	206	-142.0	142	32917
207	-105.0	105	33022	207	-105.0	105	33022	207	-105.0	105	33022	207	-105.0	105	33022	207	-105.0	105	33022	207	-105.0	105	33022	207	-105.0	105	33022	207	-105.0	105	33022	207	-105.0	105	33022
208	-139.0	139	33161	208	-139.0	139	33161	208	-139.0	139	33161	208	-139.0	139	33161	208	-139.0	139	33161	208	-139.0	139	33161	208	-139.0	139	33161	208	-139.0	139	33161	208	-139.0	139	33161
209	-134.0	134	33295	209	-134.0	134	33295	209	-134.0	134	33295	209	-134.0	134	33295	209	-134.0	134	33295	209	-134.0	134	33295	209	-134.0	134	33295	209	-134.0	134	33295	209	-134.0	134	33295
210	-138.0	138	33433	210	-138.0	138	33433	210	-138.0	138	33433	210	-138.0	138	33433	210	-138.0	138	33433	210	-138.0	138	33433	210	-138.0	138	33433	210	-138.0	138	33433	210	-138.0	138	33433
211	-132.0	132	33565	211	-132.0	132	33565	211	-132.0	132	33565	211	-132.0	132	33565	211	-132.0	132	33565	211	-132.0	132	33565	211	-132.0	132	33565	211	-132.0	132	33565	211	-132.0	132	33565
212	-169.0	169	33734	212	-169.0	169	33734	212	-169.0	169	33734	212	-169.0	169	33734	212	-169.0	169	33734	212	-169.0	169	33734	212	-169.0	169	33734	212	-169.0	169	33734	212	-169.0	169	33734
213	-105.0	105	33839	213	-105.0	105	33839	213	-105.0	105	33839	213	-105.0	105	33839	213	-105.0	105	33839	213	-105.0	105	33839	213	-105.0	105	33839	213	-105.0	105	33839	213	-105.0	105	33839
214	-145.0	145	33984	214	-145.0	145	33984	214	-145.0	145	33984	214	-145.0	145	33984	214	-145.0	145	33984	214	-145.0	145	33984	214	-145.0	145	33984	214	-145.0	145	33984	214	-145.0	145	33984
215	-145.0	145	34129	215	-145.0	145	34129	215	-145.0	145	34129	215	-145.0	145	34129	215	-145.0	145	34129	215	-145.0	145	34129	215	-145.0	145	34129	215	-145.0	145	34129	215	-145.0	145	34129
216	-108.0	108	34237	216	-108.0	108	34237	216	-108.0	108	34237	216	-108.0	108	34237	216	-108.0	108	34237	216	-108.0	108	34237	216	-108.0	108	34237	216	-108.0	108	34237	216	-108.0	108	34237
217	-108.0	108	34345	217	-108.0	108	34345	217	-108.0	108	34345	217	-108.0	108	34345	217	-108.0	108	34345	217	-108.0	108	34345	217	-108.0	108	34345	217	-108.0	108	34345	217	-108.0	108	34345
218	-145.0	145	34490	218	-145.0	145	34490	218	-145.0	145	34490	218	-145.0	145	34490	218	-145.0	145	34490	218	-145.0	145	34490	218	-145.0	145	34490	218	-145.0	145	34490	218	-145.0	145	34490
219	-107.0	107	34597	219	-107.0	107	34597	219	-107.0	107	34597	219	-107.0	107	34597	219	-107.0	107	34597	219	-107.0	107	34597	219	-107.0	107	34597	219	-107.0	107	34597	219	-107.0	107	34597
220	-110.0	110	34707	220	-110.0	110	34707	220	-110.0	110	34707	220	-110.0	110	34707	220	-110.0	110	34707	220	-110.0	110	34707	220	-110.0	110	34707	220	-110.0	110	34707	220	-110.0	110	34707
221	-107.0	107	34814	221	-107.0	107	34814	221	-107.0	107	34814	221	-107.0	107	34814	221	-107.0	107	34814	221	-107.0	107	34814	221	-107.0	107	34814	221	-107.0	107	34814	221	-107.0	107	34814
222	-107.0	107	34921	222	-107.0	107	34921	222	-107.0	107	34921	222	-107.0	107	34921	222	-107.0	107	34921	222	-107.0	107	34921	222	-107.0	107	34921	222	-107.0	107	34921	222	-107.0	107	34921
223	-131.0	131	35052	223	-131.0	131	35052	223	-131.0	131	35052	223	-131.0	131	35052	223	-131.0	131	35052	223	-131.0	131	35052	223	-131.0	131	35052	223	-131.0	131	35052	223	-131.0	131	35052
224	-174.0	174	35226	224	-174.0	174	35226	224	-174.0	174	35226	224	-174.0	174	35226	224	-174.0	174	35226	224	-174.0	174	35226	224	-174.0	174	35226	224	-174.0	174	35226	224	-174.0	174	35226
225	-130.0	130	35356	225	-130.0	130	35356	225	-130.0	130	35356	225	-130.0	130	35356	225	-130.0	130	35356	225	-130.0	130	35356	225	-130.0	130	35356	225	-130.0	130	35356	225	-130.0	130	35356
226	-186.0	186	35542	226	-186.0	186	35542	226	-186.0	186	35542	226	-186.0	186	35542	226	-186.0	186	35542	226	-186.0	186	35542	226	-186.0	186	35542	226	-186.0	186	35542	226	-186.0	186	35542
227	-128.0	128	35670	227	-128.0	128	35670	227	-128.0	128	35670	227	-128.0	128	35670	227	-128.0	128	35670	227	-128.0	128	35670	227	-128.0	128	35670	227	-128.0	128	35670	227	-128.0	128	35670
228	-105.0	105	35775	228	-105.0	105	35775	228	-105.0	105	35775	228	-105.0	105	35775	228	-105.0	105	35775	228	-105.0	105	35775	228	-105.0	105	35775	228	-105.0	105	35775	228	-105.0	105	35775
229	-158.0	158	35933	229	-158.0	158	35933	229	-158.0	158	35933	229	-158.0	158	35933	229	-158.0	158	35933	229	-158.0	158	35933	229	-158.0	158	35933	229	-158.0	158	35933	229	-158.0	158	35933
230	-163.0	163	36096	230	-163.0	163	36096	230	-163.0	163	36096	230	-163.0	163	36096	230	-163.0	163	36096	230	-163.0	163	36096	230	-163.0	163	36096	230	-163.0	163	36096	230	-163.0	163	36096
231	-106.0	106	36202	231	-106.0	106	36202	231	-106.0	106	36202	231	-106.0	106	36202	231	-106.0	106	36202	231	-106.0	106	36202	231	-106.0	106	36202	231	-106.0	106	36202	231	-106.0	106	36202
232	-137.0	137	36339	232	-137.0	137	36339	232	-137.0	137	36339	232	-137.0	137	36339	232	-137.0	137	36339	232	-137.0	137	36339	232	-137.0	137	36339	232	-137.0	137	36339	232	-137.0	137	36339
233	-133.0	133	36472	233	-133.0	133	36472	233	-133.0	133	36472	233	-133.0	133	36472	233	-133.0	133	36472	233	-133.0	133	36472	233	-133.0	133	36472	233	-133.0	133	36472	233	-133.0	133	36472
234	-134.0	134	36606	234	-134.0	134	36606	234	-134.0	134	36606	234	-134.0	134	36606	234	-134.0	134	36606	234	-134.0	134	36606	234	-134.0	134	36606	234	-134.0	134	36606	234	-134.0	134	36606
235	-138.0	138	36744	235	-138.0	138	36744	235	-138.0	138	36744	235	-138.0	138	36744	235	-138.0	138	36744	235	-138.0	138	36744	235	-138.0	138	36744	235	-138.0	138	36744	235	-138.0	138	36744
236	-107.0	107	36851	236	-107.0	107	36851	236	-107.0	107	36851	236	-107.0	107	36851	236	-107.0	107	36851	236	-107.0	107	36851	236	-107.0	107	36851	236	-107.0	107	36851	236	-107.0	107	36851
237	-106.0	106	36957	237	-106.0	106	36957	237	-106.0	106	36957	237	-106.0	106	36957	237	-106.0	106	36957	237	-106.0	106	36957	237	-106.0	106	36957	237	-106.0	106	36957	237	-106.0	106	36957
238	-106.0	106	37063	238	-106.0	106	37063	238	-106.0	106	37063	238	-106.0	106	37063	238	-106.0	106	37063	238	-106.0	106	37063	238	-106.0	106	37063	238	-106.0	106	37063	238	-106.0	106	37063
239	-137.0	137	37200	239	-137.0	137	37200	239	-137.0	137	37200	239	-137.0	137	37200	239	-137.0	137	37200	239	-137.0	137	37200	239	-137.0	137	37200	239	-137.0	137	37200	239	-137.0	137	37200
240	-133.0	133	37333	240	-133.0	133	37333	240	-133.0	133	37333	240	-133.0	133	37333	240	-133.0	133	37333	240	-133.0	133	37333	240	-133.0	133	37333	240	-133.0	133	37333	240	-133.0	133	37333
241	-131.0	131	37464	241	-131.0	131	37464	241	-131.0	131	37464	241	-131.0	131	37464	241	-131.0	131	37464	241	-131.0	131	37464	241	-131.0	131	37464	241	-131.0	131	37464	241	-131.0	131	37464
242	-135.0	135	37599	242	-135.0	135	37599	242	-135.0	135	37599	242	-135.0	135	37599	242	-135.0	135	37599	242	-135.0	135	37599	242	-135.0	135	37599	242	-135.0	135	37599	242	-135.0	135	37599
243	-125.0	125	37724	243	-125.0	125	37724	243	-125.0	125	37724	243	-125.0	125	37724	243	-125.0	125	37724	243	-125.0	125	37724	243	-125.0	125	37724	243	-125.0	125	37724	243	-125.0	125	37724
244	-131.0	131	37855	244	-131.0	131	37855	244	-131.0	131	37855	244	-131.0	131	37855	244	-131.0	131	37855	244	-131.0	131	37855	244	-131.0	131	37855	244	-131.0	131	37855	244	-131.0	131	37855
245	-137.0	137	37992	245	-137.0	137	37992	245	-137.0	137	37992	245	-137.0	137	37992	245	-137.0	137	37992	245	-137.0	137	37992	245	-137.0	137	37992	245	-137.0	137	37992	245	-137.0	137	37992
246	-133.0	133	38125	246	-133.0	133	38125	246	-133.0	133	38125	246	-133.0	133	38125	246	-133.0	133	38125	246	-133.0	133	38125	246	-133.0	133	38125	246	-133.0	133	38125	246	-133.0	133	38125
247	-144.0	144	38269	247	-144.0	144	38269	247	-144.0	144	38269	247	-144.0	144	38269	247	-144.0	144	38269	247	-144.0	144	38269	247	-144.0	144	38269	247	-144.0	144	38269	247	-144.0	144	38269
248	-134.0	134	38403	248	-134.0	134	38403	248	-134.0	134	38403	248	-134.0	134	38403	248	-134.0	134	38403	248	-134.0	134	38403	248	-134.0	134	38403	248	-134.0	134	38403	248	-134.0	134	38403
249	-131.0	131	38534	249	-131.0	131	38534	249	-131.0	131	38534	249	-131.0	131	38534	249	-131.0	131	38534	249	-131.0	131	38534	249	-131.0	131	38534	249	-131.0	131	38534	249	-131.0	131	38534
250	-134.0	134	38668	250	-134.0	134	38668	250	-134.0	134	38668	250	-134.0	134	38668	250	-134.0	134	38668	250	-134.0	134	38668	250	-134.0	134	38668	250	-134.0	134	38668	250	-134.0	134	38668
251	-127.0	127	38795	251	-127.0	127	38795	251	-127.0	127	38795	251	-127.0	127	38795	251	-127.0	127	38795	251	-127.0	127	38795	251	-127.0	127	38795	251	-127.0	127	38795	251	-127.0	127	38795
252	-132.0	132	38927	252	-132.0	132	38927	252	-132.0	132	38927	252	-132.0	132	38927	252	-132.0	132	38927	252	-132.0	132	38927	252	-132.0	132	38927	252	-132.0	132	38927	252	-132.0	132	38927
253	-141.0	141	39068	253	-141.0	141	39068	253	-141.0	141	39068	253	-141.0	141	39068	253	-141.0	141	39068	253	-141.0	141	39068	253	-141.0	141	39068	253	-141.0	141	39068	253	-141.0	141	39068
254	-139.0	139	39207	254	-139.0	139	39207	254	-139.0	139	39207	254	-139.0	139	39207	254	-139.0	139	39207	254	-139.0	139	39207	254	-139.0	139	39207	254	-139.0	139	39207	254	-139.0	139	39207
255	-136.0	136	39343	255	-136.0	136	39343	255	-136.0	136	39343	255	-136.0	136	39343	255	-136.0	136	39343	255	-136.0	136	39343	255	-136.0	136	39343	255	-136.0	136	39343	255	-136.0	136	39343
256	-132.0	132	39475	256	-132.0	132	39475	256	-132.0	132	39475	256	-132.0	132	39475	256	-132.0	132	39475	256	-132.0	132	39475	256	-132.0	132	39475	256	-132.0	132	39475	256	-132.0	132	39475
257	-105.0	105	39580	257	-105.0	105	39580	257	-105.0	105	39580	257	-105.0	105	39580	257	-105.0	105	39580	257	-105.0	105	39580	257	-105.0	105	39580	257	-105.0	105	39580	257	-105.0	105	39580
258	-138.0	138	39718	258	-138.0	138	39718	258	-138.0	138	39718	258	-138.0	138	39718	258	-138.0	138	39718	258	-138.0	138	39718	258	-138.0	138	39718	258	-138.0	138	39718	258	-138.0	138	39718
259	-131.0	131	39849	259	-131.0	131	39849	259	-131.0	131	39849	259	-131.0	131	39849	259	-131.0	131	39849	259	-131.0	131	39849	259	-131.0	131	39849	259	-131.0	131	39849	259	-131.0	131	39849
260	-134.0	134	39983	260	-134.0	134	39983	260	-134.0	134	39983	260	-134.0	134	39983	260	-134.0	134	39983	260	-134.0	134	39983	260	-134.0	134	39983	260	-134.0	134	39983	260	-134.0	134	39983
261	-136.0	136	40119	261	-136.0	136	40119	261	-136.0	136	40119	261	-136.0	136	40119	261	-136.0	136	40119	261	-136.0	136	40119	261	-136.0	136	40119	261	-136.0	136	40119	261	-136.0	136	40119
262	-133.0	133	40252	262	-133.0	133	40252	262	-133.0	133	40252	262	-133.0	133	40252	262	-133.0	133	40252	262	-133.0	133	40252	262	-133.0	133	40252	262	-133.0	133	40252	262	-133.0	133	40252
263	-131.0	131	40383	263	-131.0	131	40383	263	-131.0	131	40383	263	-131.0	131	40383	263	-131.0	131	40383	263	-131.0	131	40383	263	-131.0	131	40383	263	-131.0	131	40383	263	-131.0	131	40383
264	-105.0	105	40488	264	-105.0	105	40488	264	-105.0	105	40488	264	-105.0	105	40488	264	-105.0	105	40488	264	-105.0	105	40488	264	-105.0	105	40488	264	-105.0	105	40488	264	-105.0	105	40488
265	-129.0	129	40617	265	-129.0	129	40617	265	-129.0	129	40617	265	-129.0	129	40617	265	-129.0	129	40617	265	-129.0	129	40617	265	-129.0	129	40617	265	-129.0	129	40617	265	-129.0	129	40617
266	-133.0	133	40750	266	-133.0	133	40750	266	-133.0	133	40750	266	-133.0	133	40750	266	-133.0	133	40750	266	-133.0	133	40750	266	-133.0	133	40750	266	-133.0	133	40750	266	-133.0	133	40750
267	-136.0	136	40886	267	-136.0	136	40886	267	-136.0	136	40886	267	-136.0	136	40886	267	-136.0	136	40886	267	-136.0	136	40886	267	-136.0	136	40886	267	-136.0	136	40886	267	-136.0	136	40886
268	-105.0	105	40991	268	-105.0	105	40991	268	-105.0	105	40991	268	-105.0	105	40991	268	-105.0	105	40991	268	-105.0	105	40991	268	-105.0	105	40991	268	-105.0	105	40991	268	-105.0	105	40991
269	-104.0	104	41095	269	-104.0	104	41095	269	-104.0	104	41095	269	-104.0	104	41095	269	-104.0	104	41095	269	-104.0	104	41095	269	-104.0	104	41095	269	-104.0	104	41095	269	-104.0	104	41095
270	-138.0	138	41233	270	-138.0	138	41233	270	-138.0	138	41233	270	-138.0	138	41233	270	-138.0	138	41233	270	-138.0	138	41233	270	-138.0	138	41233	270	-138.0	138	41233	270	-138.0	138	41233
271	-138.0	138	41371	271	-138.0	138	41371	271	-138.0	138	41371	271	-138.0	138	41371	271	-138.0	138	41371	271	-138.0	138	41371	271	-138.0	138	41371	271	-138.0	138	41371	271	-138.0	138	41371
272	-106.0	106	41477	272	-106.0	106	41477	272	-106.0	106	41477	272	-106.0	106	41477	272	-106.0	106	41477	272	-106.0	106	41477	272	-106.0	106	41477	272	-106.0	106	41477	272	-106.0	106	41477
273	-109.0	109	41586	273	-109.0	109	41586	273	-109.0	109	41586	273	-109.0	109	41586	273	-109.0	109	41586	273	-109.0	109	41586	273	-109.0	109	41586	273	-109.0	109	41586	273	-109.0	109	41586
274	-164.0	164	41750	274	-164.0	164	41750	274	-164.0	164	41750	274	-164.0	164	41750	274	-164.0	164	41750	274	-164.0	164	41750	274	-164.0	164	41750	274	-164.0	164	41750	274	-164.0	164	41750
275	-105.0	105	41855	275	-105.0	105	41855	275	-105.0	105	41855	275	-105.0	105	41855	275	-105.0	105	41855	275	-105.0	105	41855	275	-105.0	105	41855	275	-105.0	105	41855	275	-105.0	105	41855
276	-104.0	104	41959	276	-104.0	104	41959	276	-104.0	104	41959	276	-104.0	104	41959	276	-104.0	104	41959	276	-104.0	104	41959	276	-104.0	104	41959	276	-104.0	104	41959	276	-104.0	104	41959
277	-104.0	104	42063	277	-104.0	104	42063	277	-104.0	104	42063	277	-104.0	104	42063	277	-104.0	104	42063	277	-104.0	104	42063	277	-104.0	104	42063	277	-104.0	104	42063	277	-104.0	104	42063
278	-132.0	132	42195	278	-132.0	132	42195	278	-132.0	132	42195	278	-132.0	132	42195	278	-132.0	132	42195	278	-132.0	132	42195	278	-132.0	132	42195	278	-132.0	132	42195	278	-132.0	132	42195
279	-105.0	105	42300	279	-105.0	105	42300	279	-105.0	105	42300	279	-105.0	105	42300	279	-105.0	105	42300	279	-105.0	105	42300	279	-105.0	105	42300	279	-105.0	105	42300	279	-105.0	105	42300
280	-104.0	104	42404	280	-104.0	104	42404	280	-104.0	104	42404	280	-104.0	104	42404	280	-104.0	104	42404	280	-104.0	104	42404	280	-104.0	104	42404	280	-104.0	104	42404	280	-104.0	104	42404
281	-106.0	106	42510	281	-106.0	106	42510	281	-106.0	106	42510	281	-106.0	106	42510	281	-106.0	106	42510	281	-106.0	106	42510	281	-106.0	106	42510	281	-106.0	106	42510	281	-106.0	106	42510
282	-138.0	138	42648	282	-138.0	138	42648	282	-138.0	138	42648	282	-138.0	138	42648	282	-138.0	138	42648	282	-138.0	138	42648	282	-138.0	138	42648	282	-138.0	138	42648	282	-138.0	138	42648
283	-106.0	106	42754	283	-106.0	106	42754	283	-106.0	106	42754	283	-106.0	106	42754	283	-106.0	106	42754	283	-106.0	106	42754	283	-106.0	106	42754	283	-106.0	106	42754	283	-106.0	106	42754
284	-106.0	106	42860	284	-106.0	106	42860	284	-106.0	106	42860	284	-106.0	106	42860	284	-106.0	106	42860	284	-106.0	106	42860	284	-106.0	106	42860	284	-106.0	106	42860	284	-106.0	106	42860
285	-106.0	106	42966	285	-106.0	106	42966	285	-106.0	106	42966	285	-106.0	106	42966	285	-106.0	106	42966	285	-106.0	106	42966	285	-106.0	106	42966	285	-106.0	106	42966	285	-106.0	106	42966
286	-105.0	105	43071	286	-105.0	105	43071	286	-105.0	105	43071	286	-105.0	105	43071	286	-105.0	105	43071	286	-105.0	105	43071	286	-105.0	105	43071	286	-105.0	105	43071	286	-105.0	105	43071
287	-147.0	147	43218	287	-147.0	147	43218	287	-147.0	147	43218	287	-147.0	147	43218	287	-147.0	147	43218	287	-147.0	147	43218	287	-147.0	147	43218	287	-147.0	147	43218	287	-147.0	147	43218
288	-105.0	105	43323	288	-105.0	105	43323	288	-105.0	105	43323	288	-105.0	105	43323	288	-105.0	105	43323	288	-105.0	105	43323	288	-105.0	105	43323	288	-105.0	105	43323	288	-105.0	105	43323
289	-133.0	133	43456	289	-133.0	133	43456	289	-133.0	133	43456	289	-133.0	133	43456	289	-133.0	133	43456	289	-133.0	133	43456	289	-133.0	133	43456	289	-133.0	133	43456	289	-133.0	133	43456
290	-141.0	141	43597	290	-141.0	141	43597	290	-141.0	141	43597	290	-141.0	141	43597	290	-141.0	141	43597	290	-141.0	141	43597	290	-141.0	141	43597	290	-141.0	141	43597	290	-141.0	141	43597
291	-105.0	105	43702	291	-105.0	105	43702	291	-105.0	105	43702	291	-105.0	105	43702	291	-105.0	105	43702	291	-105.0	105	43702	291	-105.0	105	43702	291	-105.0	105	43702	291	-105.0	105	43702
292	-137.0	137	43839	292	-137.0	137	43839	292	-137.0	137	43839	292	-137.0	137	43839	292	-137.0	137	43839	292	-137.0	137	43839	292	-137.0	137	43839	292	-137.0	137	43839	292	-137.0	137	43839
293	-105.0	105	43944	293	-105.0	105	43944	293	-105.0	105	43944	293	-105.0	105	43944	293	-105.0	105	43944	293	-105.0	105	43944	293	-105.0	105	43944	293	-105.0	105	43944	293	-105.0	105	43944
294	-106.0	106	44050	294	-106.0	106	44050	294	-106.0	106	44050	294	-106.0	106	44050	294	-106.0	106	44050	294	-106.0	106	44050	294	-106.0	106	44050	294	-106.0	106	44050	294	-106.0	106	44050
295	-105.0	105	44155	295	-105.0	105	44155	295	-105.0	105	44155	295	-105.0	105	44155	295	-105.0	105	44155	295	-105.0	105	44155	295	-105.0	105	44155	295	-105.0	105	44155	295	-105.0	105	44155
296	-135.0	135	44290	296	-135.0	135	44290	296	-135.0	135	44290	296	-135.0	135	44290	296	-135.0	135	44290	296	-135.0	135	44290	296	-135.0	135	44290	296	-135.0	135	44290	296	-135.0	135	44290
297	-105.0	105	44395	297	-105.0	105	44395	297	-105.0	105	44395	297	-105.0	105	44395	297	-105.0	105	44395	297	-105.0	105	44395	297	-105.0	105	44395	297	-105.0	105	44395	297	-105.0	105	44395
298	-106.0	106	44501	298	-106.0	106	44501	298	-106.0	106	44501	298	-106.0	106	44501	298	-106.0	106	44501	298	-106.0	106	44501	298	-106.0	106	44501	298	-106.0	106	44501	298	-106.0	106	44501
299	-105.0	105	44606	299	-105.0	105	44606	299	-105.0	105	44606	299	-105.0	105	44606	299	-105.0	105	44606	299	-105.0	105	44606	299	-105.0	105	44606	299	-105.0	105	44606	299	-105.0	105	44606
