Episode	Accumulated Reward	Length	Steps	Episode	Accumulated Reward	Length	Steps	Episode	Accumulated Reward	Length	Steps	Episode	Accumulated Reward	Length	Steps	Episode	Accumulated Reward	Length	Steps	Episode	Accumulated Reward	Length	Steps	Episode	Accumulated Reward	Length	Steps	Episode	Accumulated Reward	Length	Steps	Episode	Accumulated Reward	Length	Steps	Episode	Accumulated Reward	Length	Steps	Episode	Accumulated Reward	Length	Steps	Episode	Accumulated Reward	Length	Steps	Episode	Accumulated Reward	Length	Steps
0	-1613	425	425	0	-1613	425	425	0	-1613	425	425	0	-1613	425	425	0	-1613	425	425	0	-1613	425	425	0	-1613	425	425	0	-1613	425	425	0	-1613	425	425	0	-1613	425	425	0	-1613	425	425	0	-1613	425	425	0	-1613	425	425
1	-715	220	645	1	-715	220	645	1	-715	220	645	1	-715	220	645	1	-715	220	645	1	-715	220	645	1	-715	220	645	1	-715	220	645	1	-715	220	645	1	-715	220	645	1	-715	220	645	1	-715	220	645	1	-715	220	645
2	-50	50	695	2	-50	50	695	2	-50	50	695	2	-50	50	695	2	-50	50	695	2	-50	50	695	2	-50	50	695	2	-50	50	695	2	-50	50	695	2	-50	50	695	2	-50	50	695	2	-50	50	695	2	-50	50	695
3	-67	67	762	3	-67	67	762	3	-67	67	762	3	-67	67	762	3	-67	67	762	3	-67	67	762	3	-67	67	762	3	-67	67	762	3	-67	67	762	3	-67	67	762	3	-67	67	762	3	-67	67	762	3	-67	67	762
4	-204	105	867	4	-204	105	867	4	-204	105	867	4	-204	105	867	4	-204	105	867	4	-204	105	867	4	-204	105	867	4	-204	105	867	4	-204	105	867	4	-204	105	867	4	-204	105	867	4	-204	105	867	4	-204	105	867
5	-499	202	1069	5	-499	202	1069	5	-499	202	1069	5	-499	202	1069	5	-499	202	1069	5	-499	202	1069	5	-499	202	1069	5	-499	202	1069	5	-499	202	1069	5	-499	202	1069	5	-499	202	1069	5	-499	202	1069	5	-499	202	1069
6	-65	65	1134	6	-65	65	1134	6	-65	65	1134	6	-65	65	1134	6	-65	65	1134	6	-65	65	1134	6	-65	65	1134	6	-65	65	1134	6	-65	65	1134	6	-65	65	1134	6	-65	65	1134	6	-65	65	1134	6	-65	65	1134
7	-64	64	1198	7	-64	64	1198	7	-64	64	1198	7	-64	64	1198	7	-64	64	1198	7	-64	64	1198	7	-64	64	1198	7	-64	64	1198	7	-64	64	1198	7	-64	64	1198	7	-64	64	1198	7	-64	64	1198	7	-64	64	1198
8	-36	36	1234	8	-36	36	1234	8	-36	36	1234	8	-36	36	1234	8	-36	36	1234	8	-36	36	1234	8	-36	36	1234	8	-36	36	1234	8	-36	36	1234	8	-36	36	1234	8	-36	36	1234	8	-36	36	1234	8	-36	36	1234
9	-45	45	1279	9	-45	45	1279	9	-45	45	1279	9	-45	45	1279	9	-45	45	1279	9	-45	45	1279	9	-45	45	1279	9	-45	45	1279	9	-45	45	1279	9	-45	45	1279	9	-45	45	1279	9	-45	45	1279	9	-45	45	1279
10	-68	68	1347	10	-68	68	1347	10	-68	68	1347	10	-68	68	1347	10	-68	68	1347	10	-68	68	1347	10	-68	68	1347	10	-68	68	1347	10	-68	68	1347	10	-68	68	1347	10	-68	68	1347	10	-68	68	1347	10	-68	68	1347
11	-170	71	1418	11	-170	71	1418	11	-170	71	1418	11	-170	71	1418	11	-170	71	1418	11	-170	71	1418	11	-170	71	1418	11	-170	71	1418	11	-170	71	1418	11	-170	71	1418	11	-170	71	1418	11	-170	71	1418	11	-170	71	1418
12	-37	37	1455	12	-37	37	1455	12	-37	37	1455	12	-37	37	1455	12	-37	37	1455	12	-37	37	1455	12	-37	37	1455	12	-37	37	1455	12	-37	37	1455	12	-37	37	1455	12	-37	37	1455	12	-37	37	1455	12	-37	37	1455
13	-32	32	1487	13	-32	32	1487	13	-32	32	1487	13	-32	32	1487	13	-32	32	1487	13	-32	32	1487	13	-32	32	1487	13	-32	32	1487	13	-32	32	1487	13	-32	32	1487	13	-32	32	1487	13	-32	32	1487	13	-32	32	1487
14	-39	39	1526	14	-39	39	1526	14	-39	39	1526	14	-39	39	1526	14	-39	39	1526	14	-39	39	1526	14	-39	39	1526	14	-39	39	1526	14	-39	39	1526	14	-39	39	1526	14	-39	39	1526	14	-39	39	1526	14	-39	39	1526
15	-47	47	1573	15	-47	47	1573	15	-47	47	1573	15	-47	47	1573	15	-47	47	1573	15	-47	47	1573	15	-47	47	1573	15	-47	47	1573	15	-47	47	1573	15	-47	47	1573	15	-47	47	1573	15	-47	47	1573	15	-47	47	1573
16	-35	35	1608	16	-35	35	1608	16	-35	35	1608	16	-35	35	1608	16	-35	35	1608	16	-35	35	1608	16	-35	35	1608	16	-35	35	1608	16	-35	35	1608	16	-35	35	1608	16	-35	35	1608	16	-35	35	1608	16	-35	35	1608
17	-40	40	1648	17	-40	40	1648	17	-40	40	1648	17	-40	40	1648	17	-40	40	1648	17	-40	40	1648	17	-40	40	1648	17	-40	40	1648	17	-40	40	1648	17	-40	40	1648	17	-40	40	1648	17	-40	40	1648	17	-40	40	1648
18	-55	55	1703	18	-55	55	1703	18	-55	55	1703	18	-55	55	1703	18	-55	55	1703	18	-55	55	1703	18	-55	55	1703	18	-55	55	1703	18	-55	55	1703	18	-55	55	1703	18	-55	55	1703	18	-55	55	1703	18	-55	55	1703
19	-172	73	1776	19	-172	73	1776	19	-172	73	1776	19	-172	73	1776	19	-172	73	1776	19	-172	73	1776	19	-172	73	1776	19	-172	73	1776	19	-172	73	1776	19	-172	73	1776	19	-172	73	1776	19	-172	73	1776	19	-172	73	1776
20	-55	55	1831	20	-55	55	1831	20	-55	55	1831	20	-55	55	1831	20	-55	55	1831	20	-55	55	1831	20	-55	55	1831	20	-55	55	1831	20	-55	55	1831	20	-55	55	1831	20	-55	55	1831	20	-55	55	1831	20	-55	55	1831
21	-31	31	1862	21	-31	31	1862	21	-31	31	1862	21	-31	31	1862	21	-31	31	1862	21	-31	31	1862	21	-31	31	1862	21	-31	31	1862	21	-31	31	1862	21	-31	31	1862	21	-31	31	1862	21	-31	31	1862	21	-31	31	1862
22	-139	40	1902	22	-139	40	1902	22	-139	40	1902	22	-139	40	1902	22	-139	40	1902	22	-139	40	1902	22	-139	40	1902	22	-139	40	1902	22	-139	40	1902	22	-139	40	1902	22	-139	40	1902	22	-139	40	1902	22	-139	40	1902
23	-28	28	1930	23	-28	28	1930	23	-28	28	1930	23	-28	28	1930	23	-28	28	1930	23	-28	28	1930	23	-28	28	1930	23	-28	28	1930	23	-28	28	1930	23	-28	28	1930	23	-28	28	1930	23	-28	28	1930	23	-28	28	1930
24	-34	34	1964	24	-34	34	1964	24	-34	34	1964	24	-34	34	1964	24	-34	34	1964	24	-34	34	1964	24	-34	34	1964	24	-34	34	1964	24	-34	34	1964	24	-34	34	1964	24	-34	34	1964	24	-34	34	1964	24	-34	34	1964
25	-44	44	2008	25	-44	44	2008	25	-44	44	2008	25	-44	44	2008	25	-44	44	2008	25	-44	44	2008	25	-44	44	2008	25	-44	44	2008	25	-44	44	2008	25	-44	44	2008	25	-44	44	2008	25	-44	44	2008	25	-44	44	2008
26	-19	19	2027	26	-19	19	2027	26	-19	19	2027	26	-19	19	2027	26	-19	19	2027	26	-19	19	2027	26	-19	19	2027	26	-19	19	2027	26	-19	19	2027	26	-19	19	2027	26	-19	19	2027	26	-19	19	2027	26	-19	19	2027
27	-26	26	2053	27	-26	26	2053	27	-26	26	2053	27	-26	26	2053	27	-26	26	2053	27	-26	26	2053	27	-26	26	2053	27	-26	26	2053	27	-26	26	2053	27	-26	26	2053	27	-26	26	2053	27	-26	26	2053	27	-26	26	2053
28	-148	49	2102	28	-148	49	2102	28	-148	49	2102	28	-148	49	2102	28	-148	49	2102	28	-148	49	2102	28	-148	49	2102	28	-148	49	2102	28	-148	49	2102	28	-148	49	2102	28	-148	49	2102	28	-148	49	2102	28	-148	49	2102
29	-38	38	2140	29	-38	38	2140	29	-38	38	2140	29	-38	38	2140	29	-38	38	2140	29	-38	38	2140	29	-38	38	2140	29	-38	38	2140	29	-38	38	2140	29	-38	38	2140	29	-38	38	2140	29	-38	38	2140	29	-38	38	2140
30	-17	17	2157	30	-17	17	2157	30	-17	17	2157	30	-17	17	2157	30	-17	17	2157	30	-17	17	2157	30	-17	17	2157	30	-17	17	2157	30	-17	17	2157	30	-17	17	2157	30	-17	17	2157	30	-17	17	2157	30	-17	17	2157
31	-132	33	2190	31	-132	33	2190	31	-132	33	2190	31	-132	33	2190	31	-132	33	2190	31	-132	33	2190	31	-132	33	2190	31	-132	33	2190	31	-132	33	2190	31	-132	33	2190	31	-132	33	2190	31	-132	33	2190	31	-132	33	2190
32	-133	34	2224	32	-133	34	2224	32	-133	34	2224	32	-133	34	2224	32	-133	34	2224	32	-133	34	2224	32	-133	34	2224	32	-133	34	2224	32	-133	34	2224	32	-133	34	2224	32	-133	34	2224	32	-133	34	2224	32	-133	34	2224
33	-24	24	2248	33	-24	24	2248	33	-24	24	2248	33	-24	24	2248	33	-24	24	2248	33	-24	24	2248	33	-24	24	2248	33	-24	24	2248	33	-24	24	2248	33	-24	24	2248	33	-24	24	2248	33	-24	24	2248	33	-24	24	2248
34	-23	23	2271	34	-23	23	2271	34	-23	23	2271	34	-23	23	2271	34	-23	23	2271	34	-23	23	2271	34	-23	23	2271	34	-23	23	2271	34	-23	23	2271	34	-23	23	2271	34	-23	23	2271	34	-23	23	2271	34	-23	23	2271
35	-152	53	2324	35	-152	53	2324	35	-152	53	2324	35	-152	53	2324	35	-152	53	2324	35	-152	53	2324	35	-152	53	2324	35	-152	53	2324	35	-152	53	2324	35	-152	53	2324	35	-152	53	2324	35	-152	53	2324	35	-152	53	2324
36	-14	14	2338	36	-14	14	2338	36	-14	14	2338	36	-14	14	2338	36	-14	14	2338	36	-14	14	2338	36	-14	14	2338	36	-14	14	2338	36	-14	14	2338	36	-14	14	2338	36	-14	14	2338	36	-14	14	2338	36	-14	14	2338
37	-18	18	2356	37	-18	18	2356	37	-18	18	2356	37	-18	18	2356	37	-18	18	2356	37	-18	18	2356	37	-18	18	2356	37	-18	18	2356	37	-18	18	2356	37	-18	18	2356	37	-18	18	2356	37	-18	18	2356	37	-18	18	2356
38	-23	23	2379	38	-23	23	2379	38	-23	23	2379	38	-23	23	2379	38	-23	23	2379	38	-23	23	2379	38	-23	23	2379	38	-23	23	2379	38	-23	23	2379	38	-23	23	2379	38	-23	23	2379	38	-23	23	2379	38	-23	23	2379
39	-18	18	2397	39	-18	18	2397	39	-18	18	2397	39	-18	18	2397	39	-18	18	2397	39	-18	18	2397	39	-18	18	2397	39	-18	18	2397	39	-18	18	2397	39	-18	18	2397	39	-18	18	2397	39	-18	18	2397	39	-18	18	2397
40	-28	28	2425	40	-28	28	2425	40	-28	28	2425	40	-28	28	2425	40	-28	28	2425	40	-28	28	2425	40	-28	28	2425	40	-28	28	2425	40	-28	28	2425	40	-28	28	2425	40	-28	28	2425	40	-28	28	2425	40	-28	28	2425
41	-17	17	2442	41	-17	17	2442	41	-17	17	2442	41	-17	17	2442	41	-17	17	2442	41	-17	17	2442	41	-17	17	2442	41	-17	17	2442	41	-17	17	2442	41	-17	17	2442	41	-17	17	2442	41	-17	17	2442	41	-17	17	2442
42	-15	15	2457	42	-15	15	2457	42	-15	15	2457	42	-15	15	2457	42	-15	15	2457	42	-15	15	2457	42	-15	15	2457	42	-15	15	2457	42	-15	15	2457	42	-15	15	2457	42	-15	15	2457	42	-15	15	2457	42	-15	15	2457
43	-18	18	2475	43	-18	18	2475	43	-18	18	2475	43	-18	18	2475	43	-18	18	2475	43	-18	18	2475	43	-18	18	2475	43	-18	18	2475	43	-18	18	2475	43	-18	18	2475	43	-18	18	2475	43	-18	18	2475	43	-18	18	2475
44	-19	19	2494	44	-19	19	2494	44	-19	19	2494	44	-19	19	2494	44	-19	19	2494	44	-19	19	2494	44	-19	19	2494	44	-19	19	2494	44	-19	19	2494	44	-19	19	2494	44	-19	19	2494	44	-19	19	2494	44	-19	19	2494
45	-21	21	2515	45	-21	21	2515	45	-21	21	2515	45	-21	21	2515	45	-21	21	2515	45	-21	21	2515	45	-21	21	2515	45	-21	21	2515	45	-21	21	2515	45	-21	21	2515	45	-21	21	2515	45	-21	21	2515	45	-21	21	2515
46	-14	14	2529	46	-14	14	2529	46	-14	14	2529	46	-14	14	2529	46	-14	14	2529	46	-14	14	2529	46	-14	14	2529	46	-14	14	2529	46	-14	14	2529	46	-14	14	2529	46	-14	14	2529	46	-14	14	2529	46	-14	14	2529
47	-121	22	2551	47	-121	22	2551	47	-121	22	2551	47	-121	22	2551	47	-121	22	2551	47	-121	22	2551	47	-121	22	2551	47	-121	22	2551	47	-121	22	2551	47	-121	22	2551	47	-121	22	2551	47	-121	22	2551	47	-121	22	2551
48	-133	34	2585	48	-133	34	2585	48	-133	34	2585	48	-133	34	2585	48	-133	34	2585	48	-133	34	2585	48	-133	34	2585	48	-133	34	2585	48	-133	34	2585	48	-133	34	2585	48	-133	34	2585	48	-133	34	2585	48	-133	34	2585
49	-20	20	2605	49	-20	20	2605	49	-20	20	2605	49	-20	20	2605	49	-20	20	2605	49	-20	20	2605	49	-20	20	2605	49	-20	20	2605	49	-20	20	2605	49	-20	20	2605	49	-20	20	2605	49	-20	20	2605	49	-20	20	2605
50	-13	13	2618	50	-13	13	2618	50	-13	13	2618	50	-13	13	2618	50	-13	13	2618	50	-13	13	2618	50	-13	13	2618	50	-13	13	2618	50	-13	13	2618	50	-13	13	2618	50	-13	13	2618	50	-13	13	2618	50	-13	13	2618
51	-16	16	2634	51	-16	16	2634	51	-16	16	2634	51	-16	16	2634	51	-16	16	2634	51	-16	16	2634	51	-16	16	2634	51	-16	16	2634	51	-16	16	2634	51	-16	16	2634	51	-16	16	2634	51	-16	16	2634	51	-16	16	2634
52	-232	34	2668	52	-232	34	2668	52	-232	34	2668	52	-232	34	2668	52	-232	34	2668	52	-232	34	2668	52	-232	34	2668	52	-232	34	2668	52	-232	34	2668	52	-232	34	2668	52	-232	34	2668	52	-232	34	2668	52	-232	34	2668
53	-240	42	2710	53	-240	42	2710	53	-240	42	2710	53	-240	42	2710	53	-240	42	2710	53	-240	42	2710	53	-240	42	2710	53	-240	42	2710	53	-240	42	2710	53	-240	42	2710	53	-240	42	2710	53	-240	42	2710	53	-240	42	2710
54	-17	17	2727	54	-17	17	2727	54	-17	17	2727	54	-17	17	2727	54	-17	17	2727	54	-17	17	2727	54	-17	17	2727	54	-17	17	2727	54	-17	17	2727	54	-17	17	2727	54	-17	17	2727	54	-17	17	2727	54	-17	17	2727
55	-13	13	2740	55	-13	13	2740	55	-13	13	2740	55	-13	13	2740	55	-13	13	2740	55	-13	13	2740	55	-13	13	2740	55	-13	13	2740	55	-13	13	2740	55	-13	13	2740	55	-13	13	2740	55	-13	13	2740	55	-13	13	2740
56	-125	26	2766	56	-125	26	2766	56	-125	26	2766	56	-125	26	2766	56	-125	26	2766	56	-125	26	2766	56	-125	26	2766	56	-125	26	2766	56	-125	26	2766	56	-125	26	2766	56	-125	26	2766	56	-125	26	2766	56	-125	26	2766
57	-31	31	2797	57	-31	31	2797	57	-31	31	2797	57	-31	31	2797	57	-31	31	2797	57	-31	31	2797	57	-31	31	2797	57	-31	31	2797	57	-31	31	2797	57	-31	31	2797	57	-31	31	2797	57	-31	31	2797	57	-31	31	2797
58	-13	13	2810	58	-13	13	2810	58	-13	13	2810	58	-13	13	2810	58	-13	13	2810	58	-13	13	2810	58	-13	13	2810	58	-13	13	2810	58	-13	13	2810	58	-13	13	2810	58	-13	13	2810	58	-13	13	2810	58	-13	13	2810
59	-15	15	2825	59	-15	15	2825	59	-15	15	2825	59	-15	15	2825	59	-15	15	2825	59	-15	15	2825	59	-15	15	2825	59	-15	15	2825	59	-15	15	2825	59	-15	15	2825	59	-15	15	2825	59	-15	15	2825	59	-15	15	2825
60	-17	17	2842	60	-17	17	2842	60	-17	17	2842	60	-17	17	2842	60	-17	17	2842	60	-17	17	2842	60	-17	17	2842	60	-17	17	2842	60	-17	17	2842	60	-17	17	2842	60	-17	17	2842	60	-17	17	2842	60	-17	17	2842
61	-127	28	2870	61	-127	28	2870	61	-127	28	2870	61	-127	28	2870	61	-127	28	2870	61	-127	28	2870	61	-127	28	2870	61	-127	28	2870	61	-127	28	2870	61	-127	28	2870	61	-127	28	2870	61	-127	28	2870	61	-127	28	2870
62	-13	13	2883	62	-13	13	2883	62	-13	13	2883	62	-13	13	2883	62	-13	13	2883	62	-13	13	2883	62	-13	13	2883	62	-13	13	2883	62	-13	13	2883	62	-13	13	2883	62	-13	13	2883	62	-13	13	2883	62	-13	13	2883
63	-20	20	2903	63	-20	20	2903	63	-20	20	2903	63	-20	20	2903	63	-20	20	2903	63	-20	20	2903	63	-20	20	2903	63	-20	20	2903	63	-20	20	2903	63	-20	20	2903	63	-20	20	2903	63	-20	20	2903	63	-20	20	2903
64	-123	24	2927	64	-123	24	2927	64	-123	24	2927	64	-123	24	2927	64	-123	24	2927	64	-123	24	2927	64	-123	24	2927	64	-123	24	2927	64	-123	24	2927	64	-123	24	2927	64	-123	24	2927	64	-123	24	2927	64	-123	24	2927
65	-22	22	2949	65	-22	22	2949	65	-22	22	2949	65	-22	22	2949	65	-22	22	2949	65	-22	22	2949	65	-22	22	2949	65	-22	22	2949	65	-22	22	2949	65	-22	22	2949	65	-22	22	2949	65	-22	22	2949	65	-22	22	2949
66	-13	13	2962	66	-13	13	2962	66	-13	13	2962	66	-13	13	2962	66	-13	13	2962	66	-13	13	2962	66	-13	13	2962	66	-13	13	2962	66	-13	13	2962	66	-13	13	2962	66	-13	13	2962	66	-13	13	2962	66	-13	13	2962
67	-17	17	2979	67	-17	17	2979	67	-17	17	2979	67	-17	17	2979	67	-17	17	2979	67	-17	17	2979	67	-17	17	2979	67	-17	17	2979	67	-17	17	2979	67	-17	17	2979	67	-17	17	2979	67	-17	17	2979	67	-17	17	2979
68	-13	13	2992	68	-13	13	2992	68	-13	13	2992	68	-13	13	2992	68	-13	13	2992	68	-13	13	2992	68	-13	13	2992	68	-13	13	2992	68	-13	13	2992	68	-13	13	2992	68	-13	13	2992	68	-13	13	2992	68	-13	13	2992
69	-13	13	3005	69	-13	13	3005	69	-13	13	3005	69	-13	13	3005	69	-13	13	3005	69	-13	13	3005	69	-13	13	3005	69	-13	13	3005	69	-13	13	3005	69	-13	13	3005	69	-13	13	3005	69	-13	13	3005	69	-13	13	3005
70	-13	13	3018	70	-13	13	3018	70	-13	13	3018	70	-13	13	3018	70	-13	13	3018	70	-13	13	3018	70	-13	13	3018	70	-13	13	3018	70	-13	13	3018	70	-13	13	3018	70	-13	13	3018	70	-13	13	3018	70	-13	13	3018
71	-13	13	3031	71	-13	13	3031	71	-13	13	3031	71	-13	13	3031	71	-13	13	3031	71	-13	13	3031	71	-13	13	3031	71	-13	13	3031	71	-13	13	3031	71	-13	13	3031	71	-13	13	3031	71	-13	13	3031	71	-13	13	3031
72	-13	13	3044	72	-13	13	3044	72	-13	13	3044	72	-13	13	3044	72	-13	13	3044	72	-13	13	3044	72	-13	13	3044	72	-13	13	3044	72	-13	13	3044	72	-13	13	3044	72	-13	13	3044	72	-13	13	3044	72	-13	13	3044
73	-23	23	3067	73	-23	23	3067	73	-23	23	3067	73	-23	23	3067	73	-23	23	3067	73	-23	23	3067	73	-23	23	3067	73	-23	23	3067	73	-23	23	3067	73	-23	23	3067	73	-23	23	3067	73	-23	23	3067	73	-23	23	3067
74	-14	14	3081	74	-14	14	3081	74	-14	14	3081	74	-14	14	3081	74	-14	14	3081	74	-14	14	3081	74	-14	14	3081	74	-14	14	3081	74	-14	14	3081	74	-14	14	3081	74	-14	14	3081	74	-14	14	3081	74	-14	14	3081
75	-15	15	3096	75	-15	15	3096	75	-15	15	3096	75	-15	15	3096	75	-15	15	3096	75	-15	15	3096	75	-15	15	3096	75	-15	15	3096	75	-15	15	3096	75	-15	15	3096	75	-15	15	3096	75	-15	15	3096	75	-15	15	3096
76	-14	14	3110	76	-14	14	3110	76	-14	14	3110	76	-14	14	3110	76	-14	14	3110	76	-14	14	3110	76	-14	14	3110	76	-14	14	3110	76	-14	14	3110	76	-14	14	3110	76	-14	14	3110	76	-14	14	3110	76	-14	14	3110
77	-13	13	3123	77	-13	13	3123	77	-13	13	3123	77	-13	13	3123	77	-13	13	3123	77	-13	13	3123	77	-13	13	3123	77	-13	13	3123	77	-13	13	3123	77	-13	13	3123	77	-13	13	3123	77	-13	13	3123	77	-13	13	3123
78	-15	15	3138	78	-15	15	3138	78	-15	15	3138	78	-15	15	3138	78	-15	15	3138	78	-15	15	3138	78	-15	15	3138	78	-15	15	3138	78	-15	15	3138	78	-15	15	3138	78	-15	15	3138	78	-15	15	3138	78	-15	15	3138
79	-122	23	3161	79	-122	23	3161	79	-122	23	3161	79	-122	23	3161	79	-122	23	3161	79	-122	23	3161	79	-122	23	3161	79	-122	23	3161	79	-122	23	3161	79	-122	23	3161	79	-122	23	3161	79	-122	23	3161	79	-122	23	3161
80	-229	31	3192	80	-229	31	3192	80	-229	31	3192	80	-229	31	3192	80	-229	31	3192	80	-229	31	3192	80	-229	31	3192	80	-229	31	3192	80	-229	31	3192	80	-229	31	3192	80	-229	31	3192	80	-229	31	3192	80	-229	31	3192
81	-13	13	3205	81	-13	13	3205	81	-13	13	3205	81	-13	13	3205	81	-13	13	3205	81	-13	13	3205	81	-13	13	3205	81	-13	13	3205	81	-13	13	3205	81	-13	13	3205	81	-13	13	3205	81	-13	13	3205	81	-13	13	3205
82	-13	13	3218	82	-13	13	3218	82	-13	13	3218	82	-13	13	3218	82	-13	13	3218	82	-13	13	3218	82	-13	13	3218	82	-13	13	3218	82	-13	13	3218	82	-13	13	3218	82	-13	13	3218	82	-13	13	3218	82	-13	13	3218
83	-15	15	3233	83	-15	15	3233	83	-15	15	3233	83	-15	15	3233	83	-15	15	3233	83	-15	15	3233	83	-15	15	3233	83	-15	15	3233	83	-15	15	3233	83	-15	15	3233	83	-15	15	3233	83	-15	15	3233	83	-15	15	3233
84	-17	17	3250	84	-17	17	3250	84	-17	17	3250	84	-17	17	3250	84	-17	17	3250	84	-17	17	3250	84	-17	17	3250	84	-17	17	3250	84	-17	17	3250	84	-17	17	3250	84	-17	17	3250	84	-17	17	3250	84	-17	17	3250
85	-333	36	3286	85	-333	36	3286	85	-333	36	3286	85	-333	36	3286	85	-333	36	3286	85	-333	36	3286	85	-333	36	3286	85	-333	36	3286	85	-333	36	3286	85	-333	36	3286	85	-333	36	3286	85	-333	36	3286	85	-333	36	3286
86	-15	15	3301	86	-15	15	3301	86	-15	15	3301	86	-15	15	3301	86	-15	15	3301	86	-15	15	3301	86	-15	15	3301	86	-15	15	3301	86	-15	15	3301	86	-15	15	3301	86	-15	15	3301	86	-15	15	3301	86	-15	15	3301
87	-15	15	3316	87	-15	15	3316	87	-15	15	3316	87	-15	15	3316	87	-15	15	3316	87	-15	15	3316	87	-15	15	3316	87	-15	15	3316	87	-15	15	3316	87	-15	15	3316	87	-15	15	3316	87	-15	15	3316	87	-15	15	3316
88	-118	19	3335	88	-118	19	3335	88	-118	19	3335	88	-118	19	3335	88	-118	19	3335	88	-118	19	3335	88	-118	19	3335	88	-118	19	3335	88	-118	19	3335	88	-118	19	3335	88	-118	19	3335	88	-118	19	3335	88	-118	19	3335
89	-13	13	3348	89	-13	13	3348	89	-13	13	3348	89	-13	13	3348	89	-13	13	3348	89	-13	13	3348	89	-13	13	3348	89	-13	13	3348	89	-13	13	3348	89	-13	13	3348	89	-13	13	3348	89	-13	13	3348	89	-13	13	3348
90	-13	13	3361	90	-13	13	3361	90	-13	13	3361	90	-13	13	3361	90	-13	13	3361	90	-13	13	3361	90	-13	13	3361	90	-13	13	3361	90	-13	13	3361	90	-13	13	3361	90	-13	13	3361	90	-13	13	3361	90	-13	13	3361
91	-13	13	3374	91	-13	13	3374	91	-13	13	3374	91	-13	13	3374	91	-13	13	3374	91	-13	13	3374	91	-13	13	3374	91	-13	13	3374	91	-13	13	3374	91	-13	13	3374	91	-13	13	3374	91	-13	13	3374	91	-13	13	3374
92	-125	26	3400	92	-125	26	3400	92	-125	26	3400	92	-125	26	3400	92	-125	26	3400	92	-125	26	3400	92	-125	26	3400	92	-125	26	3400	92	-125	26	3400	92	-125	26	3400	92	-125	26	3400	92	-125	26	3400	92	-125	26	3400
93	-13	13	3413	93	-13	13	3413	93	-13	13	3413	93	-13	13	3413	93	-13	13	3413	93	-13	13	3413	93	-13	13	3413	93	-13	13	3413	93	-13	13	3413	93	-13	13	3413	93	-13	13	3413	93	-13	13	3413	93	-13	13	3413
94	-13	13	3426	94	-13	13	3426	94	-13	13	3426	94	-13	13	3426	94	-13	13	3426	94	-13	13	3426	94	-13	13	3426	94	-13	13	3426	94	-13	13	3426	94	-13	13	3426	94	-13	13	3426	94	-13	13	3426	94	-13	13	3426
95	-27	27	3453	95	-27	27	3453	95	-27	27	3453	95	-27	27	3453	95	-27	27	3453	95	-27	27	3453	95	-27	27	3453	95	-27	27	3453	95	-27	27	3453	95	-27	27	3453	95	-27	27	3453	95	-27	27	3453	95	-27	27	3453
96	-14	14	3467	96	-14	14	3467	96	-14	14	3467	96	-14	14	3467	96	-14	14	3467	96	-14	14	3467	96	-14	14	3467	96	-14	14	3467	96	-14	14	3467	96	-14	14	3467	96	-14	14	3467	96	-14	14	3467	96	-14	14	3467
97	-125	26	3493	97	-125	26	3493	97	-125	26	3493	97	-125	26	3493	97	-125	26	3493	97	-125	26	3493	97	-125	26	3493	97	-125	26	3493	97	-125	26	3493	97	-125	26	3493	97	-125	26	3493	97	-125	26	3493	97	-125	26	3493
98	-14	14	3507	98	-14	14	3507	98	-14	14	3507	98	-14	14	3507	98	-14	14	3507	98	-14	14	3507	98	-14	14	3507	98	-14	14	3507	98	-14	14	3507	98	-14	14	3507	98	-14	14	3507	98	-14	14	3507	98	-14	14	3507
99	-16	16	3523	99	-16	16	3523	99	-16	16	3523	99	-16	16	3523	99	-16	16	3523	99	-16	16	3523	99	-16	16	3523	99	-16	16	3523	99	-16	16	3523	99	-16	16	3523	99	-16	16	3523	99	-16	16	3523	99	-16	16	3523
100	-13	13	3536	100	-13	13	3536	100	-13	13	3536	100	-13	13	3536	100	-13	13	3536	100	-13	13	3536	100	-13	13	3536	100	-13	13	3536	100	-13	13	3536	100	-13	13	3536	100	-13	13	3536	100	-13	13	3536	100	-13	13	3536
101	-126	27	3563	101	-126	27	3563	101	-126	27	3563	101	-126	27	3563	101	-126	27	3563	101	-126	27	3563	101	-126	27	3563	101	-126	27	3563	101	-126	27	3563	101	-126	27	3563	101	-126	27	3563	101	-126	27	3563	101	-126	27	3563
102	-15	15	3578	102	-15	15	3578	102	-15	15	3578	102	-15	15	3578	102	-15	15	3578	102	-15	15	3578	102	-15	15	3578	102	-15	15	3578	102	-15	15	3578	102	-15	15	3578	102	-15	15	3578	102	-15	15	3578	102	-15	15	3578
103	-16	16	3594	103	-16	16	3594	103	-16	16	3594	103	-16	16	3594	103	-16	16	3594	103	-16	16	3594	103	-16	16	3594	103	-16	16	3594	103	-16	16	3594	103	-16	16	3594	103	-16	16	3594	103	-16	16	3594	103	-16	16	3594
104	-119	20	3614	104	-119	20	3614	104	-119	20	3614	104	-119	20	3614	104	-119	20	3614	104	-119	20	3614	104	-119	20	3614	104	-119	20	3614	104	-119	20	3614	104	-119	20	3614	104	-119	20	3614	104	-119	20	3614	104	-119	20	3614
105	-17	17	3631	105	-17	17	3631	105	-17	17	3631	105	-17	17	3631	105	-17	17	3631	105	-17	17	3631	105	-17	17	3631	105	-17	17	3631	105	-17	17	3631	105	-17	17	3631	105	-17	17	3631	105	-17	17	3631	105	-17	17	3631
106	-15	15	3646	106	-15	15	3646	106	-15	15	3646	106	-15	15	3646	106	-15	15	3646	106	-15	15	3646	106	-15	15	3646	106	-15	15	3646	106	-15	15	3646	106	-15	15	3646	106	-15	15	3646	106	-15	15	3646	106	-15	15	3646
107	-15	15	3661	107	-15	15	3661	107	-15	15	3661	107	-15	15	3661	107	-15	15	3661	107	-15	15	3661	107	-15	15	3661	107	-15	15	3661	107	-15	15	3661	107	-15	15	3661	107	-15	15	3661	107	-15	15	3661	107	-15	15	3661
108	-16	16	3677	108	-16	16	3677	108	-16	16	3677	108	-16	16	3677	108	-16	16	3677	108	-16	16	3677	108	-16	16	3677	108	-16	16	3677	108	-16	16	3677	108	-16	16	3677	108	-16	16	3677	108	-16	16	3677	108	-16	16	3677
109	-22	22	3699	109	-22	22	3699	109	-22	22	3699	109	-22	22	3699	109	-22	22	3699	109	-22	22	3699	109	-22	22	3699	109	-22	22	3699	109	-22	22	3699	109	-22	22	3699	109	-22	22	3699	109	-22	22	3699	109	-22	22	3699
110	-124	25	3724	110	-124	25	3724	110	-124	25	3724	110	-124	25	3724	110	-124	25	3724	110	-124	25	3724	110	-124	25	3724	110	-124	25	3724	110	-124	25	3724	110	-124	25	3724	110	-124	25	3724	110	-124	25	3724	110	-124	25	3724
111	-13	13	3737	111	-13	13	3737	111	-13	13	3737	111	-13	13	3737	111	-13	13	3737	111	-13	13	3737	111	-13	13	3737	111	-13	13	3737	111	-13	13	3737	111	-13	13	3737	111	-13	13	3737	111	-13	13	3737	111	-13	13	3737
112	-119	20	3757	112	-119	20	3757	112	-119	20	3757	112	-119	20	3757	112	-119	20	3757	112	-119	20	3757	112	-119	20	3757	112	-119	20	3757	112	-119	20	3757	112	-119	20	3757	112	-119	20	3757	112	-119	20	3757	112	-119	20	3757
113	-13	13	3770	113	-13	13	3770	113	-13	13	3770	113	-13	13	3770	113	-13	13	3770	113	-13	13	3770	113	-13	13	3770	113	-13	13	3770	113	-13	13	3770	113	-13	13	3770	113	-13	13	3770	113	-13	13	3770	113	-13	13	3770
114	-15	15	3785	114	-15	15	3785	114	-15	15	3785	114	-15	15	3785	114	-15	15	3785	114	-15	15	3785	114	-15	15	3785	114	-15	15	3785	114	-15	15	3785	114	-15	15	3785	114	-15	15	3785	114	-15	15	3785	114	-15	15	3785
115	-13	13	3798	115	-13	13	3798	115	-13	13	3798	115	-13	13	3798	115	-13	13	3798	115	-13	13	3798	115	-13	13	3798	115	-13	13	3798	115	-13	13	3798	115	-13	13	3798	115	-13	13	3798	115	-13	13	3798	115	-13	13	3798
116	-15	15	3813	116	-15	15	3813	116	-15	15	3813	116	-15	15	3813	116	-15	15	3813	116	-15	15	3813	116	-15	15	3813	116	-15	15	3813	116	-15	15	3813	116	-15	15	3813	116	-15	15	3813	116	-15	15	3813	116	-15	15	3813
117	-15	15	3828	117	-15	15	3828	117	-15	15	3828	117	-15	15	3828	117	-15	15	3828	117	-15	15	3828	117	-15	15	3828	117	-15	15	3828	117	-15	15	3828	117	-15	15	3828	117	-15	15	3828	117	-15	15	3828	117	-15	15	3828
118	-13	13	3841	118	-13	13	3841	118	-13	13	3841	118	-13	13	3841	118	-13	13	3841	118	-13	13	3841	118	-13	13	3841	118	-13	13	3841	118	-13	13	3841	118	-13	13	3841	118	-13	13	3841	118	-13	13	3841	118	-13	13	3841
119	-230	32	3873	119	-230	32	3873	119	-230	32	3873	119	-230	32	3873	119	-230	32	3873	119	-230	32	3873	119	-230	32	3873	119	-230	32	3873	119	-230	32	3873	119	-230	32	3873	119	-230	32	3873	119	-230	32	3873	119	-230	32	3873
120	-13	13	3886	120	-13	13	3886	120	-13	13	3886	120	-13	13	3886	120	-13	13	3886	120	-13	13	3886	120	-13	13	3886	120	-13	13	3886	120	-13	13	3886	120	-13	13	3886	120	-13	13	3886	120	-13	13	3886	120	-13	13	3886
121	-15	15	3901	121	-15	15	3901	121	-15	15	3901	121	-15	15	3901	121	-15	15	3901	121	-15	15	3901	121	-15	15	3901	121	-15	15	3901	121	-15	15	3901	121	-15	15	3901	121	-15	15	3901	121	-15	15	3901	121	-15	15	3901
122	-125	26	3927	122	-125	26	3927	122	-125	26	3927	122	-125	26	3927	122	-125	26	3927	122	-125	26	3927	122	-125	26	3927	122	-125	26	3927	122	-125	26	3927	122	-125	26	3927	122	-125	26	3927	122	-125	26	3927	122	-125	26	3927
123	-15	15	3942	123	-15	15	3942	123	-15	15	3942	123	-15	15	3942	123	-15	15	3942	123	-15	15	3942	123	-15	15	3942	123	-15	15	3942	123	-15	15	3942	123	-15	15	3942	123	-15	15	3942	123	-15	15	3942	123	-15	15	3942
124	-128	29	3971	124	-128	29	3971	124	-128	29	3971	124	-128	29	3971	124	-128	29	3971	124	-128	29	3971	124	-128	29	3971	124	-128	29	3971	124	-128	29	3971	124	-128	29	3971	124	-128	29	3971	124	-128	29	3971	124	-128	29	3971
125	-13	13	3984	125	-13	13	3984	125	-13	13	3984	125	-13	13	3984	125	-13	13	3984	125	-13	13	3984	125	-13	13	3984	125	-13	13	3984	125	-13	13	3984	125	-13	13	3984	125	-13	13	3984	125	-13	13	3984	125	-13	13	3984
126	-123	24	4008	126	-123	24	4008	126	-123	24	4008	126	-123	24	4008	126	-123	24	4008	126	-123	24	4008	126	-123	24	4008	126	-123	24	4008	126	-123	24	4008	126	-123	24	4008	126	-123	24	4008	126	-123	24	4008	126	-123	24	4008
127	-17	17	4025	127	-17	17	4025	127	-17	17	4025	127	-17	17	4025	127	-17	17	4025	127	-17	17	4025	127	-17	17	4025	127	-17	17	4025	127	-17	17	4025	127	-17	17	4025	127	-17	17	4025	127	-17	17	4025	127	-17	17	4025
128	-13	13	4038	128	-13	13	4038	128	-13	13	4038	128	-13	13	4038	128	-13	13	4038	128	-13	13	4038	128	-13	13	4038	128	-13	13	4038	128	-13	13	4038	128	-13	13	4038	128	-13	13	4038	128	-13	13	4038	128	-13	13	4038
129	-15	15	4053	129	-15	15	4053	129	-15	15	4053	129	-15	15	4053	129	-15	15	4053	129	-15	15	4053	129	-15	15	4053	129	-15	15	4053	129	-15	15	4053	129	-15	15	4053	129	-15	15	4053	129	-15	15	4053	129	-15	15	4053
130	-15	15	4068	130	-15	15	4068	130	-15	15	4068	130	-15	15	4068	130	-15	15	4068	130	-15	15	4068	130	-15	15	4068	130	-15	15	4068	130	-15	15	4068	130	-15	15	4068	130	-15	15	4068	130	-15	15	4068	130	-15	15	4068
131	-19	19	4087	131	-19	19	4087	131	-19	19	4087	131	-19	19	4087	131	-19	19	4087	131	-19	19	4087	131	-19	19	4087	131	-19	19	4087	131	-19	19	4087	131	-19	19	4087	131	-19	19	4087	131	-19	19	4087	131	-19	19	4087
132	-15	15	4102	132	-15	15	4102	132	-15	15	4102	132	-15	15	4102	132	-15	15	4102	132	-15	15	4102	132	-15	15	4102	132	-15	15	4102	132	-15	15	4102	132	-15	15	4102	132	-15	15	4102	132	-15	15	4102	132	-15	15	4102
133	-124	25	4127	133	-124	25	4127	133	-124	25	4127	133	-124	25	4127	133	-124	25	4127	133	-124	25	4127	133	-124	25	4127	133	-124	25	4127	133	-124	25	4127	133	-124	25	4127	133	-124	25	4127	133	-124	25	4127	133	-124	25	4127
134	-221	23	4150	134	-221	23	4150	134	-221	23	4150	134	-221	23	4150	134	-221	23	4150	134	-221	23	4150	134	-221	23	4150	134	-221	23	4150	134	-221	23	4150	134	-221	23	4150	134	-221	23	4150	134	-221	23	4150	134	-221	23	4150
135	-124	25	4175	135	-124	25	4175	135	-124	25	4175	135	-124	25	4175	135	-124	25	4175	135	-124	25	4175	135	-124	25	4175	135	-124	25	4175	135	-124	25	4175	135	-124	25	4175	135	-124	25	4175	135	-124	25	4175	135	-124	25	4175
136	-17	17	4192	136	-17	17	4192	136	-17	17	4192	136	-17	17	4192	136	-17	17	4192	136	-17	17	4192	136	-17	17	4192	136	-17	17	4192	136	-17	17	4192	136	-17	17	4192	136	-17	17	4192	136	-17	17	4192	136	-17	17	4192
137	-13	13	4205	137	-13	13	4205	137	-13	13	4205	137	-13	13	4205	137	-13	13	4205	137	-13	13	4205	137	-13	13	4205	137	-13	13	4205	137	-13	13	4205	137	-13	13	4205	137	-13	13	4205	137	-13	13	4205	137	-13	13	4205
138	-13	13	4218	138	-13	13	4218	138	-13	13	4218	138	-13	13	4218	138	-13	13	4218	138	-13	13	4218	138	-13	13	4218	138	-13	13	4218	138	-13	13	4218	138	-13	13	4218	138	-13	13	4218	138	-13	13	4218	138	-13	13	4218
139	-22	22	4240	139	-22	22	4240	139	-22	22	4240	139	-22	22	4240	139	-22	22	4240	139	-22	22	4240	139	-22	22	4240	139	-22	22	4240	139	-22	22	4240	139	-22	22	4240	139	-22	22	4240	139	-22	22	4240	139	-22	22	4240
140	-15	15	4255	140	-15	15	4255	140	-15	15	4255	140	-15	15	4255	140	-15	15	4255	140	-15	15	4255	140	-15	15	4255	140	-15	15	4255	140	-15	15	4255	140	-15	15	4255	140	-15	15	4255	140	-15	15	4255	140	-15	15	4255
141	-15	15	4270	141	-15	15	4270	141	-15	15	4270	141	-15	15	4270	141	-15	15	4270	141	-15	15	4270	141	-15	15	4270	141	-15	15	4270	141	-15	15	4270	141	-15	15	4270	141	-15	15	4270	141	-15	15	4270	141	-15	15	4270
142	-15	15	4285	142	-15	15	4285	142	-15	15	4285	142	-15	15	4285	142	-15	15	4285	142	-15	15	4285	142	-15	15	4285	142	-15	15	4285	142	-15	15	4285	142	-15	15	4285	142	-15	15	4285	142	-15	15	4285	142	-15	15	4285
143	-15	15	4300	143	-15	15	4300	143	-15	15	4300	143	-15	15	4300	143	-15	15	4300	143	-15	15	4300	143	-15	15	4300	143	-15	15	4300	143	-15	15	4300	143	-15	15	4300	143	-15	15	4300	143	-15	15	4300	143	-15	15	4300
144	-13	13	4313	144	-13	13	4313	144	-13	13	4313	144	-13	13	4313	144	-13	13	4313	144	-13	13	4313	144	-13	13	4313	144	-13	13	4313	144	-13	13	4313	144	-13	13	4313	144	-13	13	4313	144	-13	13	4313	144	-13	13	4313
145	-15	15	4328	145	-15	15	4328	145	-15	15	4328	145	-15	15	4328	145	-15	15	4328	145	-15	15	4328	145	-15	15	4328	145	-15	15	4328	145	-15	15	4328	145	-15	15	4328	145	-15	15	4328	145	-15	15	4328	145	-15	15	4328
146	-15	15	4343	146	-15	15	4343	146	-15	15	4343	146	-15	15	4343	146	-15	15	4343	146	-15	15	4343	146	-15	15	4343	146	-15	15	4343	146	-15	15	4343	146	-15	15	4343	146	-15	15	4343	146	-15	15	4343	146	-15	15	4343
147	-15	15	4358	147	-15	15	4358	147	-15	15	4358	147	-15	15	4358	147	-15	15	4358	147	-15	15	4358	147	-15	15	4358	147	-15	15	4358	147	-15	15	4358	147	-15	15	4358	147	-15	15	4358	147	-15	15	4358	147	-15	15	4358
148	-15	15	4373	148	-15	15	4373	148	-15	15	4373	148	-15	15	4373	148	-15	15	4373	148	-15	15	4373	148	-15	15	4373	148	-15	15	4373	148	-15	15	4373	148	-15	15	4373	148	-15	15	4373	148	-15	15	4373	148	-15	15	4373
149	-120	21	4394	149	-120	21	4394	149	-120	21	4394	149	-120	21	4394	149	-120	21	4394	149	-120	21	4394	149	-120	21	4394	149	-120	21	4394	149	-120	21	4394	149	-120	21	4394	149	-120	21	4394	149	-120	21	4394	149	-120	21	4394
150	-15	15	4409	150	-15	15	4409	150	-15	15	4409	150	-15	15	4409	150	-15	15	4409	150	-15	15	4409	150	-15	15	4409	150	-15	15	4409	150	-15	15	4409	150	-15	15	4409	150	-15	15	4409	150	-15	15	4409	150	-15	15	4409
151	-122	23	4432	151	-122	23	4432	151	-122	23	4432	151	-122	23	4432	151	-122	23	4432	151	-122	23	4432	151	-122	23	4432	151	-122	23	4432	151	-122	23	4432	151	-122	23	4432	151	-122	23	4432	151	-122	23	4432	151	-122	23	4432
152	-13	13	4445	152	-13	13	4445	152	-13	13	4445	152	-13	13	4445	152	-13	13	4445	152	-13	13	4445	152	-13	13	4445	152	-13	13	4445	152	-13	13	4445	152	-13	13	4445	152	-13	13	4445	152	-13	13	4445	152	-13	13	4445
153	-17	17	4462	153	-17	17	4462	153	-17	17	4462	153	-17	17	4462	153	-17	17	4462	153	-17	17	4462	153	-17	17	4462	153	-17	17	4462	153	-17	17	4462	153	-17	17	4462	153	-17	17	4462	153	-17	17	4462	153	-17	17	4462
154	-13	13	4475	154	-13	13	4475	154	-13	13	4475	154	-13	13	4475	154	-13	13	4475	154	-13	13	4475	154	-13	13	4475	154	-13	13	4475	154	-13	13	4475	154	-13	13	4475	154	-13	13	4475	154	-13	13	4475	154	-13	13	4475
155	-118	19	4494	155	-118	19	4494	155	-118	19	4494	155	-118	19	4494	155	-118	19	4494	155	-118	19	4494	155	-118	19	4494	155	-118	19	4494	155	-118	19	4494	155	-118	19	4494	155	-118	19	4494	155	-118	19	4494	155	-118	19	4494
156	-126	27	4521	156	-126	27	4521	156	-126	27	4521	156	-126	27	4521	156	-126	27	4521	156	-126	27	4521	156	-126	27	4521	156	-126	27	4521	156	-126	27	4521	156	-126	27	4521	156	-126	27	4521	156	-126	27	4521	156	-126	27	4521
157	-124	25	4546	157	-124	25	4546	157	-124	25	4546	157	-124	25	4546	157	-124	25	4546	157	-124	25	4546	157	-124	25	4546	157	-124	25	4546	157	-124	25	4546	157	-124	25	4546	157	-124	25	4546	157	-124	25	4546	157	-124	25	4546
158	-18	18	4564	158	-18	18	4564	158	-18	18	4564	158	-18	18	4564	158	-18	18	4564	158	-18	18	4564	158	-18	18	4564	158	-18	18	4564	158	-18	18	4564	158	-18	18	4564	158	-18	18	4564	158	-18	18	4564	158	-18	18	4564
159	-14	14	4578	159	-14	14	4578	159	-14	14	4578	159	-14	14	4578	159	-14	14	4578	159	-14	14	4578	159	-14	14	4578	159	-14	14	4578	159	-14	14	4578	159	-14	14	4578	159	-14	14	4578	159	-14	14	4578	159	-14	14	4578
160	-13	13	4591	160	-13	13	4591	160	-13	13	4591	160	-13	13	4591	160	-13	13	4591	160	-13	13	4591	160	-13	13	4591	160	-13	13	4591	160	-13	13	4591	160	-13	13	4591	160	-13	13	4591	160	-13	13	4591	160	-13	13	4591
161	-15	15	4606	161	-15	15	4606	161	-15	15	4606	161	-15	15	4606	161	-15	15	4606	161	-15	15	4606	161	-15	15	4606	161	-15	15	4606	161	-15	15	4606	161	-15	15	4606	161	-15	15	4606	161	-15	15	4606	161	-15	15	4606
162	-17	17	4623	162	-17	17	4623	162	-17	17	4623	162	-17	17	4623	162	-17	17	4623	162	-17	17	4623	162	-17	17	4623	162	-17	17	4623	162	-17	17	4623	162	-17	17	4623	162	-17	17	4623	162	-17	17	4623	162	-17	17	4623
163	-15	15	4638	163	-15	15	4638	163	-15	15	4638	163	-15	15	4638	163	-15	15	4638	163	-15	15	4638	163	-15	15	4638	163	-15	15	4638	163	-15	15	4638	163	-15	15	4638	163	-15	15	4638	163	-15	15	4638	163	-15	15	4638
164	-17	17	4655	164	-17	17	4655	164	-17	17	4655	164	-17	17	4655	164	-17	17	4655	164	-17	17	4655	164	-17	17	4655	164	-17	17	4655	164	-17	17	4655	164	-17	17	4655	164	-17	17	4655	164	-17	17	4655	164	-17	17	4655
165	-13	13	4668	165	-13	13	4668	165	-13	13	4668	165	-13	13	4668	165	-13	13	4668	165	-13	13	4668	165	-13	13	4668	165	-13	13	4668	165	-13	13	4668	165	-13	13	4668	165	-13	13	4668	165	-13	13	4668	165	-13	13	4668
166	-13	13	4681	166	-13	13	4681	166	-13	13	4681	166	-13	13	4681	166	-13	13	4681	166	-13	13	4681	166	-13	13	4681	166	-13	13	4681	166	-13	13	4681	166	-13	13	4681	166	-13	13	4681	166	-13	13	4681	166	-13	13	4681
167	-117	18	4699	167	-117	18	4699	167	-117	18	4699	167	-117	18	4699	167	-117	18	4699	167	-117	18	4699	167	-117	18	4699	167	-117	18	4699	167	-117	18	4699	167	-117	18	4699	167	-117	18	4699	167	-117	18	4699	167	-117	18	4699
168	-13	13	4712	168	-13	13	4712	168	-13	13	4712	168	-13	13	4712	168	-13	13	4712	168	-13	13	4712	168	-13	13	4712	168	-13	13	4712	168	-13	13	4712	168	-13	13	4712	168	-13	13	4712	168	-13	13	4712	168	-13	13	4712
169	-13	13	4725	169	-13	13	4725	169	-13	13	4725	169	-13	13	4725	169	-13	13	4725	169	-13	13	4725	169	-13	13	4725	169	-13	13	4725	169	-13	13	4725	169	-13	13	4725	169	-13	13	4725	169	-13	13	4725	169	-13	13	4725
170	-118	19	4744	170	-118	19	4744	170	-118	19	4744	170	-118	19	4744	170	-118	19	4744	170	-118	19	4744	170	-118	19	4744	170	-118	19	4744	170	-118	19	4744	170	-118	19	4744	170	-118	19	4744	170	-118	19	4744	170	-118	19	4744
171	-15	15	4759	171	-15	15	4759	171	-15	15	4759	171	-15	15	4759	171	-15	15	4759	171	-15	15	4759	171	-15	15	4759	171	-15	15	4759	171	-15	15	4759	171	-15	15	4759	171	-15	15	4759	171	-15	15	4759	171	-15	15	4759
172	-13	13	4772	172	-13	13	4772	172	-13	13	4772	172	-13	13	4772	172	-13	13	4772	172	-13	13	4772	172	-13	13	4772	172	-13	13	4772	172	-13	13	4772	172	-13	13	4772	172	-13	13	4772	172	-13	13	4772	172	-13	13	4772
173	-24	24	4796	173	-24	24	4796	173	-24	24	4796	173	-24	24	4796	173	-24	24	4796	173	-24	24	4796	173	-24	24	4796	173	-24	24	4796	173	-24	24	4796	173	-24	24	4796	173	-24	24	4796	173	-24	24	4796	173	-24	24	4796
174	-15	15	4811	174	-15	15	4811	174	-15	15	4811	174	-15	15	4811	174	-15	15	4811	174	-15	15	4811	174	-15	15	4811	174	-15	15	4811	174	-15	15	4811	174	-15	15	4811	174	-15	15	4811	174	-15	15	4811	174	-15	15	4811
175	-13	13	4824	175	-13	13	4824	175	-13	13	4824	175	-13	13	4824	175	-13	13	4824	175	-13	13	4824	175	-13	13	4824	175	-13	13	4824	175	-13	13	4824	175	-13	13	4824	175	-13	13	4824	175	-13	13	4824	175	-13	13	4824
176	-17	17	4841	176	-17	17	4841	176	-17	17	4841	176	-17	17	4841	176	-17	17	4841	176	-17	17	4841	176	-17	17	4841	176	-17	17	4841	176	-17	17	4841	176	-17	17	4841	176	-17	17	4841	176	-17	17	4841	176	-17	17	4841
177	-334	37	4878	177	-334	37	4878	177	-334	37	4878	177	-334	37	4878	177	-334	37	4878	177	-334	37	4878	177	-334	37	4878	177	-334	37	4878	177	-334	37	4878	177	-334	37	4878	177	-334	37	4878	177	-334	37	4878	177	-334	37	4878
178	-15	15	4893	178	-15	15	4893	178	-15	15	4893	178	-15	15	4893	178	-15	15	4893	178	-15	15	4893	178	-15	15	4893	178	-15	15	4893	178	-15	15	4893	178	-15	15	4893	178	-15	15	4893	178	-15	15	4893	178	-15	15	4893
179	-13	13	4906	179	-13	13	4906	179	-13	13	4906	179	-13	13	4906	179	-13	13	4906	179	-13	13	4906	179	-13	13	4906	179	-13	13	4906	179	-13	13	4906	179	-13	13	4906	179	-13	13	4906	179	-13	13	4906	179	-13	13	4906
180	-222	24	4930	180	-222	24	4930	180	-222	24	4930	180	-222	24	4930	180	-222	24	4930	180	-222	24	4930	180	-222	24	4930	180	-222	24	4930	180	-222	24	4930	180	-222	24	4930	180	-222	24	4930	180	-222	24	4930	180	-222	24	4930
181	-13	13	4943	181	-13	13	4943	181	-13	13	4943	181	-13	13	4943	181	-13	13	4943	181	-13	13	4943	181	-13	13	4943	181	-13	13	4943	181	-13	13	4943	181	-13	13	4943	181	-13	13	4943	181	-13	13	4943	181	-13	13	4943
182	-13	13	4956	182	-13	13	4956	182	-13	13	4956	182	-13	13	4956	182	-13	13	4956	182	-13	13	4956	182	-13	13	4956	182	-13	13	4956	182	-13	13	4956	182	-13	13	4956	182	-13	13	4956	182	-13	13	4956	182	-13	13	4956
183	-15	15	4971	183	-15	15	4971	183	-15	15	4971	183	-15	15	4971	183	-15	15	4971	183	-15	15	4971	183	-15	15	4971	183	-15	15	4971	183	-15	15	4971	183	-15	15	4971	183	-15	15	4971	183	-15	15	4971	183	-15	15	4971
184	-13	13	4984	184	-13	13	4984	184	-13	13	4984	184	-13	13	4984	184	-13	13	4984	184	-13	13	4984	184	-13	13	4984	184	-13	13	4984	184	-13	13	4984	184	-13	13	4984	184	-13	13	4984	184	-13	13	4984	184	-13	13	4984
185	-117	18	5002	185	-117	18	5002	185	-117	18	5002	185	-117	18	5002	185	-117	18	5002	185	-117	18	5002	185	-117	18	5002	185	-117	18	5002	185	-117	18	5002	185	-117	18	5002	185	-117	18	5002	185	-117	18	5002	185	-117	18	5002
186	-13	13	5015	186	-13	13	5015	186	-13	13	5015	186	-13	13	5015	186	-13	13	5015	186	-13	13	5015	186	-13	13	5015	186	-13	13	5015	186	-13	13	5015	186	-13	13	5015	186	-13	13	5015	186	-13	13	5015	186	-13	13	5015
187	-17	17	5032	187	-17	17	5032	187	-17	17	5032	187	-17	17	5032	187	-17	17	5032	187	-17	17	5032	187	-17	17	5032	187	-17	17	5032	187	-17	17	5032	187	-17	17	5032	187	-17	17	5032	187	-17	17	5032	187	-17	17	5032
188	-15	15	5047	188	-15	15	5047	188	-15	15	5047	188	-15	15	5047	188	-15	15	5047	188	-15	15	5047	188	-15	15	5047	188	-15	15	5047	188	-15	15	5047	188	-15	15	5047	188	-15	15	5047	188	-15	15	5047	188	-15	15	5047
189	-17	17	5064	189	-17	17	5064	189	-17	17	5064	189	-17	17	5064	189	-17	17	5064	189	-17	17	5064	189	-17	17	5064	189	-17	17	5064	189	-17	17	5064	189	-17	17	5064	189	-17	17	5064	189	-17	17	5064	189	-17	17	5064
190	-15	15	5079	190	-15	15	5079	190	-15	15	5079	190	-15	15	5079	190	-15	15	5079	190	-15	15	5079	190	-15	15	5079	190	-15	15	5079	190	-15	15	5079	190	-15	15	5079	190	-15	15	5079	190	-15	15	5079	190	-15	15	5079
191	-13	13	5092	191	-13	13	5092	191	-13	13	5092	191	-13	13	5092	191	-13	13	5092	191	-13	13	5092	191	-13	13	5092	191	-13	13	5092	191	-13	13	5092	191	-13	13	5092	191	-13	13	5092	191	-13	13	5092	191	-13	13	5092
192	-13	13	5105	192	-13	13	5105	192	-13	13	5105	192	-13	13	5105	192	-13	13	5105	192	-13	13	5105	192	-13	13	5105	192	-13	13	5105	192	-13	13	5105	192	-13	13	5105	192	-13	13	5105	192	-13	13	5105	192	-13	13	5105
193	-13	13	5118	193	-13	13	5118	193	-13	13	5118	193	-13	13	5118	193	-13	13	5118	193	-13	13	5118	193	-13	13	5118	193	-13	13	5118	193	-13	13	5118	193	-13	13	5118	193	-13	13	5118	193	-13	13	5118	193	-13	13	5118
194	-124	25	5143	194	-124	25	5143	194	-124	25	5143	194	-124	25	5143	194	-124	25	5143	194	-124	25	5143	194	-124	25	5143	194	-124	25	5143	194	-124	25	5143	194	-124	25	5143	194	-124	25	5143	194	-124	25	5143	194	-124	25	5143
195	-19	19	5162	195	-19	19	5162	195	-19	19	5162	195	-19	19	5162	195	-19	19	5162	195	-19	19	5162	195	-19	19	5162	195	-19	19	5162	195	-19	19	5162	195	-19	19	5162	195	-19	19	5162	195	-19	19	5162	195	-19	19	5162
196	-14	14	5176	196	-14	14	5176	196	-14	14	5176	196	-14	14	5176	196	-14	14	5176	196	-14	14	5176	196	-14	14	5176	196	-14	14	5176	196	-14	14	5176	196	-14	14	5176	196	-14	14	5176	196	-14	14	5176	196	-14	14	5176
197	-13	13	5189	197	-13	13	5189	197	-13	13	5189	197	-13	13	5189	197	-13	13	5189	197	-13	13	5189	197	-13	13	5189	197	-13	13	5189	197	-13	13	5189	197	-13	13	5189	197	-13	13	5189	197	-13	13	5189	197	-13	13	5189
198	-13	13	5202	198	-13	13	5202	198	-13	13	5202	198	-13	13	5202	198	-13	13	5202	198	-13	13	5202	198	-13	13	5202	198	-13	13	5202	198	-13	13	5202	198	-13	13	5202	198	-13	13	5202	198	-13	13	5202	198	-13	13	5202
199	-115	16	5218	199	-115	16	5218	199	-115	16	5218	199	-115	16	5218	199	-115	16	5218	199	-115	16	5218	199	-115	16	5218	199	-115	16	5218	199	-115	16	5218	199	-115	16	5218	199	-115	16	5218	199	-115	16	5218	199	-115	16	5218
