Episode	Accumulated Reward	Length	Steps	Episode	Accumulated Reward	Length	Steps	Episode	Accumulated Reward	Length	Steps	Episode	Accumulated Reward	Length	Steps	Episode	Accumulated Reward	Length	Steps	Episode	Accumulated Reward	Length	Steps	Episode	Accumulated Reward	Length	Steps	Episode	Accumulated Reward	Length	Steps	Episode	Accumulated Reward	Length	Steps	Episode	Accumulated Reward	Length	Steps	Episode	Accumulated Reward	Length	Steps
0	-500.0	500	500	0	-500.0	500	500	0	-500.0	500	500	0	-500.0	500	500	0	-500.0	500	500	0	-500.0	500	500	0	-500.0	500	500	0	-500.0	500	500	0	-500.0	500	500	0	-500.0	500	500	0	-500.0	500	500
1	-500.0	500	1000	1	-500.0	500	1000	1	-500.0	500	1000	1	-500.0	500	1000	1	-500.0	500	1000	1	-500.0	500	1000	1	-500.0	500	1000	1	-500.0	500	1000	1	-500.0	500	1000	1	-500.0	500	1000	1	-500.0	500	1000
2	-500.0	500	1500	2	-500.0	500	1500	2	-500.0	500	1500	2	-500.0	500	1500	2	-500.0	500	1500	2	-500.0	500	1500	2	-500.0	500	1500	2	-500.0	500	1500	2	-500.0	500	1500	2	-500.0	500	1500	2	-500.0	500	1500
3	-500.0	500	2000	3	-500.0	500	2000	3	-500.0	500	2000	3	-500.0	500	2000	3	-500.0	500	2000	3	-500.0	500	2000	3	-500.0	500	2000	3	-500.0	500	2000	3	-500.0	500	2000	3	-500.0	500	2000	3	-500.0	500	2000
4	-333.0	333	2333	4	-333.0	333	2333	4	-333.0	333	2333	4	-333.0	333	2333	4	-333.0	333	2333	4	-333.0	333	2333	4	-333.0	333	2333	4	-333.0	333	2333	4	-333.0	333	2333	4	-333.0	333	2333	4	-333.0	333	2333
5	-230.0	230	2563	5	-230.0	230	2563	5	-230.0	230	2563	5	-230.0	230	2563	5	-230.0	230	2563	5	-230.0	230	2563	5	-230.0	230	2563	5	-230.0	230	2563	5	-230.0	230	2563	5	-230.0	230	2563	5	-230.0	230	2563
6	-500.0	500	3063	6	-500.0	500	3063	6	-500.0	500	3063	6	-500.0	500	3063	6	-500.0	500	3063	6	-500.0	500	3063	6	-500.0	500	3063	6	-500.0	500	3063	6	-500.0	500	3063	6	-500.0	500	3063	6	-500.0	500	3063
7	-258.0	258	3321	7	-258.0	258	3321	7	-258.0	258	3321	7	-258.0	258	3321	7	-258.0	258	3321	7	-258.0	258	3321	7	-258.0	258	3321	7	-258.0	258	3321	7	-258.0	258	3321	7	-258.0	258	3321	7	-258.0	258	3321
8	-270.0	270	3591	8	-270.0	270	3591	8	-270.0	270	3591	8	-270.0	270	3591	8	-270.0	270	3591	8	-270.0	270	3591	8	-270.0	270	3591	8	-270.0	270	3591	8	-270.0	270	3591	8	-270.0	270	3591	8	-270.0	270	3591
9	-184.0	184	3775	9	-184.0	184	3775	9	-184.0	184	3775	9	-184.0	184	3775	9	-184.0	184	3775	9	-184.0	184	3775	9	-184.0	184	3775	9	-184.0	184	3775	9	-184.0	184	3775	9	-184.0	184	3775	9	-184.0	184	3775
10	-283.0	283	4058	10	-283.0	283	4058	10	-283.0	283	4058	10	-283.0	283	4058	10	-283.0	283	4058	10	-283.0	283	4058	10	-283.0	283	4058	10	-283.0	283	4058	10	-283.0	283	4058	10	-283.0	283	4058	10	-283.0	283	4058
11	-197.0	197	4255	11	-197.0	197	4255	11	-197.0	197	4255	11	-197.0	197	4255	11	-197.0	197	4255	11	-197.0	197	4255	11	-197.0	197	4255	11	-197.0	197	4255	11	-197.0	197	4255	11	-197.0	197	4255	11	-197.0	197	4255
12	-197.0	197	4452	12	-197.0	197	4452	12	-197.0	197	4452	12	-197.0	197	4452	12	-197.0	197	4452	12	-197.0	197	4452	12	-197.0	197	4452	12	-197.0	197	4452	12	-197.0	197	4452	12	-197.0	197	4452	12	-197.0	197	4452
13	-272.0	272	4724	13	-272.0	272	4724	13	-272.0	272	4724	13	-272.0	272	4724	13	-272.0	272	4724	13	-272.0	272	4724	13	-272.0	272	4724	13	-272.0	272	4724	13	-272.0	272	4724	13	-272.0	272	4724	13	-272.0	272	4724
14	-264.0	264	4988	14	-264.0	264	4988	14	-264.0	264	4988	14	-264.0	264	4988	14	-264.0	264	4988	14	-264.0	264	4988	14	-264.0	264	4988	14	-264.0	264	4988	14	-264.0	264	4988	14	-264.0	264	4988	14	-264.0	264	4988
15	-165.0	165	5153	15	-165.0	165	5153	15	-165.0	165	5153	15	-165.0	165	5153	15	-165.0	165	5153	15	-165.0	165	5153	15	-165.0	165	5153	15	-165.0	165	5153	15	-165.0	165	5153	15	-165.0	165	5153	15	-165.0	165	5153
16	-234.0	234	5387	16	-234.0	234	5387	16	-234.0	234	5387	16	-234.0	234	5387	16	-234.0	234	5387	16	-234.0	234	5387	16	-234.0	234	5387	16	-234.0	234	5387	16	-234.0	234	5387	16	-234.0	234	5387	16	-234.0	234	5387
17	-155.0	155	5542	17	-155.0	155	5542	17	-155.0	155	5542	17	-155.0	155	5542	17	-155.0	155	5542	17	-155.0	155	5542	17	-155.0	155	5542	17	-155.0	155	5542	17	-155.0	155	5542	17	-155.0	155	5542	17	-155.0	155	5542
18	-210.0	210	5752	18	-210.0	210	5752	18	-210.0	210	5752	18	-210.0	210	5752	18	-210.0	210	5752	18	-210.0	210	5752	18	-210.0	210	5752	18	-210.0	210	5752	18	-210.0	210	5752	18	-210.0	210	5752	18	-210.0	210	5752
19	-220.0	220	5972	19	-220.0	220	5972	19	-220.0	220	5972	19	-220.0	220	5972	19	-220.0	220	5972	19	-220.0	220	5972	19	-220.0	220	5972	19	-220.0	220	5972	19	-220.0	220	5972	19	-220.0	220	5972	19	-220.0	220	5972
20	-163.0	163	6135	20	-163.0	163	6135	20	-163.0	163	6135	20	-163.0	163	6135	20	-163.0	163	6135	20	-163.0	163	6135	20	-163.0	163	6135	20	-163.0	163	6135	20	-163.0	163	6135	20	-163.0	163	6135	20	-163.0	163	6135
21	-196.0	196	6331	21	-196.0	196	6331	21	-196.0	196	6331	21	-196.0	196	6331	21	-196.0	196	6331	21	-196.0	196	6331	21	-196.0	196	6331	21	-196.0	196	6331	21	-196.0	196	6331	21	-196.0	196	6331	21	-196.0	196	6331
22	-223.0	223	6554	22	-223.0	223	6554	22	-223.0	223	6554	22	-223.0	223	6554	22	-223.0	223	6554	22	-223.0	223	6554	22	-223.0	223	6554	22	-223.0	223	6554	22	-223.0	223	6554	22	-223.0	223	6554	22	-223.0	223	6554
23	-151.0	151	6705	23	-151.0	151	6705	23	-151.0	151	6705	23	-151.0	151	6705	23	-151.0	151	6705	23	-151.0	151	6705	23	-151.0	151	6705	23	-151.0	151	6705	23	-151.0	151	6705	23	-151.0	151	6705	23	-151.0	151	6705
24	-192.0	192	6897	24	-192.0	192	6897	24	-192.0	192	6897	24	-192.0	192	6897	24	-192.0	192	6897	24	-192.0	192	6897	24	-192.0	192	6897	24	-192.0	192	6897	24	-192.0	192	6897	24	-192.0	192	6897	24	-192.0	192	6897
25	-153.0	153	7050	25	-153.0	153	7050	25	-153.0	153	7050	25	-153.0	153	7050	25	-153.0	153	7050	25	-153.0	153	7050	25	-153.0	153	7050	25	-153.0	153	7050	25	-153.0	153	7050	25	-153.0	153	7050	25	-153.0	153	7050
26	-157.0	157	7207	26	-157.0	157	7207	26	-157.0	157	7207	26	-157.0	157	7207	26	-157.0	157	7207	26	-157.0	157	7207	26	-157.0	157	7207	26	-157.0	157	7207	26	-157.0	157	7207	26	-157.0	157	7207	26	-157.0	157	7207
27	-157.0	157	7364	27	-157.0	157	7364	27	-157.0	157	7364	27	-157.0	157	7364	27	-157.0	157	7364	27	-157.0	157	7364	27	-157.0	157	7364	27	-157.0	157	7364	27	-157.0	157	7364	27	-157.0	157	7364	27	-157.0	157	7364
28	-150.0	150	7514	28	-150.0	150	7514	28	-150.0	150	7514	28	-150.0	150	7514	28	-150.0	150	7514	28	-150.0	150	7514	28	-150.0	150	7514	28	-150.0	150	7514	28	-150.0	150	7514	28	-150.0	150	7514	28	-150.0	150	7514
29	-152.0	152	7666	29	-152.0	152	7666	29	-152.0	152	7666	29	-152.0	152	7666	29	-152.0	152	7666	29	-152.0	152	7666	29	-152.0	152	7666	29	-152.0	152	7666	29	-152.0	152	7666	29	-152.0	152	7666	29	-152.0	152	7666
30	-153.0	153	7819	30	-153.0	153	7819	30	-153.0	153	7819	30	-153.0	153	7819	30	-153.0	153	7819	30	-153.0	153	7819	30	-153.0	153	7819	30	-153.0	153	7819	30	-153.0	153	7819	30	-153.0	153	7819	30	-153.0	153	7819
31	-145.0	145	7964	31	-145.0	145	7964	31	-145.0	145	7964	31	-145.0	145	7964	31	-145.0	145	7964	31	-145.0	145	7964	31	-145.0	145	7964	31	-145.0	145	7964	31	-145.0	145	7964	31	-145.0	145	7964	31	-145.0	145	7964
32	-184.0	184	8148	32	-184.0	184	8148	32	-184.0	184	8148	32	-184.0	184	8148	32	-184.0	184	8148	32	-184.0	184	8148	32	-184.0	184	8148	32	-184.0	184	8148	32	-184.0	184	8148	32	-184.0	184	8148	32	-184.0	184	8148
33	-188.0	188	8336	33	-188.0	188	8336	33	-188.0	188	8336	33	-188.0	188	8336	33	-188.0	188	8336	33	-188.0	188	8336	33	-188.0	188	8336	33	-188.0	188	8336	33	-188.0	188	8336	33	-188.0	188	8336	33	-188.0	188	8336
34	-242.0	242	8578	34	-242.0	242	8578	34	-242.0	242	8578	34	-242.0	242	8578	34	-242.0	242	8578	34	-242.0	242	8578	34	-242.0	242	8578	34	-242.0	242	8578	34	-242.0	242	8578	34	-242.0	242	8578	34	-242.0	242	8578
35	-150.0	150	8728	35	-150.0	150	8728	35	-150.0	150	8728	35	-150.0	150	8728	35	-150.0	150	8728	35	-150.0	150	8728	35	-150.0	150	8728	35	-150.0	150	8728	35	-150.0	150	8728	35	-150.0	150	8728	35	-150.0	150	8728
36	-146.0	146	8874	36	-146.0	146	8874	36	-146.0	146	8874	36	-146.0	146	8874	36	-146.0	146	8874	36	-146.0	146	8874	36	-146.0	146	8874	36	-146.0	146	8874	36	-146.0	146	8874	36	-146.0	146	8874	36	-146.0	146	8874
37	-235.0	235	9109	37	-235.0	235	9109	37	-235.0	235	9109	37	-235.0	235	9109	37	-235.0	235	9109	37	-235.0	235	9109	37	-235.0	235	9109	37	-235.0	235	9109	37	-235.0	235	9109	37	-235.0	235	9109	37	-235.0	235	9109
38	-152.0	152	9261	38	-152.0	152	9261	38	-152.0	152	9261	38	-152.0	152	9261	38	-152.0	152	9261	38	-152.0	152	9261	38	-152.0	152	9261	38	-152.0	152	9261	38	-152.0	152	9261	38	-152.0	152	9261	38	-152.0	152	9261
39	-179.0	179	9440	39	-179.0	179	9440	39	-179.0	179	9440	39	-179.0	179	9440	39	-179.0	179	9440	39	-179.0	179	9440	39	-179.0	179	9440	39	-179.0	179	9440	39	-179.0	179	9440	39	-179.0	179	9440	39	-179.0	179	9440
40	-175.0	175	9615	40	-175.0	175	9615	40	-175.0	175	9615	40	-175.0	175	9615	40	-175.0	175	9615	40	-175.0	175	9615	40	-175.0	175	9615	40	-175.0	175	9615	40	-175.0	175	9615	40	-175.0	175	9615	40	-175.0	175	9615
41	-146.0	146	9761	41	-146.0	146	9761	41	-146.0	146	9761	41	-146.0	146	9761	41	-146.0	146	9761	41	-146.0	146	9761	41	-146.0	146	9761	41	-146.0	146	9761	41	-146.0	146	9761	41	-146.0	146	9761	41	-146.0	146	9761
42	-148.0	148	9909	42	-148.0	148	9909	42	-148.0	148	9909	42	-148.0	148	9909	42	-148.0	148	9909	42	-148.0	148	9909	42	-148.0	148	9909	42	-148.0	148	9909	42	-148.0	148	9909	42	-148.0	148	9909	42	-148.0	148	9909
43	-193.0	193	10102	43	-193.0	193	10102	43	-193.0	193	10102	43	-193.0	193	10102	43	-193.0	193	10102	43	-193.0	193	10102	43	-193.0	193	10102	43	-193.0	193	10102	43	-193.0	193	10102	43	-193.0	193	10102	43	-193.0	193	10102
44	-141.0	141	10243	44	-141.0	141	10243	44	-141.0	141	10243	44	-141.0	141	10243	44	-141.0	141	10243	44	-141.0	141	10243	44	-141.0	141	10243	44	-141.0	141	10243	44	-141.0	141	10243	44	-141.0	141	10243	44	-141.0	141	10243
45	-142.0	142	10385	45	-142.0	142	10385	45	-142.0	142	10385	45	-142.0	142	10385	45	-142.0	142	10385	45	-142.0	142	10385	45	-142.0	142	10385	45	-142.0	142	10385	45	-142.0	142	10385	45	-142.0	142	10385	45	-142.0	142	10385
46	-143.0	143	10528	46	-143.0	143	10528	46	-143.0	143	10528	46	-143.0	143	10528	46	-143.0	143	10528	46	-143.0	143	10528	46	-143.0	143	10528	46	-143.0	143	10528	46	-143.0	143	10528	46	-143.0	143	10528	46	-143.0	143	10528
47	-155.0	155	10683	47	-155.0	155	10683	47	-155.0	155	10683	47	-155.0	155	10683	47	-155.0	155	10683	47	-155.0	155	10683	47	-155.0	155	10683	47	-155.0	155	10683	47	-155.0	155	10683	47	-155.0	155	10683	47	-155.0	155	10683
48	-145.0	145	10828	48	-145.0	145	10828	48	-145.0	145	10828	48	-145.0	145	10828	48	-145.0	145	10828	48	-145.0	145	10828	48	-145.0	145	10828	48	-145.0	145	10828	48	-145.0	145	10828	48	-145.0	145	10828	48	-145.0	145	10828
49	-147.0	147	10975	49	-147.0	147	10975	49	-147.0	147	10975	49	-147.0	147	10975	49	-147.0	147	10975	49	-147.0	147	10975	49	-147.0	147	10975	49	-147.0	147	10975	49	-147.0	147	10975	49	-147.0	147	10975	49	-147.0	147	10975
50	-148.0	148	11123	50	-148.0	148	11123	50	-148.0	148	11123	50	-148.0	148	11123	50	-148.0	148	11123	50	-148.0	148	11123	50	-148.0	148	11123	50	-148.0	148	11123	50	-148.0	148	11123	50	-148.0	148	11123	50	-148.0	148	11123
51	-133.0	133	11256	51	-133.0	133	11256	51	-133.0	133	11256	51	-133.0	133	11256	51	-133.0	133	11256	51	-133.0	133	11256	51	-133.0	133	11256	51	-133.0	133	11256	51	-133.0	133	11256	51	-133.0	133	11256	51	-133.0	133	11256
52	-165.0	165	11421	52	-165.0	165	11421	52	-165.0	165	11421	52	-165.0	165	11421	52	-165.0	165	11421	52	-165.0	165	11421	52	-165.0	165	11421	52	-165.0	165	11421	52	-165.0	165	11421	52	-165.0	165	11421	52	-165.0	165	11421
53	-154.0	154	11575	53	-154.0	154	11575	53	-154.0	154	11575	53	-154.0	154	11575	53	-154.0	154	11575	53	-154.0	154	11575	53	-154.0	154	11575	53	-154.0	154	11575	53	-154.0	154	11575	53	-154.0	154	11575	53	-154.0	154	11575
54	-150.0	150	11725	54	-150.0	150	11725	54	-150.0	150	11725	54	-150.0	150	11725	54	-150.0	150	11725	54	-150.0	150	11725	54	-150.0	150	11725	54	-150.0	150	11725	54	-150.0	150	11725	54	-150.0	150	11725	54	-150.0	150	11725
55	-145.0	145	11870	55	-145.0	145	11870	55	-145.0	145	11870	55	-145.0	145	11870	55	-145.0	145	11870	55	-145.0	145	11870	55	-145.0	145	11870	55	-145.0	145	11870	55	-145.0	145	11870	55	-145.0	145	11870	55	-145.0	145	11870
56	-142.0	142	12012	56	-142.0	142	12012	56	-142.0	142	12012	56	-142.0	142	12012	56	-142.0	142	12012	56	-142.0	142	12012	56	-142.0	142	12012	56	-142.0	142	12012	56	-142.0	142	12012	56	-142.0	142	12012	56	-142.0	142	12012
57	-143.0	143	12155	57	-143.0	143	12155	57	-143.0	143	12155	57	-143.0	143	12155	57	-143.0	143	12155	57	-143.0	143	12155	57	-143.0	143	12155	57	-143.0	143	12155	57	-143.0	143	12155	57	-143.0	143	12155	57	-143.0	143	12155
58	-141.0	141	12296	58	-141.0	141	12296	58	-141.0	141	12296	58	-141.0	141	12296	58	-141.0	141	12296	58	-141.0	141	12296	58	-141.0	141	12296	58	-141.0	141	12296	58	-141.0	141	12296	58	-141.0	141	12296	58	-141.0	141	12296
59	-147.0	147	12443	59	-147.0	147	12443	59	-147.0	147	12443	59	-147.0	147	12443	59	-147.0	147	12443	59	-147.0	147	12443	59	-147.0	147	12443	59	-147.0	147	12443	59	-147.0	147	12443	59	-147.0	147	12443	59	-147.0	147	12443
60	-150.0	150	12593	60	-150.0	150	12593	60	-150.0	150	12593	60	-150.0	150	12593	60	-150.0	150	12593	60	-150.0	150	12593	60	-150.0	150	12593	60	-150.0	150	12593	60	-150.0	150	12593	60	-150.0	150	12593	60	-150.0	150	12593
61	-141.0	141	12734	61	-141.0	141	12734	61	-141.0	141	12734	61	-141.0	141	12734	61	-141.0	141	12734	61	-141.0	141	12734	61	-141.0	141	12734	61	-141.0	141	12734	61	-141.0	141	12734	61	-141.0	141	12734	61	-141.0	141	12734
62	-148.0	148	12882	62	-148.0	148	12882	62	-148.0	148	12882	62	-148.0	148	12882	62	-148.0	148	12882	62	-148.0	148	12882	62	-148.0	148	12882	62	-148.0	148	12882	62	-148.0	148	12882	62	-148.0	148	12882	62	-148.0	148	12882
63	-147.0	147	13029	63	-147.0	147	13029	63	-147.0	147	13029	63	-147.0	147	13029	63	-147.0	147	13029	63	-147.0	147	13029	63	-147.0	147	13029	63	-147.0	147	13029	63	-147.0	147	13029	63	-147.0	147	13029	63	-147.0	147	13029
64	-142.0	142	13171	64	-142.0	142	13171	64	-142.0	142	13171	64	-142.0	142	13171	64	-142.0	142	13171	64	-142.0	142	13171	64	-142.0	142	13171	64	-142.0	142	13171	64	-142.0	142	13171	64	-142.0	142	13171	64	-142.0	142	13171
65	-146.0	146	13317	65	-146.0	146	13317	65	-146.0	146	13317	65	-146.0	146	13317	65	-146.0	146	13317	65	-146.0	146	13317	65	-146.0	146	13317	65	-146.0	146	13317	65	-146.0	146	13317	65	-146.0	146	13317	65	-146.0	146	13317
66	-112.0	112	13429	66	-112.0	112	13429	66	-112.0	112	13429	66	-112.0	112	13429	66	-112.0	112	13429	66	-112.0	112	13429	66	-112.0	112	13429	66	-112.0	112	13429	66	-112.0	112	13429	66	-112.0	112	13429	66	-112.0	112	13429
67	-111.0	111	13540	67	-111.0	111	13540	67	-111.0	111	13540	67	-111.0	111	13540	67	-111.0	111	13540	67	-111.0	111	13540	67	-111.0	111	13540	67	-111.0	111	13540	67	-111.0	111	13540	67	-111.0	111	13540	67	-111.0	111	13540
68	-121.0	121	13661	68	-121.0	121	13661	68	-121.0	121	13661	68	-121.0	121	13661	68	-121.0	121	13661	68	-121.0	121	13661	68	-121.0	121	13661	68	-121.0	121	13661	68	-121.0	121	13661	68	-121.0	121	13661	68	-121.0	121	13661
69	-182.0	182	13843	69	-182.0	182	13843	69	-182.0	182	13843	69	-182.0	182	13843	69	-182.0	182	13843	69	-182.0	182	13843	69	-182.0	182	13843	69	-182.0	182	13843	69	-182.0	182	13843	69	-182.0	182	13843	69	-182.0	182	13843
70	-180.0	180	14023	70	-180.0	180	14023	70	-180.0	180	14023	70	-180.0	180	14023	70	-180.0	180	14023	70	-180.0	180	14023	70	-180.0	180	14023	70	-180.0	180	14023	70	-180.0	180	14023	70	-180.0	180	14023	70	-180.0	180	14023
71	-113.0	113	14136	71	-113.0	113	14136	71	-113.0	113	14136	71	-113.0	113	14136	71	-113.0	113	14136	71	-113.0	113	14136	71	-113.0	113	14136	71	-113.0	113	14136	71	-113.0	113	14136	71	-113.0	113	14136	71	-113.0	113	14136
72	-155.0	155	14291	72	-155.0	155	14291	72	-155.0	155	14291	72	-155.0	155	14291	72	-155.0	155	14291	72	-155.0	155	14291	72	-155.0	155	14291	72	-155.0	155	14291	72	-155.0	155	14291	72	-155.0	155	14291	72	-155.0	155	14291
73	-144.0	144	14435	73	-144.0	144	14435	73	-144.0	144	14435	73	-144.0	144	14435	73	-144.0	144	14435	73	-144.0	144	14435	73	-144.0	144	14435	73	-144.0	144	14435	73	-144.0	144	14435	73	-144.0	144	14435	73	-144.0	144	14435
74	-149.0	149	14584	74	-149.0	149	14584	74	-149.0	149	14584	74	-149.0	149	14584	74	-149.0	149	14584	74	-149.0	149	14584	74	-149.0	149	14584	74	-149.0	149	14584	74	-149.0	149	14584	74	-149.0	149	14584	74	-149.0	149	14584
75	-155.0	155	14739	75	-155.0	155	14739	75	-155.0	155	14739	75	-155.0	155	14739	75	-155.0	155	14739	75	-155.0	155	14739	75	-155.0	155	14739	75	-155.0	155	14739	75	-155.0	155	14739	75	-155.0	155	14739	75	-155.0	155	14739
76	-132.0	132	14871	76	-132.0	132	14871	76	-132.0	132	14871	76	-132.0	132	14871	76	-132.0	132	14871	76	-132.0	132	14871	76	-132.0	132	14871	76	-132.0	132	14871	76	-132.0	132	14871	76	-132.0	132	14871	76	-132.0	132	14871
77	-112.0	112	14983	77	-112.0	112	14983	77	-112.0	112	14983	77	-112.0	112	14983	77	-112.0	112	14983	77	-112.0	112	14983	77	-112.0	112	14983	77	-112.0	112	14983	77	-112.0	112	14983	77	-112.0	112	14983	77	-112.0	112	14983
78	-129.0	129	15112	78	-129.0	129	15112	78	-129.0	129	15112	78	-129.0	129	15112	78	-129.0	129	15112	78	-129.0	129	15112	78	-129.0	129	15112	78	-129.0	129	15112	78	-129.0	129	15112	78	-129.0	129	15112	78	-129.0	129	15112
79	-150.0	150	15262	79	-150.0	150	15262	79	-150.0	150	15262	79	-150.0	150	15262	79	-150.0	150	15262	79	-150.0	150	15262	79	-150.0	150	15262	79	-150.0	150	15262	79	-150.0	150	15262	79	-150.0	150	15262	79	-150.0	150	15262
80	-158.0	158	15420	80	-158.0	158	15420	80	-158.0	158	15420	80	-158.0	158	15420	80	-158.0	158	15420	80	-158.0	158	15420	80	-158.0	158	15420	80	-158.0	158	15420	80	-158.0	158	15420	80	-158.0	158	15420	80	-158.0	158	15420
81	-160.0	160	15580	81	-160.0	160	15580	81	-160.0	160	15580	81	-160.0	160	15580	81	-160.0	160	15580	81	-160.0	160	15580	81	-160.0	160	15580	81	-160.0	160	15580	81	-160.0	160	15580	81	-160.0	160	15580	81	-160.0	160	15580
82	-108.0	108	15688	82	-108.0	108	15688	82	-108.0	108	15688	82	-108.0	108	15688	82	-108.0	108	15688	82	-108.0	108	15688	82	-108.0	108	15688	82	-108.0	108	15688	82	-108.0	108	15688	82	-108.0	108	15688	82	-108.0	108	15688
83	-107.0	107	15795	83	-107.0	107	15795	83	-107.0	107	15795	83	-107.0	107	15795	83	-107.0	107	15795	83	-107.0	107	15795	83	-107.0	107	15795	83	-107.0	107	15795	83	-107.0	107	15795	83	-107.0	107	15795	83	-107.0	107	15795
84	-160.0	160	15955	84	-160.0	160	15955	84	-160.0	160	15955	84	-160.0	160	15955	84	-160.0	160	15955	84	-160.0	160	15955	84	-160.0	160	15955	84	-160.0	160	15955	84	-160.0	160	15955	84	-160.0	160	15955	84	-160.0	160	15955
85	-154.0	154	16109	85	-154.0	154	16109	85	-154.0	154	16109	85	-154.0	154	16109	85	-154.0	154	16109	85	-154.0	154	16109	85	-154.0	154	16109	85	-154.0	154	16109	85	-154.0	154	16109	85	-154.0	154	16109	85	-154.0	154	16109
86	-109.0	109	16218	86	-109.0	109	16218	86	-109.0	109	16218	86	-109.0	109	16218	86	-109.0	109	16218	86	-109.0	109	16218	86	-109.0	109	16218	86	-109.0	109	16218	86	-109.0	109	16218	86	-109.0	109	16218	86	-109.0	109	16218
87	-108.0	108	16326	87	-108.0	108	16326	87	-108.0	108	16326	87	-108.0	108	16326	87	-108.0	108	16326	87	-108.0	108	16326	87	-108.0	108	16326	87	-108.0	108	16326	87	-108.0	108	16326	87	-108.0	108	16326	87	-108.0	108	16326
88	-107.0	107	16433	88	-107.0	107	16433	88	-107.0	107	16433	88	-107.0	107	16433	88	-107.0	107	16433	88	-107.0	107	16433	88	-107.0	107	16433	88	-107.0	107	16433	88	-107.0	107	16433	88	-107.0	107	16433	88	-107.0	107	16433
89	-115.0	115	16548	89	-115.0	115	16548	89	-115.0	115	16548	89	-115.0	115	16548	89	-115.0	115	16548	89	-115.0	115	16548	89	-115.0	115	16548	89	-115.0	115	16548	89	-115.0	115	16548	89	-115.0	115	16548	89	-115.0	115	16548
90	-179.0	179	16727	90	-179.0	179	16727	90	-179.0	179	16727	90	-179.0	179	16727	90	-179.0	179	16727	90	-179.0	179	16727	90	-179.0	179	16727	90	-179.0	179	16727	90	-179.0	179	16727	90	-179.0	179	16727	90	-179.0	179	16727
91	-136.0	136	16863	91	-136.0	136	16863	91	-136.0	136	16863	91	-136.0	136	16863	91	-136.0	136	16863	91	-136.0	136	16863	91	-136.0	136	16863	91	-136.0	136	16863	91	-136.0	136	16863	91	-136.0	136	16863	91	-136.0	136	16863
92	-137.0	137	17000	92	-137.0	137	17000	92	-137.0	137	17000	92	-137.0	137	17000	92	-137.0	137	17000	92	-137.0	137	17000	92	-137.0	137	17000	92	-137.0	137	17000	92	-137.0	137	17000	92	-137.0	137	17000	92	-137.0	137	17000
93	-164.0	164	17164	93	-164.0	164	17164	93	-164.0	164	17164	93	-164.0	164	17164	93	-164.0	164	17164	93	-164.0	164	17164	93	-164.0	164	17164	93	-164.0	164	17164	93	-164.0	164	17164	93	-164.0	164	17164	93	-164.0	164	17164
94	-135.0	135	17299	94	-135.0	135	17299	94	-135.0	135	17299	94	-135.0	135	17299	94	-135.0	135	17299	94	-135.0	135	17299	94	-135.0	135	17299	94	-135.0	135	17299	94	-135.0	135	17299	94	-135.0	135	17299	94	-135.0	135	17299
95	-135.0	135	17434	95	-135.0	135	17434	95	-135.0	135	17434	95	-135.0	135	17434	95	-135.0	135	17434	95	-135.0	135	17434	95	-135.0	135	17434	95	-135.0	135	17434	95	-135.0	135	17434	95	-135.0	135	17434	95	-135.0	135	17434
96	-156.0	156	17590	96	-156.0	156	17590	96	-156.0	156	17590	96	-156.0	156	17590	96	-156.0	156	17590	96	-156.0	156	17590	96	-156.0	156	17590	96	-156.0	156	17590	96	-156.0	156	17590	96	-156.0	156	17590	96	-156.0	156	17590
97	-163.0	163	17753	97	-163.0	163	17753	97	-163.0	163	17753	97	-163.0	163	17753	97	-163.0	163	17753	97	-163.0	163	17753	97	-163.0	163	17753	97	-163.0	163	17753	97	-163.0	163	17753	97	-163.0	163	17753	97	-163.0	163	17753
98	-141.0	141	17894	98	-141.0	141	17894	98	-141.0	141	17894	98	-141.0	141	17894	98	-141.0	141	17894	98	-141.0	141	17894	98	-141.0	141	17894	98	-141.0	141	17894	98	-141.0	141	17894	98	-141.0	141	17894	98	-141.0	141	17894
99	-138.0	138	18032	99	-138.0	138	18032	99	-138.0	138	18032	99	-138.0	138	18032	99	-138.0	138	18032	99	-138.0	138	18032	99	-138.0	138	18032	99	-138.0	138	18032	99	-138.0	138	18032	99	-138.0	138	18032	99	-138.0	138	18032
100	-145.0	145	18177	100	-145.0	145	18177	100	-145.0	145	18177	100	-145.0	145	18177	100	-145.0	145	18177	100	-145.0	145	18177	100	-145.0	145	18177	100	-145.0	145	18177	100	-145.0	145	18177	100	-145.0	145	18177	100	-145.0	145	18177
101	-140.0	140	18317	101	-140.0	140	18317	101	-140.0	140	18317	101	-140.0	140	18317	101	-140.0	140	18317	101	-140.0	140	18317	101	-140.0	140	18317	101	-140.0	140	18317	101	-140.0	140	18317	101	-140.0	140	18317	101	-140.0	140	18317
102	-140.0	140	18457	102	-140.0	140	18457	102	-140.0	140	18457	102	-140.0	140	18457	102	-140.0	140	18457	102	-140.0	140	18457	102	-140.0	140	18457	102	-140.0	140	18457	102	-140.0	140	18457	102	-140.0	140	18457	102	-140.0	140	18457
103	-131.0	131	18588	103	-131.0	131	18588	103	-131.0	131	18588	103	-131.0	131	18588	103	-131.0	131	18588	103	-131.0	131	18588	103	-131.0	131	18588	103	-131.0	131	18588	103	-131.0	131	18588	103	-131.0	131	18588	103	-131.0	131	18588
104	-132.0	132	18720	104	-132.0	132	18720	104	-132.0	132	18720	104	-132.0	132	18720	104	-132.0	132	18720	104	-132.0	132	18720	104	-132.0	132	18720	104	-132.0	132	18720	104	-132.0	132	18720	104	-132.0	132	18720	104	-132.0	132	18720
105	-138.0	138	18858	105	-138.0	138	18858	105	-138.0	138	18858	105	-138.0	138	18858	105	-138.0	138	18858	105	-138.0	138	18858	105	-138.0	138	18858	105	-138.0	138	18858	105	-138.0	138	18858	105	-138.0	138	18858	105	-138.0	138	18858
106	-130.0	130	18988	106	-130.0	130	18988	106	-130.0	130	18988	106	-130.0	130	18988	106	-130.0	130	18988	106	-130.0	130	18988	106	-130.0	130	18988	106	-130.0	130	18988	106	-130.0	130	18988	106	-130.0	130	18988	106	-130.0	130	18988
107	-138.0	138	19126	107	-138.0	138	19126	107	-138.0	138	19126	107	-138.0	138	19126	107	-138.0	138	19126	107	-138.0	138	19126	107	-138.0	138	19126	107	-138.0	138	19126	107	-138.0	138	19126	107	-138.0	138	19126	107	-138.0	138	19126
108	-108.0	108	19234	108	-108.0	108	19234	108	-108.0	108	19234	108	-108.0	108	19234	108	-108.0	108	19234	108	-108.0	108	19234	108	-108.0	108	19234	108	-108.0	108	19234	108	-108.0	108	19234	108	-108.0	108	19234	108	-108.0	108	19234
109	-109.0	109	19343	109	-109.0	109	19343	109	-109.0	109	19343	109	-109.0	109	19343	109	-109.0	109	19343	109	-109.0	109	19343	109	-109.0	109	19343	109	-109.0	109	19343	109	-109.0	109	19343	109	-109.0	109	19343	109	-109.0	109	19343
110	-107.0	107	19450	110	-107.0	107	19450	110	-107.0	107	19450	110	-107.0	107	19450	110	-107.0	107	19450	110	-107.0	107	19450	110	-107.0	107	19450	110	-107.0	107	19450	110	-107.0	107	19450	110	-107.0	107	19450	110	-107.0	107	19450
111	-139.0	139	19589	111	-139.0	139	19589	111	-139.0	139	19589	111	-139.0	139	19589	111	-139.0	139	19589	111	-139.0	139	19589	111	-139.0	139	19589	111	-139.0	139	19589	111	-139.0	139	19589	111	-139.0	139	19589	111	-139.0	139	19589
112	-107.0	107	19696	112	-107.0	107	19696	112	-107.0	107	19696	112	-107.0	107	19696	112	-107.0	107	19696	112	-107.0	107	19696	112	-107.0	107	19696	112	-107.0	107	19696	112	-107.0	107	19696	112	-107.0	107	19696	112	-107.0	107	19696
113	-144.0	144	19840	113	-144.0	144	19840	113	-144.0	144	19840	113	-144.0	144	19840	113	-144.0	144	19840	113	-144.0	144	19840	113	-144.0	144	19840	113	-144.0	144	19840	113	-144.0	144	19840	113	-144.0	144	19840	113	-144.0	144	19840
114	-137.0	137	19977	114	-137.0	137	19977	114	-137.0	137	19977	114	-137.0	137	19977	114	-137.0	137	19977	114	-137.0	137	19977	114	-137.0	137	19977	114	-137.0	137	19977	114	-137.0	137	19977	114	-137.0	137	19977	114	-137.0	137	19977
115	-106.0	106	20083	115	-106.0	106	20083	115	-106.0	106	20083	115	-106.0	106	20083	115	-106.0	106	20083	115	-106.0	106	20083	115	-106.0	106	20083	115	-106.0	106	20083	115	-106.0	106	20083	115	-106.0	106	20083	115	-106.0	106	20083
116	-146.0	146	20229	116	-146.0	146	20229	116	-146.0	146	20229	116	-146.0	146	20229	116	-146.0	146	20229	116	-146.0	146	20229	116	-146.0	146	20229	116	-146.0	146	20229	116	-146.0	146	20229	116	-146.0	146	20229	116	-146.0	146	20229
117	-149.0	149	20378	117	-149.0	149	20378	117	-149.0	149	20378	117	-149.0	149	20378	117	-149.0	149	20378	117	-149.0	149	20378	117	-149.0	149	20378	117	-149.0	149	20378	117	-149.0	149	20378	117	-149.0	149	20378	117	-149.0	149	20378
118	-136.0	136	20514	118	-136.0	136	20514	118	-136.0	136	20514	118	-136.0	136	20514	118	-136.0	136	20514	118	-136.0	136	20514	118	-136.0	136	20514	118	-136.0	136	20514	118	-136.0	136	20514	118	-136.0	136	20514	118	-136.0	136	20514
119	-107.0	107	20621	119	-107.0	107	20621	119	-107.0	107	20621	119	-107.0	107	20621	119	-107.0	107	20621	119	-107.0	107	20621	119	-107.0	107	20621	119	-107.0	107	20621	119	-107.0	107	20621	119	-107.0	107	20621	119	-107.0	107	20621
120	-143.0	143	20764	120	-143.0	143	20764	120	-143.0	143	20764	120	-143.0	143	20764	120	-143.0	143	20764	120	-143.0	143	20764	120	-143.0	143	20764	120	-143.0	143	20764	120	-143.0	143	20764	120	-143.0	143	20764	120	-143.0	143	20764
121	-115.0	115	20879	121	-115.0	115	20879	121	-115.0	115	20879	121	-115.0	115	20879	121	-115.0	115	20879	121	-115.0	115	20879	121	-115.0	115	20879	121	-115.0	115	20879	121	-115.0	115	20879	121	-115.0	115	20879	121	-115.0	115	20879
122	-109.0	109	20988	122	-109.0	109	20988	122	-109.0	109	20988	122	-109.0	109	20988	122	-109.0	109	20988	122	-109.0	109	20988	122	-109.0	109	20988	122	-109.0	109	20988	122	-109.0	109	20988	122	-109.0	109	20988	122	-109.0	109	20988
123	-146.0	146	21134	123	-146.0	146	21134	123	-146.0	146	21134	123	-146.0	146	21134	123	-146.0	146	21134	123	-146.0	146	21134	123	-146.0	146	21134	123	-146.0	146	21134	123	-146.0	146	21134	123	-146.0	146	21134	123	-146.0	146	21134
124	-108.0	108	21242	124	-108.0	108	21242	124	-108.0	108	21242	124	-108.0	108	21242	124	-108.0	108	21242	124	-108.0	108	21242	124	-108.0	108	21242	124	-108.0	108	21242	124	-108.0	108	21242	124	-108.0	108	21242	124	-108.0	108	21242
125	-149.0	149	21391	125	-149.0	149	21391	125	-149.0	149	21391	125	-149.0	149	21391	125	-149.0	149	21391	125	-149.0	149	21391	125	-149.0	149	21391	125	-149.0	149	21391	125	-149.0	149	21391	125	-149.0	149	21391	125	-149.0	149	21391
126	-109.0	109	21500	126	-109.0	109	21500	126	-109.0	109	21500	126	-109.0	109	21500	126	-109.0	109	21500	126	-109.0	109	21500	126	-109.0	109	21500	126	-109.0	109	21500	126	-109.0	109	21500	126	-109.0	109	21500	126	-109.0	109	21500
127	-87.0	87	21587	127	-87.0	87	21587	127	-87.0	87	21587	127	-87.0	87	21587	127	-87.0	87	21587	127	-87.0	87	21587	127	-87.0	87	21587	127	-87.0	87	21587	127	-87.0	87	21587	127	-87.0	87	21587	127	-87.0	87	21587
128	-156.0	156	21743	128	-156.0	156	21743	128	-156.0	156	21743	128	-156.0	156	21743	128	-156.0	156	21743	128	-156.0	156	21743	128	-156.0	156	21743	128	-156.0	156	21743	128	-156.0	156	21743	128	-156.0	156	21743	128	-156.0	156	21743
129	-106.0	106	21849	129	-106.0	106	21849	129	-106.0	106	21849	129	-106.0	106	21849	129	-106.0	106	21849	129	-106.0	106	21849	129	-106.0	106	21849	129	-106.0	106	21849	129	-106.0	106	21849	129	-106.0	106	21849	129	-106.0	106	21849
130	-111.0	111	21960	130	-111.0	111	21960	130	-111.0	111	21960	130	-111.0	111	21960	130	-111.0	111	21960	130	-111.0	111	21960	130	-111.0	111	21960	130	-111.0	111	21960	130	-111.0	111	21960	130	-111.0	111	21960	130	-111.0	111	21960
131	-155.0	155	22115	131	-155.0	155	22115	131	-155.0	155	22115	131	-155.0	155	22115	131	-155.0	155	22115	131	-155.0	155	22115	131	-155.0	155	22115	131	-155.0	155	22115	131	-155.0	155	22115	131	-155.0	155	22115	131	-155.0	155	22115
132	-119.0	119	22234	132	-119.0	119	22234	132	-119.0	119	22234	132	-119.0	119	22234	132	-119.0	119	22234	132	-119.0	119	22234	132	-119.0	119	22234	132	-119.0	119	22234	132	-119.0	119	22234	132	-119.0	119	22234	132	-119.0	119	22234
133	-115.0	115	22349	133	-115.0	115	22349	133	-115.0	115	22349	133	-115.0	115	22349	133	-115.0	115	22349	133	-115.0	115	22349	133	-115.0	115	22349	133	-115.0	115	22349	133	-115.0	115	22349	133	-115.0	115	22349	133	-115.0	115	22349
134	-111.0	111	22460	134	-111.0	111	22460	134	-111.0	111	22460	134	-111.0	111	22460	134	-111.0	111	22460	134	-111.0	111	22460	134	-111.0	111	22460	134	-111.0	111	22460	134	-111.0	111	22460	134	-111.0	111	22460	134	-111.0	111	22460
135	-114.0	114	22574	135	-114.0	114	22574	135	-114.0	114	22574	135	-114.0	114	22574	135	-114.0	114	22574	135	-114.0	114	22574	135	-114.0	114	22574	135	-114.0	114	22574	135	-114.0	114	22574	135	-114.0	114	22574	135	-114.0	114	22574
136	-149.0	149	22723	136	-149.0	149	22723	136	-149.0	149	22723	136	-149.0	149	22723	136	-149.0	149	22723	136	-149.0	149	22723	136	-149.0	149	22723	136	-149.0	149	22723	136	-149.0	149	22723	136	-149.0	149	22723	136	-149.0	149	22723
137	-107.0	107	22830	137	-107.0	107	22830	137	-107.0	107	22830	137	-107.0	107	22830	137	-107.0	107	22830	137	-107.0	107	22830	137	-107.0	107	22830	137	-107.0	107	22830	137	-107.0	107	22830	137	-107.0	107	22830	137	-107.0	107	22830
138	-152.0	152	22982	138	-152.0	152	22982	138	-152.0	152	22982	138	-152.0	152	22982	138	-152.0	152	22982	138	-152.0	152	22982	138	-152.0	152	22982	138	-152.0	152	22982	138	-152.0	152	22982	138	-152.0	152	22982	138	-152.0	152	22982
139	-166.0	166	23148	139	-166.0	166	23148	139	-166.0	166	23148	139	-166.0	166	23148	139	-166.0	166	23148	139	-166.0	166	23148	139	-166.0	166	23148	139	-166.0	166	23148	139	-166.0	166	23148	139	-166.0	166	23148	139	-166.0	166	23148
140	-164.0	164	23312	140	-164.0	164	23312	140	-164.0	164	23312	140	-164.0	164	23312	140	-164.0	164	23312	140	-164.0	164	23312	140	-164.0	164	23312	140	-164.0	164	23312	140	-164.0	164	23312	140	-164.0	164	23312	140	-164.0	164	23312
141	-110.0	110	23422	141	-110.0	110	23422	141	-110.0	110	23422	141	-110.0	110	23422	141	-110.0	110	23422	141	-110.0	110	23422	141	-110.0	110	23422	141	-110.0	110	23422	141	-110.0	110	23422	141	-110.0	110	23422	141	-110.0	110	23422
142	-178.0	178	23600	142	-178.0	178	23600	142	-178.0	178	23600	142	-178.0	178	23600	142	-178.0	178	23600	142	-178.0	178	23600	142	-178.0	178	23600	142	-178.0	178	23600	142	-178.0	178	23600	142	-178.0	178	23600	142	-178.0	178	23600
143	-115.0	115	23715	143	-115.0	115	23715	143	-115.0	115	23715	143	-115.0	115	23715	143	-115.0	115	23715	143	-115.0	115	23715	143	-115.0	115	23715	143	-115.0	115	23715	143	-115.0	115	23715	143	-115.0	115	23715	143	-115.0	115	23715
144	-145.0	145	23860	144	-145.0	145	23860	144	-145.0	145	23860	144	-145.0	145	23860	144	-145.0	145	23860	144	-145.0	145	23860	144	-145.0	145	23860	144	-145.0	145	23860	144	-145.0	145	23860	144	-145.0	145	23860	144	-145.0	145	23860
145	-139.0	139	23999	145	-139.0	139	23999	145	-139.0	139	23999	145	-139.0	139	23999	145	-139.0	139	23999	145	-139.0	139	23999	145	-139.0	139	23999	145	-139.0	139	23999	145	-139.0	139	23999	145	-139.0	139	23999	145	-139.0	139	23999
146	-134.0	134	24133	146	-134.0	134	24133	146	-134.0	134	24133	146	-134.0	134	24133	146	-134.0	134	24133	146	-134.0	134	24133	146	-134.0	134	24133	146	-134.0	134	24133	146	-134.0	134	24133	146	-134.0	134	24133	146	-134.0	134	24133
147	-135.0	135	24268	147	-135.0	135	24268	147	-135.0	135	24268	147	-135.0	135	24268	147	-135.0	135	24268	147	-135.0	135	24268	147	-135.0	135	24268	147	-135.0	135	24268	147	-135.0	135	24268	147	-135.0	135	24268	147	-135.0	135	24268
148	-137.0	137	24405	148	-137.0	137	24405	148	-137.0	137	24405	148	-137.0	137	24405	148	-137.0	137	24405	148	-137.0	137	24405	148	-137.0	137	24405	148	-137.0	137	24405	148	-137.0	137	24405	148	-137.0	137	24405	148	-137.0	137	24405
149	-132.0	132	24537	149	-132.0	132	24537	149	-132.0	132	24537	149	-132.0	132	24537	149	-132.0	132	24537	149	-132.0	132	24537	149	-132.0	132	24537	149	-132.0	132	24537	149	-132.0	132	24537	149	-132.0	132	24537	149	-132.0	132	24537
150	-134.0	134	24671	150	-134.0	134	24671	150	-134.0	134	24671	150	-134.0	134	24671	150	-134.0	134	24671	150	-134.0	134	24671	150	-134.0	134	24671	150	-134.0	134	24671	150	-134.0	134	24671	150	-134.0	134	24671	150	-134.0	134	24671
151	-138.0	138	24809	151	-138.0	138	24809	151	-138.0	138	24809	151	-138.0	138	24809	151	-138.0	138	24809	151	-138.0	138	24809	151	-138.0	138	24809	151	-138.0	138	24809	151	-138.0	138	24809	151	-138.0	138	24809	151	-138.0	138	24809
152	-137.0	137	24946	152	-137.0	137	24946	152	-137.0	137	24946	152	-137.0	137	24946	152	-137.0	137	24946	152	-137.0	137	24946	152	-137.0	137	24946	152	-137.0	137	24946	152	-137.0	137	24946	152	-137.0	137	24946	152	-137.0	137	24946
153	-138.0	138	25084	153	-138.0	138	25084	153	-138.0	138	25084	153	-138.0	138	25084	153	-138.0	138	25084	153	-138.0	138	25084	153	-138.0	138	25084	153	-138.0	138	25084	153	-138.0	138	25084	153	-138.0	138	25084	153	-138.0	138	25084
154	-132.0	132	25216	154	-132.0	132	25216	154	-132.0	132	25216	154	-132.0	132	25216	154	-132.0	132	25216	154	-132.0	132	25216	154	-132.0	132	25216	154	-132.0	132	25216	154	-132.0	132	25216	154	-132.0	132	25216	154	-132.0	132	25216
155	-135.0	135	25351	155	-135.0	135	25351	155	-135.0	135	25351	155	-135.0	135	25351	155	-135.0	135	25351	155	-135.0	135	25351	155	-135.0	135	25351	155	-135.0	135	25351	155	-135.0	135	25351	155	-135.0	135	25351	155	-135.0	135	25351
156	-139.0	139	25490	156	-139.0	139	25490	156	-139.0	139	25490	156	-139.0	139	25490	156	-139.0	139	25490	156	-139.0	139	25490	156	-139.0	139	25490	156	-139.0	139	25490	156	-139.0	139	25490	156	-139.0	139	25490	156	-139.0	139	25490
157	-140.0	140	25630	157	-140.0	140	25630	157	-140.0	140	25630	157	-140.0	140	25630	157	-140.0	140	25630	157	-140.0	140	25630	157	-140.0	140	25630	157	-140.0	140	25630	157	-140.0	140	25630	157	-140.0	140	25630	157	-140.0	140	25630
158	-126.0	126	25756	158	-126.0	126	25756	158	-126.0	126	25756	158	-126.0	126	25756	158	-126.0	126	25756	158	-126.0	126	25756	158	-126.0	126	25756	158	-126.0	126	25756	158	-126.0	126	25756	158	-126.0	126	25756	158	-126.0	126	25756
159	-136.0	136	25892	159	-136.0	136	25892	159	-136.0	136	25892	159	-136.0	136	25892	159	-136.0	136	25892	159	-136.0	136	25892	159	-136.0	136	25892	159	-136.0	136	25892	159	-136.0	136	25892	159	-136.0	136	25892	159	-136.0	136	25892
160	-141.0	141	26033	160	-141.0	141	26033	160	-141.0	141	26033	160	-141.0	141	26033	160	-141.0	141	26033	160	-141.0	141	26033	160	-141.0	141	26033	160	-141.0	141	26033	160	-141.0	141	26033	160	-141.0	141	26033	160	-141.0	141	26033
161	-116.0	116	26149	161	-116.0	116	26149	161	-116.0	116	26149	161	-116.0	116	26149	161	-116.0	116	26149	161	-116.0	116	26149	161	-116.0	116	26149	161	-116.0	116	26149	161	-116.0	116	26149	161	-116.0	116	26149	161	-116.0	116	26149
162	-115.0	115	26264	162	-115.0	115	26264	162	-115.0	115	26264	162	-115.0	115	26264	162	-115.0	115	26264	162	-115.0	115	26264	162	-115.0	115	26264	162	-115.0	115	26264	162	-115.0	115	26264	162	-115.0	115	26264	162	-115.0	115	26264
163	-141.0	141	26405	163	-141.0	141	26405	163	-141.0	141	26405	163	-141.0	141	26405	163	-141.0	141	26405	163	-141.0	141	26405	163	-141.0	141	26405	163	-141.0	141	26405	163	-141.0	141	26405	163	-141.0	141	26405	163	-141.0	141	26405
164	-172.0	172	26577	164	-172.0	172	26577	164	-172.0	172	26577	164	-172.0	172	26577	164	-172.0	172	26577	164	-172.0	172	26577	164	-172.0	172	26577	164	-172.0	172	26577	164	-172.0	172	26577	164	-172.0	172	26577	164	-172.0	172	26577
165	-146.0	146	26723	165	-146.0	146	26723	165	-146.0	146	26723	165	-146.0	146	26723	165	-146.0	146	26723	165	-146.0	146	26723	165	-146.0	146	26723	165	-146.0	146	26723	165	-146.0	146	26723	165	-146.0	146	26723	165	-146.0	146	26723
166	-162.0	162	26885	166	-162.0	162	26885	166	-162.0	162	26885	166	-162.0	162	26885	166	-162.0	162	26885	166	-162.0	162	26885	166	-162.0	162	26885	166	-162.0	162	26885	166	-162.0	162	26885	166	-162.0	162	26885	166	-162.0	162	26885
167	-168.0	168	27053	167	-168.0	168	27053	167	-168.0	168	27053	167	-168.0	168	27053	167	-168.0	168	27053	167	-168.0	168	27053	167	-168.0	168	27053	167	-168.0	168	27053	167	-168.0	168	27053	167	-168.0	168	27053	167	-168.0	168	27053
168	-151.0	151	27204	168	-151.0	151	27204	168	-151.0	151	27204	168	-151.0	151	27204	168	-151.0	151	27204	168	-151.0	151	27204	168	-151.0	151	27204	168	-151.0	151	27204	168	-151.0	151	27204	168	-151.0	151	27204	168	-151.0	151	27204
169	-241.0	241	27445	169	-241.0	241	27445	169	-241.0	241	27445	169	-241.0	241	27445	169	-241.0	241	27445	169	-241.0	241	27445	169	-241.0	241	27445	169	-241.0	241	27445	169	-241.0	241	27445	169	-241.0	241	27445	169	-241.0	241	27445
170	-154.0	154	27599	170	-154.0	154	27599	170	-154.0	154	27599	170	-154.0	154	27599	170	-154.0	154	27599	170	-154.0	154	27599	170	-154.0	154	27599	170	-154.0	154	27599	170	-154.0	154	27599	170	-154.0	154	27599	170	-154.0	154	27599
171	-158.0	158	27757	171	-158.0	158	27757	171	-158.0	158	27757	171	-158.0	158	27757	171	-158.0	158	27757	171	-158.0	158	27757	171	-158.0	158	27757	171	-158.0	158	27757	171	-158.0	158	27757	171	-158.0	158	27757	171	-158.0	158	27757
172	-161.0	161	27918	172	-161.0	161	27918	172	-161.0	161	27918	172	-161.0	161	27918	172	-161.0	161	27918	172	-161.0	161	27918	172	-161.0	161	27918	172	-161.0	161	27918	172	-161.0	161	27918	172	-161.0	161	27918	172	-161.0	161	27918
173	-141.0	141	28059	173	-141.0	141	28059	173	-141.0	141	28059	173	-141.0	141	28059	173	-141.0	141	28059	173	-141.0	141	28059	173	-141.0	141	28059	173	-141.0	141	28059	173	-141.0	141	28059	173	-141.0	141	28059	173	-141.0	141	28059
174	-201.0	201	28260	174	-201.0	201	28260	174	-201.0	201	28260	174	-201.0	201	28260	174	-201.0	201	28260	174	-201.0	201	28260	174	-201.0	201	28260	174	-201.0	201	28260	174	-201.0	201	28260	174	-201.0	201	28260	174	-201.0	201	28260
175	-141.0	141	28401	175	-141.0	141	28401	175	-141.0	141	28401	175	-141.0	141	28401	175	-141.0	141	28401	175	-141.0	141	28401	175	-141.0	141	28401	175	-141.0	141	28401	175	-141.0	141	28401	175	-141.0	141	28401	175	-141.0	141	28401
176	-138.0	138	28539	176	-138.0	138	28539	176	-138.0	138	28539	176	-138.0	138	28539	176	-138.0	138	28539	176	-138.0	138	28539	176	-138.0	138	28539	176	-138.0	138	28539	176	-138.0	138	28539	176	-138.0	138	28539	176	-138.0	138	28539
177	-139.0	139	28678	177	-139.0	139	28678	177	-139.0	139	28678	177	-139.0	139	28678	177	-139.0	139	28678	177	-139.0	139	28678	177	-139.0	139	28678	177	-139.0	139	28678	177	-139.0	139	28678	177	-139.0	139	28678	177	-139.0	139	28678
178	-186.0	186	28864	178	-186.0	186	28864	178	-186.0	186	28864	178	-186.0	186	28864	178	-186.0	186	28864	178	-186.0	186	28864	178	-186.0	186	28864	178	-186.0	186	28864	178	-186.0	186	28864	178	-186.0	186	28864	178	-186.0	186	28864
179	-194.0	194	29058	179	-194.0	194	29058	179	-194.0	194	29058	179	-194.0	194	29058	179	-194.0	194	29058	179	-194.0	194	29058	179	-194.0	194	29058	179	-194.0	194	29058	179	-194.0	194	29058	179	-194.0	194	29058	179	-194.0	194	29058
180	-114.0	114	29172	180	-114.0	114	29172	180	-114.0	114	29172	180	-114.0	114	29172	180	-114.0	114	29172	180	-114.0	114	29172	180	-114.0	114	29172	180	-114.0	114	29172	180	-114.0	114	29172	180	-114.0	114	29172	180	-114.0	114	29172
181	-170.0	170	29342	181	-170.0	170	29342	181	-170.0	170	29342	181	-170.0	170	29342	181	-170.0	170	29342	181	-170.0	170	29342	181	-170.0	170	29342	181	-170.0	170	29342	181	-170.0	170	29342	181	-170.0	170	29342	181	-170.0	170	29342
182	-136.0	136	29478	182	-136.0	136	29478	182	-136.0	136	29478	182	-136.0	136	29478	182	-136.0	136	29478	182	-136.0	136	29478	182	-136.0	136	29478	182	-136.0	136	29478	182	-136.0	136	29478	182	-136.0	136	29478	182	-136.0	136	29478
183	-109.0	109	29587	183	-109.0	109	29587	183	-109.0	109	29587	183	-109.0	109	29587	183	-109.0	109	29587	183	-109.0	109	29587	183	-109.0	109	29587	183	-109.0	109	29587	183	-109.0	109	29587	183	-109.0	109	29587	183	-109.0	109	29587
184	-139.0	139	29726	184	-139.0	139	29726	184	-139.0	139	29726	184	-139.0	139	29726	184	-139.0	139	29726	184	-139.0	139	29726	184	-139.0	139	29726	184	-139.0	139	29726	184	-139.0	139	29726	184	-139.0	139	29726	184	-139.0	139	29726
185	-111.0	111	29837	185	-111.0	111	29837	185	-111.0	111	29837	185	-111.0	111	29837	185	-111.0	111	29837	185	-111.0	111	29837	185	-111.0	111	29837	185	-111.0	111	29837	185	-111.0	111	29837	185	-111.0	111	29837	185	-111.0	111	29837
186	-108.0	108	29945	186	-108.0	108	29945	186	-108.0	108	29945	186	-108.0	108	29945	186	-108.0	108	29945	186	-108.0	108	29945	186	-108.0	108	29945	186	-108.0	108	29945	186	-108.0	108	29945	186	-108.0	108	29945	186	-108.0	108	29945
187	-155.0	155	30100	187	-155.0	155	30100	187	-155.0	155	30100	187	-155.0	155	30100	187	-155.0	155	30100	187	-155.0	155	30100	187	-155.0	155	30100	187	-155.0	155	30100	187	-155.0	155	30100	187	-155.0	155	30100	187	-155.0	155	30100
188	-146.0	146	30246	188	-146.0	146	30246	188	-146.0	146	30246	188	-146.0	146	30246	188	-146.0	146	30246	188	-146.0	146	30246	188	-146.0	146	30246	188	-146.0	146	30246	188	-146.0	146	30246	188	-146.0	146	30246	188	-146.0	146	30246
189	-198.0	198	30444	189	-198.0	198	30444	189	-198.0	198	30444	189	-198.0	198	30444	189	-198.0	198	30444	189	-198.0	198	30444	189	-198.0	198	30444	189	-198.0	198	30444	189	-198.0	198	30444	189	-198.0	198	30444	189	-198.0	198	30444
190	-147.0	147	30591	190	-147.0	147	30591	190	-147.0	147	30591	190	-147.0	147	30591	190	-147.0	147	30591	190	-147.0	147	30591	190	-147.0	147	30591	190	-147.0	147	30591	190	-147.0	147	30591	190	-147.0	147	30591	190	-147.0	147	30591
191	-136.0	136	30727	191	-136.0	136	30727	191	-136.0	136	30727	191	-136.0	136	30727	191	-136.0	136	30727	191	-136.0	136	30727	191	-136.0	136	30727	191	-136.0	136	30727	191	-136.0	136	30727	191	-136.0	136	30727	191	-136.0	136	30727
192	-137.0	137	30864	192	-137.0	137	30864	192	-137.0	137	30864	192	-137.0	137	30864	192	-137.0	137	30864	192	-137.0	137	30864	192	-137.0	137	30864	192	-137.0	137	30864	192	-137.0	137	30864	192	-137.0	137	30864	192	-137.0	137	30864
193	-134.0	134	30998	193	-134.0	134	30998	193	-134.0	134	30998	193	-134.0	134	30998	193	-134.0	134	30998	193	-134.0	134	30998	193	-134.0	134	30998	193	-134.0	134	30998	193	-134.0	134	30998	193	-134.0	134	30998	193	-134.0	134	30998
194	-135.0	135	31133	194	-135.0	135	31133	194	-135.0	135	31133	194	-135.0	135	31133	194	-135.0	135	31133	194	-135.0	135	31133	194	-135.0	135	31133	194	-135.0	135	31133	194	-135.0	135	31133	194	-135.0	135	31133	194	-135.0	135	31133
195	-143.0	143	31276	195	-143.0	143	31276	195	-143.0	143	31276	195	-143.0	143	31276	195	-143.0	143	31276	195	-143.0	143	31276	195	-143.0	143	31276	195	-143.0	143	31276	195	-143.0	143	31276	195	-143.0	143	31276	195	-143.0	143	31276
196	-135.0	135	31411	196	-135.0	135	31411	196	-135.0	135	31411	196	-135.0	135	31411	196	-135.0	135	31411	196	-135.0	135	31411	196	-135.0	135	31411	196	-135.0	135	31411	196	-135.0	135	31411	196	-135.0	135	31411	196	-135.0	135	31411
197	-141.0	141	31552	197	-141.0	141	31552	197	-141.0	141	31552	197	-141.0	141	31552	197	-141.0	141	31552	197	-141.0	141	31552	197	-141.0	141	31552	197	-141.0	141	31552	197	-141.0	141	31552	197	-141.0	141	31552	197	-141.0	141	31552
198	-134.0	134	31686	198	-134.0	134	31686	198	-134.0	134	31686	198	-134.0	134	31686	198	-134.0	134	31686	198	-134.0	134	31686	198	-134.0	134	31686	198	-134.0	134	31686	198	-134.0	134	31686	198	-134.0	134	31686	198	-134.0	134	31686
199	-111.0	111	31797	199	-111.0	111	31797	199	-111.0	111	31797	199	-111.0	111	31797	199	-111.0	111	31797	199	-111.0	111	31797	199	-111.0	111	31797	199	-111.0	111	31797	199	-111.0	111	31797	199	-111.0	111	31797	199	-111.0	111	31797
200	-141.0	141	31938	200	-141.0	141	31938	200	-141.0	141	31938	200	-141.0	141	31938	200	-141.0	141	31938	200	-141.0	141	31938	200	-141.0	141	31938	200	-141.0	141	31938	200	-141.0	141	31938	200	-141.0	141	31938	200	-141.0	141	31938
201	-108.0	108	32046	201	-108.0	108	32046	201	-108.0	108	32046	201	-108.0	108	32046	201	-108.0	108	32046	201	-108.0	108	32046	201	-108.0	108	32046	201	-108.0	108	32046	201	-108.0	108	32046	201	-108.0	108	32046	201	-108.0	108	32046
202	-141.0	141	32187	202	-141.0	141	32187	202	-141.0	141	32187	202	-141.0	141	32187	202	-141.0	141	32187	202	-141.0	141	32187	202	-141.0	141	32187	202	-141.0	141	32187	202	-141.0	141	32187	202	-141.0	141	32187	202	-141.0	141	32187
203	-145.0	145	32332	203	-145.0	145	32332	203	-145.0	145	32332	203	-145.0	145	32332	203	-145.0	145	32332	203	-145.0	145	32332	203	-145.0	145	32332	203	-145.0	145	32332	203	-145.0	145	32332	203	-145.0	145	32332	203	-145.0	145	32332
204	-135.0	135	32467	204	-135.0	135	32467	204	-135.0	135	32467	204	-135.0	135	32467	204	-135.0	135	32467	204	-135.0	135	32467	204	-135.0	135	32467	204	-135.0	135	32467	204	-135.0	135	32467	204	-135.0	135	32467	204	-135.0	135	32467
205	-148.0	148	32615	205	-148.0	148	32615	205	-148.0	148	32615	205	-148.0	148	32615	205	-148.0	148	32615	205	-148.0	148	32615	205	-148.0	148	32615	205	-148.0	148	32615	205	-148.0	148	32615	205	-148.0	148	32615	205	-148.0	148	32615
206	-136.0	136	32751	206	-136.0	136	32751	206	-136.0	136	32751	206	-136.0	136	32751	206	-136.0	136	32751	206	-136.0	136	32751	206	-136.0	136	32751	206	-136.0	136	32751	206	-136.0	136	32751	206	-136.0	136	32751	206	-136.0	136	32751
207	-136.0	136	32887	207	-136.0	136	32887	207	-136.0	136	32887	207	-136.0	136	32887	207	-136.0	136	32887	207	-136.0	136	32887	207	-136.0	136	32887	207	-136.0	136	32887	207	-136.0	136	32887	207	-136.0	136	32887	207	-136.0	136	32887
208	-135.0	135	33022	208	-135.0	135	33022	208	-135.0	135	33022	208	-135.0	135	33022	208	-135.0	135	33022	208	-135.0	135	33022	208	-135.0	135	33022	208	-135.0	135	33022	208	-135.0	135	33022	208	-135.0	135	33022	208	-135.0	135	33022
209	-115.0	115	33137	209	-115.0	115	33137	209	-115.0	115	33137	209	-115.0	115	33137	209	-115.0	115	33137	209	-115.0	115	33137	209	-115.0	115	33137	209	-115.0	115	33137	209	-115.0	115	33137	209	-115.0	115	33137	209	-115.0	115	33137
210	-150.0	150	33287	210	-150.0	150	33287	210	-150.0	150	33287	210	-150.0	150	33287	210	-150.0	150	33287	210	-150.0	150	33287	210	-150.0	150	33287	210	-150.0	150	33287	210	-150.0	150	33287	210	-150.0	150	33287	210	-150.0	150	33287
211	-140.0	140	33427	211	-140.0	140	33427	211	-140.0	140	33427	211	-140.0	140	33427	211	-140.0	140	33427	211	-140.0	140	33427	211	-140.0	140	33427	211	-140.0	140	33427	211	-140.0	140	33427	211	-140.0	140	33427	211	-140.0	140	33427
212	-109.0	109	33536	212	-109.0	109	33536	212	-109.0	109	33536	212	-109.0	109	33536	212	-109.0	109	33536	212	-109.0	109	33536	212	-109.0	109	33536	212	-109.0	109	33536	212	-109.0	109	33536	212	-109.0	109	33536	212	-109.0	109	33536
213	-109.0	109	33645	213	-109.0	109	33645	213	-109.0	109	33645	213	-109.0	109	33645	213	-109.0	109	33645	213	-109.0	109	33645	213	-109.0	109	33645	213	-109.0	109	33645	213	-109.0	109	33645	213	-109.0	109	33645	213	-109.0	109	33645
214	-106.0	106	33751	214	-106.0	106	33751	214	-106.0	106	33751	214	-106.0	106	33751	214	-106.0	106	33751	214	-106.0	106	33751	214	-106.0	106	33751	214	-106.0	106	33751	214	-106.0	106	33751	214	-106.0	106	33751	214	-106.0	106	33751
215	-153.0	153	33904	215	-153.0	153	33904	215	-153.0	153	33904	215	-153.0	153	33904	215	-153.0	153	33904	215	-153.0	153	33904	215	-153.0	153	33904	215	-153.0	153	33904	215	-153.0	153	33904	215	-153.0	153	33904	215	-153.0	153	33904
216	-136.0	136	34040	216	-136.0	136	34040	216	-136.0	136	34040	216	-136.0	136	34040	216	-136.0	136	34040	216	-136.0	136	34040	216	-136.0	136	34040	216	-136.0	136	34040	216	-136.0	136	34040	216	-136.0	136	34040	216	-136.0	136	34040
217	-108.0	108	34148	217	-108.0	108	34148	217	-108.0	108	34148	217	-108.0	108	34148	217	-108.0	108	34148	217	-108.0	108	34148	217	-108.0	108	34148	217	-108.0	108	34148	217	-108.0	108	34148	217	-108.0	108	34148	217	-108.0	108	34148
218	-137.0	137	34285	218	-137.0	137	34285	218	-137.0	137	34285	218	-137.0	137	34285	218	-137.0	137	34285	218	-137.0	137	34285	218	-137.0	137	34285	218	-137.0	137	34285	218	-137.0	137	34285	218	-137.0	137	34285	218	-137.0	137	34285
219	-144.0	144	34429	219	-144.0	144	34429	219	-144.0	144	34429	219	-144.0	144	34429	219	-144.0	144	34429	219	-144.0	144	34429	219	-144.0	144	34429	219	-144.0	144	34429	219	-144.0	144	34429	219	-144.0	144	34429	219	-144.0	144	34429
220	-106.0	106	34535	220	-106.0	106	34535	220	-106.0	106	34535	220	-106.0	106	34535	220	-106.0	106	34535	220	-106.0	106	34535	220	-106.0	106	34535	220	-106.0	106	34535	220	-106.0	106	34535	220	-106.0	106	34535	220	-106.0	106	34535
221	-145.0	145	34680	221	-145.0	145	34680	221	-145.0	145	34680	221	-145.0	145	34680	221	-145.0	145	34680	221	-145.0	145	34680	221	-145.0	145	34680	221	-145.0	145	34680	221	-145.0	145	34680	221	-145.0	145	34680	221	-145.0	145	34680
222	-138.0	138	34818	222	-138.0	138	34818	222	-138.0	138	34818	222	-138.0	138	34818	222	-138.0	138	34818	222	-138.0	138	34818	222	-138.0	138	34818	222	-138.0	138	34818	222	-138.0	138	34818	222	-138.0	138	34818	222	-138.0	138	34818
223	-140.0	140	34958	223	-140.0	140	34958	223	-140.0	140	34958	223	-140.0	140	34958	223	-140.0	140	34958	223	-140.0	140	34958	223	-140.0	140	34958	223	-140.0	140	34958	223	-140.0	140	34958	223	-140.0	140	34958	223	-140.0	140	34958
224	-141.0	141	35099	224	-141.0	141	35099	224	-141.0	141	35099	224	-141.0	141	35099	224	-141.0	141	35099	224	-141.0	141	35099	224	-141.0	141	35099	224	-141.0	141	35099	224	-141.0	141	35099	224	-141.0	141	35099	224	-141.0	141	35099
225	-135.0	135	35234	225	-135.0	135	35234	225	-135.0	135	35234	225	-135.0	135	35234	225	-135.0	135	35234	225	-135.0	135	35234	225	-135.0	135	35234	225	-135.0	135	35234	225	-135.0	135	35234	225	-135.0	135	35234	225	-135.0	135	35234
226	-142.0	142	35376	226	-142.0	142	35376	226	-142.0	142	35376	226	-142.0	142	35376	226	-142.0	142	35376	226	-142.0	142	35376	226	-142.0	142	35376	226	-142.0	142	35376	226	-142.0	142	35376	226	-142.0	142	35376	226	-142.0	142	35376
227	-145.0	145	35521	227	-145.0	145	35521	227	-145.0	145	35521	227	-145.0	145	35521	227	-145.0	145	35521	227	-145.0	145	35521	227	-145.0	145	35521	227	-145.0	145	35521	227	-145.0	145	35521	227	-145.0	145	35521	227	-145.0	145	35521
228	-141.0	141	35662	228	-141.0	141	35662	228	-141.0	141	35662	228	-141.0	141	35662	228	-141.0	141	35662	228	-141.0	141	35662	228	-141.0	141	35662	228	-141.0	141	35662	228	-141.0	141	35662	228	-141.0	141	35662	228	-141.0	141	35662
229	-111.0	111	35773	229	-111.0	111	35773	229	-111.0	111	35773	229	-111.0	111	35773	229	-111.0	111	35773	229	-111.0	111	35773	229	-111.0	111	35773	229	-111.0	111	35773	229	-111.0	111	35773	229	-111.0	111	35773	229	-111.0	111	35773
230	-138.0	138	35911	230	-138.0	138	35911	230	-138.0	138	35911	230	-138.0	138	35911	230	-138.0	138	35911	230	-138.0	138	35911	230	-138.0	138	35911	230	-138.0	138	35911	230	-138.0	138	35911	230	-138.0	138	35911	230	-138.0	138	35911
231	-108.0	108	36019	231	-108.0	108	36019	231	-108.0	108	36019	231	-108.0	108	36019	231	-108.0	108	36019	231	-108.0	108	36019	231	-108.0	108	36019	231	-108.0	108	36019	231	-108.0	108	36019	231	-108.0	108	36019	231	-108.0	108	36019
232	-115.0	115	36134	232	-115.0	115	36134	232	-115.0	115	36134	232	-115.0	115	36134	232	-115.0	115	36134	232	-115.0	115	36134	232	-115.0	115	36134	232	-115.0	115	36134	232	-115.0	115	36134	232	-115.0	115	36134	232	-115.0	115	36134
233	-114.0	114	36248	233	-114.0	114	36248	233	-114.0	114	36248	233	-114.0	114	36248	233	-114.0	114	36248	233	-114.0	114	36248	233	-114.0	114	36248	233	-114.0	114	36248	233	-114.0	114	36248	233	-114.0	114	36248	233	-114.0	114	36248
234	-147.0	147	36395	234	-147.0	147	36395	234	-147.0	147	36395	234	-147.0	147	36395	234	-147.0	147	36395	234	-147.0	147	36395	234	-147.0	147	36395	234	-147.0	147	36395	234	-147.0	147	36395	234	-147.0	147	36395	234	-147.0	147	36395
235	-138.0	138	36533	235	-138.0	138	36533	235	-138.0	138	36533	235	-138.0	138	36533	235	-138.0	138	36533	235	-138.0	138	36533	235	-138.0	138	36533	235	-138.0	138	36533	235	-138.0	138	36533	235	-138.0	138	36533	235	-138.0	138	36533
236	-138.0	138	36671	236	-138.0	138	36671	236	-138.0	138	36671	236	-138.0	138	36671	236	-138.0	138	36671	236	-138.0	138	36671	236	-138.0	138	36671	236	-138.0	138	36671	236	-138.0	138	36671	236	-138.0	138	36671	236	-138.0	138	36671
237	-136.0	136	36807	237	-136.0	136	36807	237	-136.0	136	36807	237	-136.0	136	36807	237	-136.0	136	36807	237	-136.0	136	36807	237	-136.0	136	36807	237	-136.0	136	36807	237	-136.0	136	36807	237	-136.0	136	36807	237	-136.0	136	36807
238	-108.0	108	36915	238	-108.0	108	36915	238	-108.0	108	36915	238	-108.0	108	36915	238	-108.0	108	36915	238	-108.0	108	36915	238	-108.0	108	36915	238	-108.0	108	36915	238	-108.0	108	36915	238	-108.0	108	36915	238	-108.0	108	36915
239	-141.0	141	37056	239	-141.0	141	37056	239	-141.0	141	37056	239	-141.0	141	37056	239	-141.0	141	37056	239	-141.0	141	37056	239	-141.0	141	37056	239	-141.0	141	37056	239	-141.0	141	37056	239	-141.0	141	37056	239	-141.0	141	37056
240	-148.0	148	37204	240	-148.0	148	37204	240	-148.0	148	37204	240	-148.0	148	37204	240	-148.0	148	37204	240	-148.0	148	37204	240	-148.0	148	37204	240	-148.0	148	37204	240	-148.0	148	37204	240	-148.0	148	37204	240	-148.0	148	37204
241	-141.0	141	37345	241	-141.0	141	37345	241	-141.0	141	37345	241	-141.0	141	37345	241	-141.0	141	37345	241	-141.0	141	37345	241	-141.0	141	37345	241	-141.0	141	37345	241	-141.0	141	37345	241	-141.0	141	37345	241	-141.0	141	37345
242	-108.0	108	37453	242	-108.0	108	37453	242	-108.0	108	37453	242	-108.0	108	37453	242	-108.0	108	37453	242	-108.0	108	37453	242	-108.0	108	37453	242	-108.0	108	37453	242	-108.0	108	37453	242	-108.0	108	37453	242	-108.0	108	37453
243	-144.0	144	37597	243	-144.0	144	37597	243	-144.0	144	37597	243	-144.0	144	37597	243	-144.0	144	37597	243	-144.0	144	37597	243	-144.0	144	37597	243	-144.0	144	37597	243	-144.0	144	37597	243	-144.0	144	37597	243	-144.0	144	37597
244	-106.0	106	37703	244	-106.0	106	37703	244	-106.0	106	37703	244	-106.0	106	37703	244	-106.0	106	37703	244	-106.0	106	37703	244	-106.0	106	37703	244	-106.0	106	37703	244	-106.0	106	37703	244	-106.0	106	37703	244	-106.0	106	37703
245	-142.0	142	37845	245	-142.0	142	37845	245	-142.0	142	37845	245	-142.0	142	37845	245	-142.0	142	37845	245	-142.0	142	37845	245	-142.0	142	37845	245	-142.0	142	37845	245	-142.0	142	37845	245	-142.0	142	37845	245	-142.0	142	37845
246	-138.0	138	37983	246	-138.0	138	37983	246	-138.0	138	37983	246	-138.0	138	37983	246	-138.0	138	37983	246	-138.0	138	37983	246	-138.0	138	37983	246	-138.0	138	37983	246	-138.0	138	37983	246	-138.0	138	37983	246	-138.0	138	37983
247	-108.0	108	38091	247	-108.0	108	38091	247	-108.0	108	38091	247	-108.0	108	38091	247	-108.0	108	38091	247	-108.0	108	38091	247	-108.0	108	38091	247	-108.0	108	38091	247	-108.0	108	38091	247	-108.0	108	38091	247	-108.0	108	38091
248	-146.0	146	38237	248	-146.0	146	38237	248	-146.0	146	38237	248	-146.0	146	38237	248	-146.0	146	38237	248	-146.0	146	38237	248	-146.0	146	38237	248	-146.0	146	38237	248	-146.0	146	38237	248	-146.0	146	38237	248	-146.0	146	38237
249	-141.0	141	38378	249	-141.0	141	38378	249	-141.0	141	38378	249	-141.0	141	38378	249	-141.0	141	38378	249	-141.0	141	38378	249	-141.0	141	38378	249	-141.0	141	38378	249	-141.0	141	38378	249	-141.0	141	38378	249	-141.0	141	38378
250	-141.0	141	38519	250	-141.0	141	38519	250	-141.0	141	38519	250	-141.0	141	38519	250	-141.0	141	38519	250	-141.0	141	38519	250	-141.0	141	38519	250	-141.0	141	38519	250	-141.0	141	38519	250	-141.0	141	38519	250	-141.0	141	38519
251	-147.0	147	38666	251	-147.0	147	38666	251	-147.0	147	38666	251	-147.0	147	38666	251	-147.0	147	38666	251	-147.0	147	38666	251	-147.0	147	38666	251	-147.0	147	38666	251	-147.0	147	38666	251	-147.0	147	38666	251	-147.0	147	38666
252	-110.0	110	38776	252	-110.0	110	38776	252	-110.0	110	38776	252	-110.0	110	38776	252	-110.0	110	38776	252	-110.0	110	38776	252	-110.0	110	38776	252	-110.0	110	38776	252	-110.0	110	38776	252	-110.0	110	38776	252	-110.0	110	38776
253	-142.0	142	38918	253	-142.0	142	38918	253	-142.0	142	38918	253	-142.0	142	38918	253	-142.0	142	38918	253	-142.0	142	38918	253	-142.0	142	38918	253	-142.0	142	38918	253	-142.0	142	38918	253	-142.0	142	38918	253	-142.0	142	38918
254	-108.0	108	39026	254	-108.0	108	39026	254	-108.0	108	39026	254	-108.0	108	39026	254	-108.0	108	39026	254	-108.0	108	39026	254	-108.0	108	39026	254	-108.0	108	39026	254	-108.0	108	39026	254	-108.0	108	39026	254	-108.0	108	39026
255	-109.0	109	39135	255	-109.0	109	39135	255	-109.0	109	39135	255	-109.0	109	39135	255	-109.0	109	39135	255	-109.0	109	39135	255	-109.0	109	39135	255	-109.0	109	39135	255	-109.0	109	39135	255	-109.0	109	39135	255	-109.0	109	39135
256	-137.0	137	39272	256	-137.0	137	39272	256	-137.0	137	39272	256	-137.0	137	39272	256	-137.0	137	39272	256	-137.0	137	39272	256	-137.0	137	39272	256	-137.0	137	39272	256	-137.0	137	39272	256	-137.0	137	39272	256	-137.0	137	39272
257	-107.0	107	39379	257	-107.0	107	39379	257	-107.0	107	39379	257	-107.0	107	39379	257	-107.0	107	39379	257	-107.0	107	39379	257	-107.0	107	39379	257	-107.0	107	39379	257	-107.0	107	39379	257	-107.0	107	39379	257	-107.0	107	39379
258	-186.0	186	39565	258	-186.0	186	39565	258	-186.0	186	39565	258	-186.0	186	39565	258	-186.0	186	39565	258	-186.0	186	39565	258	-186.0	186	39565	258	-186.0	186	39565	258	-186.0	186	39565	258	-186.0	186	39565	258	-186.0	186	39565
259	-136.0	136	39701	259	-136.0	136	39701	259	-136.0	136	39701	259	-136.0	136	39701	259	-136.0	136	39701	259	-136.0	136	39701	259	-136.0	136	39701	259	-136.0	136	39701	259	-136.0	136	39701	259	-136.0	136	39701	259	-136.0	136	39701
260	-170.0	170	39871	260	-170.0	170	39871	260	-170.0	170	39871	260	-170.0	170	39871	260	-170.0	170	39871	260	-170.0	170	39871	260	-170.0	170	39871	260	-170.0	170	39871	260	-170.0	170	39871	260	-170.0	170	39871	260	-170.0	170	39871
261	-136.0	136	40007	261	-136.0	136	40007	261	-136.0	136	40007	261	-136.0	136	40007	261	-136.0	136	40007	261	-136.0	136	40007	261	-136.0	136	40007	261	-136.0	136	40007	261	-136.0	136	40007	261	-136.0	136	40007	261	-136.0	136	40007
262	-137.0	137	40144	262	-137.0	137	40144	262	-137.0	137	40144	262	-137.0	137	40144	262	-137.0	137	40144	262	-137.0	137	40144	262	-137.0	137	40144	262	-137.0	137	40144	262	-137.0	137	40144	262	-137.0	137	40144	262	-137.0	137	40144
263	-138.0	138	40282	263	-138.0	138	40282	263	-138.0	138	40282	263	-138.0	138	40282	263	-138.0	138	40282	263	-138.0	138	40282	263	-138.0	138	40282	263	-138.0	138	40282	263	-138.0	138	40282	263	-138.0	138	40282	263	-138.0	138	40282
264	-155.0	155	40437	264	-155.0	155	40437	264	-155.0	155	40437	264	-155.0	155	40437	264	-155.0	155	40437	264	-155.0	155	40437	264	-155.0	155	40437	264	-155.0	155	40437	264	-155.0	155	40437	264	-155.0	155	40437	264	-155.0	155	40437
265	-142.0	142	40579	265	-142.0	142	40579	265	-142.0	142	40579	265	-142.0	142	40579	265	-142.0	142	40579	265	-142.0	142	40579	265	-142.0	142	40579	265	-142.0	142	40579	265	-142.0	142	40579	265	-142.0	142	40579	265	-142.0	142	40579
266	-144.0	144	40723	266	-144.0	144	40723	266	-144.0	144	40723	266	-144.0	144	40723	266	-144.0	144	40723	266	-144.0	144	40723	266	-144.0	144	40723	266	-144.0	144	40723	266	-144.0	144	40723	266	-144.0	144	40723	266	-144.0	144	40723
267	-167.0	167	40890	267	-167.0	167	40890	267	-167.0	167	40890	267	-167.0	167	40890	267	-167.0	167	40890	267	-167.0	167	40890	267	-167.0	167	40890	267	-167.0	167	40890	267	-167.0	167	40890	267	-167.0	167	40890	267	-167.0	167	40890
268	-141.0	141	41031	268	-141.0	141	41031	268	-141.0	141	41031	268	-141.0	141	41031	268	-141.0	141	41031	268	-141.0	141	41031	268	-141.0	141	41031	268	-141.0	141	41031	268	-141.0	141	41031	268	-141.0	141	41031	268	-141.0	141	41031
269	-166.0	166	41197	269	-166.0	166	41197	269	-166.0	166	41197	269	-166.0	166	41197	269	-166.0	166	41197	269	-166.0	166	41197	269	-166.0	166	41197	269	-166.0	166	41197	269	-166.0	166	41197	269	-166.0	166	41197	269	-166.0	166	41197
270	-138.0	138	41335	270	-138.0	138	41335	270	-138.0	138	41335	270	-138.0	138	41335	270	-138.0	138	41335	270	-138.0	138	41335	270	-138.0	138	41335	270	-138.0	138	41335	270	-138.0	138	41335	270	-138.0	138	41335	270	-138.0	138	41335
271	-143.0	143	41478	271	-143.0	143	41478	271	-143.0	143	41478	271	-143.0	143	41478	271	-143.0	143	41478	271	-143.0	143	41478	271	-143.0	143	41478	271	-143.0	143	41478	271	-143.0	143	41478	271	-143.0	143	41478	271	-143.0	143	41478
272	-197.0	197	41675	272	-197.0	197	41675	272	-197.0	197	41675	272	-197.0	197	41675	272	-197.0	197	41675	272	-197.0	197	41675	272	-197.0	197	41675	272	-197.0	197	41675	272	-197.0	197	41675	272	-197.0	197	41675	272	-197.0	197	41675
273	-145.0	145	41820	273	-145.0	145	41820	273	-145.0	145	41820	273	-145.0	145	41820	273	-145.0	145	41820	273	-145.0	145	41820	273	-145.0	145	41820	273	-145.0	145	41820	273	-145.0	145	41820	273	-145.0	145	41820	273	-145.0	145	41820
274	-188.0	188	42008	274	-188.0	188	42008	274	-188.0	188	42008	274	-188.0	188	42008	274	-188.0	188	42008	274	-188.0	188	42008	274	-188.0	188	42008	274	-188.0	188	42008	274	-188.0	188	42008	274	-188.0	188	42008	274	-188.0	188	42008
275	-147.0	147	42155	275	-147.0	147	42155	275	-147.0	147	42155	275	-147.0	147	42155	275	-147.0	147	42155	275	-147.0	147	42155	275	-147.0	147	42155	275	-147.0	147	42155	275	-147.0	147	42155	275	-147.0	147	42155	275	-147.0	147	42155
276	-149.0	149	42304	276	-149.0	149	42304	276	-149.0	149	42304	276	-149.0	149	42304	276	-149.0	149	42304	276	-149.0	149	42304	276	-149.0	149	42304	276	-149.0	149	42304	276	-149.0	149	42304	276	-149.0	149	42304	276	-149.0	149	42304
277	-152.0	152	42456	277	-152.0	152	42456	277	-152.0	152	42456	277	-152.0	152	42456	277	-152.0	152	42456	277	-152.0	152	42456	277	-152.0	152	42456	277	-152.0	152	42456	277	-152.0	152	42456	277	-152.0	152	42456	277	-152.0	152	42456
278	-119.0	119	42575	278	-119.0	119	42575	278	-119.0	119	42575	278	-119.0	119	42575	278	-119.0	119	42575	278	-119.0	119	42575	278	-119.0	119	42575	278	-119.0	119	42575	278	-119.0	119	42575	278	-119.0	119	42575	278	-119.0	119	42575
279	-109.0	109	42684	279	-109.0	109	42684	279	-109.0	109	42684	279	-109.0	109	42684	279	-109.0	109	42684	279	-109.0	109	42684	279	-109.0	109	42684	279	-109.0	109	42684	279	-109.0	109	42684	279	-109.0	109	42684	279	-109.0	109	42684
280	-147.0	147	42831	280	-147.0	147	42831	280	-147.0	147	42831	280	-147.0	147	42831	280	-147.0	147	42831	280	-147.0	147	42831	280	-147.0	147	42831	280	-147.0	147	42831	280	-147.0	147	42831	280	-147.0	147	42831	280	-147.0	147	42831
281	-109.0	109	42940	281	-109.0	109	42940	281	-109.0	109	42940	281	-109.0	109	42940	281	-109.0	109	42940	281	-109.0	109	42940	281	-109.0	109	42940	281	-109.0	109	42940	281	-109.0	109	42940	281	-109.0	109	42940	281	-109.0	109	42940
282	-139.0	139	43079	282	-139.0	139	43079	282	-139.0	139	43079	282	-139.0	139	43079	282	-139.0	139	43079	282	-139.0	139	43079	282	-139.0	139	43079	282	-139.0	139	43079	282	-139.0	139	43079	282	-139.0	139	43079	282	-139.0	139	43079
283	-157.0	157	43236	283	-157.0	157	43236	283	-157.0	157	43236	283	-157.0	157	43236	283	-157.0	157	43236	283	-157.0	157	43236	283	-157.0	157	43236	283	-157.0	157	43236	283	-157.0	157	43236	283	-157.0	157	43236	283	-157.0	157	43236
284	-131.0	131	43367	284	-131.0	131	43367	284	-131.0	131	43367	284	-131.0	131	43367	284	-131.0	131	43367	284	-131.0	131	43367	284	-131.0	131	43367	284	-131.0	131	43367	284	-131.0	131	43367	284	-131.0	131	43367	284	-131.0	131	43367
285	-170.0	170	43537	285	-170.0	170	43537	285	-170.0	170	43537	285	-170.0	170	43537	285	-170.0	170	43537	285	-170.0	170	43537	285	-170.0	170	43537	285	-170.0	170	43537	285	-170.0	170	43537	285	-170.0	170	43537	285	-170.0	170	43537
286	-143.0	143	43680	286	-143.0	143	43680	286	-143.0	143	43680	286	-143.0	143	43680	286	-143.0	143	43680	286	-143.0	143	43680	286	-143.0	143	43680	286	-143.0	143	43680	286	-143.0	143	43680	286	-143.0	143	43680	286	-143.0	143	43680
287	-123.0	123	43803	287	-123.0	123	43803	287	-123.0	123	43803	287	-123.0	123	43803	287	-123.0	123	43803	287	-123.0	123	43803	287	-123.0	123	43803	287	-123.0	123	43803	287	-123.0	123	43803	287	-123.0	123	43803	287	-123.0	123	43803
288	-124.0	124	43927	288	-124.0	124	43927	288	-124.0	124	43927	288	-124.0	124	43927	288	-124.0	124	43927	288	-124.0	124	43927	288	-124.0	124	43927	288	-124.0	124	43927	288	-124.0	124	43927	288	-124.0	124	43927	288	-124.0	124	43927
289	-145.0	145	44072	289	-145.0	145	44072	289	-145.0	145	44072	289	-145.0	145	44072	289	-145.0	145	44072	289	-145.0	145	44072	289	-145.0	145	44072	289	-145.0	145	44072	289	-145.0	145	44072	289	-145.0	145	44072	289	-145.0	145	44072
290	-107.0	107	44179	290	-107.0	107	44179	290	-107.0	107	44179	290	-107.0	107	44179	290	-107.0	107	44179	290	-107.0	107	44179	290	-107.0	107	44179	290	-107.0	107	44179	290	-107.0	107	44179	290	-107.0	107	44179	290	-107.0	107	44179
291	-109.0	109	44288	291	-109.0	109	44288	291	-109.0	109	44288	291	-109.0	109	44288	291	-109.0	109	44288	291	-109.0	109	44288	291	-109.0	109	44288	291	-109.0	109	44288	291	-109.0	109	44288	291	-109.0	109	44288	291	-109.0	109	44288
292	-139.0	139	44427	292	-139.0	139	44427	292	-139.0	139	44427	292	-139.0	139	44427	292	-139.0	139	44427	292	-139.0	139	44427	292	-139.0	139	44427	292	-139.0	139	44427	292	-139.0	139	44427	292	-139.0	139	44427	292	-139.0	139	44427
293	-136.0	136	44563	293	-136.0	136	44563	293	-136.0	136	44563	293	-136.0	136	44563	293	-136.0	136	44563	293	-136.0	136	44563	293	-136.0	136	44563	293	-136.0	136	44563	293	-136.0	136	44563	293	-136.0	136	44563	293	-136.0	136	44563
294	-109.0	109	44672	294	-109.0	109	44672	294	-109.0	109	44672	294	-109.0	109	44672	294	-109.0	109	44672	294	-109.0	109	44672	294	-109.0	109	44672	294	-109.0	109	44672	294	-109.0	109	44672	294	-109.0	109	44672	294	-109.0	109	44672
295	-107.0	107	44779	295	-107.0	107	44779	295	-107.0	107	44779	295	-107.0	107	44779	295	-107.0	107	44779	295	-107.0	107	44779	295	-107.0	107	44779	295	-107.0	107	44779	295	-107.0	107	44779	295	-107.0	107	44779	295	-107.0	107	44779
296	-109.0	109	44888	296	-109.0	109	44888	296	-109.0	109	44888	296	-109.0	109	44888	296	-109.0	109	44888	296	-109.0	109	44888	296	-109.0	109	44888	296	-109.0	109	44888	296	-109.0	109	44888	296	-109.0	109	44888	296	-109.0	109	44888
297	-145.0	145	45033	297	-145.0	145	45033	297	-145.0	145	45033	297	-145.0	145	45033	297	-145.0	145	45033	297	-145.0	145	45033	297	-145.0	145	45033	297	-145.0	145	45033	297	-145.0	145	45033	297	-145.0	145	45033	297	-145.0	145	45033
298	-114.0	114	45147	298	-114.0	114	45147	298	-114.0	114	45147	298	-114.0	114	45147	298	-114.0	114	45147	298	-114.0	114	45147	298	-114.0	114	45147	298	-114.0	114	45147	298	-114.0	114	45147	298	-114.0	114	45147	298	-114.0	114	45147
299	-138.0	138	45285	299	-138.0	138	45285	299	-138.0	138	45285	299	-138.0	138	45285	299	-138.0	138	45285	299	-138.0	138	45285	299	-138.0	138	45285	299	-138.0	138	45285	299	-138.0	138	45285	299	-138.0	138	45285	299	-138.0	138	45285
