Episode	Accumulated Reward	Length	Steps	Episode	Accumulated Reward	Length	Steps	Episode	Accumulated Reward	Length	Steps	Episode	Accumulated Reward	Length	Steps	Episode	Accumulated Reward	Length	Steps	Episode	Accumulated Reward	Length	Steps
0	-500.0	500	500	0	-500.0	500	500	0	-500.0	500	500	0	-500.0	500	500	0	-500.0	500	500	0	-500.0	500	500
1	-500.0	500	1000	1	-500.0	500	1000	1	-500.0	500	1000	1	-500.0	500	1000	1	-500.0	500	1000	1	-500.0	500	1000
2	-363.0	363	1363	2	-363.0	363	1363	2	-363.0	363	1363	2	-363.0	363	1363	2	-363.0	363	1363	2	-363.0	363	1363
3	-500.0	500	1863	3	-500.0	500	1863	3	-500.0	500	1863	3	-500.0	500	1863	3	-500.0	500	1863	3	-500.0	500	1863
4	-407.0	407	2270	4	-407.0	407	2270	4	-407.0	407	2270	4	-407.0	407	2270	4	-407.0	407	2270	4	-407.0	407	2270
5	-314.0	314	2584	5	-314.0	314	2584	5	-314.0	314	2584	5	-314.0	314	2584	5	-314.0	314	2584	5	-314.0	314	2584
6	-425.0	425	3009	6	-425.0	425	3009	6	-425.0	425	3009	6	-425.0	425	3009	6	-425.0	425	3009	6	-425.0	425	3009
7	-312.0	312	3321	7	-312.0	312	3321	7	-312.0	312	3321	7	-312.0	312	3321	7	-312.0	312	3321	7	-312.0	312	3321
8	-237.0	237	3558	8	-237.0	237	3558	8	-237.0	237	3558	8	-237.0	237	3558	8	-237.0	237	3558	8	-237.0	237	3558
9	-328.0	328	3886	9	-328.0	328	3886	9	-328.0	328	3886	9	-328.0	328	3886	9	-328.0	328	3886	9	-328.0	328	3886
10	-242.0	242	4128	10	-242.0	242	4128	10	-242.0	242	4128	10	-242.0	242	4128	10	-242.0	242	4128	10	-242.0	242	4128
11	-266.0	266	4394	11	-266.0	266	4394	11	-266.0	266	4394	11	-266.0	266	4394	11	-266.0	266	4394	11	-266.0	266	4394
12	-252.0	252	4646	12	-252.0	252	4646	12	-252.0	252	4646	12	-252.0	252	4646	12	-252.0	252	4646	12	-252.0	252	4646
13	-216.0	216	4862	13	-216.0	216	4862	13	-216.0	216	4862	13	-216.0	216	4862	13	-216.0	216	4862	13	-216.0	216	4862
14	-191.0	191	5053	14	-191.0	191	5053	14	-191.0	191	5053	14	-191.0	191	5053	14	-191.0	191	5053	14	-191.0	191	5053
15	-184.0	184	5237	15	-184.0	184	5237	15	-184.0	184	5237	15	-184.0	184	5237	15	-184.0	184	5237	15	-184.0	184	5237
16	-155.0	155	5392	16	-155.0	155	5392	16	-155.0	155	5392	16	-155.0	155	5392	16	-155.0	155	5392	16	-155.0	155	5392
17	-224.0	224	5616	17	-224.0	224	5616	17	-224.0	224	5616	17	-224.0	224	5616	17	-224.0	224	5616	17	-224.0	224	5616
18	-221.0	221	5837	18	-221.0	221	5837	18	-221.0	221	5837	18	-221.0	221	5837	18	-221.0	221	5837	18	-221.0	221	5837
19	-208.0	208	6045	19	-208.0	208	6045	19	-208.0	208	6045	19	-208.0	208	6045	19	-208.0	208	6045	19	-208.0	208	6045
20	-188.0	188	6233	20	-188.0	188	6233	20	-188.0	188	6233	20	-188.0	188	6233	20	-188.0	188	6233	20	-188.0	188	6233
21	-167.0	167	6400	21	-167.0	167	6400	21	-167.0	167	6400	21	-167.0	167	6400	21	-167.0	167	6400	21	-167.0	167	6400
22	-156.0	156	6556	22	-156.0	156	6556	22	-156.0	156	6556	22	-156.0	156	6556	22	-156.0	156	6556	22	-156.0	156	6556
23	-213.0	213	6769	23	-213.0	213	6769	23	-213.0	213	6769	23	-213.0	213	6769	23	-213.0	213	6769	23	-213.0	213	6769
24	-192.0	192	6961	24	-192.0	192	6961	24	-192.0	192	6961	24	-192.0	192	6961	24	-192.0	192	6961	24	-192.0	192	6961
25	-153.0	153	7114	25	-153.0	153	7114	25	-153.0	153	7114	25	-153.0	153	7114	25	-153.0	153	7114	25	-153.0	153	7114
26	-187.0	187	7301	26	-187.0	187	7301	26	-187.0	187	7301	26	-187.0	187	7301	26	-187.0	187	7301	26	-187.0	187	7301
27	-114.0	114	7415	27	-114.0	114	7415	27	-114.0	114	7415	27	-114.0	114	7415	27	-114.0	114	7415	27	-114.0	114	7415
28	-152.0	152	7567	28	-152.0	152	7567	28	-152.0	152	7567	28	-152.0	152	7567	28	-152.0	152	7567	28	-152.0	152	7567
29	-148.0	148	7715	29	-148.0	148	7715	29	-148.0	148	7715	29	-148.0	148	7715	29	-148.0	148	7715	29	-148.0	148	7715
30	-145.0	145	7860	30	-145.0	145	7860	30	-145.0	145	7860	30	-145.0	145	7860	30	-145.0	145	7860	30	-145.0	145	7860
31	-147.0	147	8007	31	-147.0	147	8007	31	-147.0	147	8007	31	-147.0	147	8007	31	-147.0	147	8007	31	-147.0	147	8007
32	-184.0	184	8191	32	-184.0	184	8191	32	-184.0	184	8191	32	-184.0	184	8191	32	-184.0	184	8191	32	-184.0	184	8191
33	-175.0	175	8366	33	-175.0	175	8366	33	-175.0	175	8366	33	-175.0	175	8366	33	-175.0	175	8366	33	-175.0	175	8366
34	-152.0	152	8518	34	-152.0	152	8518	34	-152.0	152	8518	34	-152.0	152	8518	34	-152.0	152	8518	34	-152.0	152	8518
35	-150.0	150	8668	35	-150.0	150	8668	35	-150.0	150	8668	35	-150.0	150	8668	35	-150.0	150	8668	35	-150.0	150	8668
36	-193.0	193	8861	36	-193.0	193	8861	36	-193.0	193	8861	36	-193.0	193	8861	36	-193.0	193	8861	36	-193.0	193	8861
37	-196.0	196	9057	37	-196.0	196	9057	37	-196.0	196	9057	37	-196.0	196	9057	37	-196.0	196	9057	37	-196.0	196	9057
38	-199.0	199	9256	38	-199.0	199	9256	38	-199.0	199	9256	38	-199.0	199	9256	38	-199.0	199	9256	38	-199.0	199	9256
39	-158.0	158	9414	39	-158.0	158	9414	39	-158.0	158	9414	39	-158.0	158	9414	39	-158.0	158	9414	39	-158.0	158	9414
40	-142.0	142	9556	40	-142.0	142	9556	40	-142.0	142	9556	40	-142.0	142	9556	40	-142.0	142	9556	40	-142.0	142	9556
41	-142.0	142	9698	41	-142.0	142	9698	41	-142.0	142	9698	41	-142.0	142	9698	41	-142.0	142	9698	41	-142.0	142	9698
42	-147.0	147	9845	42	-147.0	147	9845	42	-147.0	147	9845	42	-147.0	147	9845	42	-147.0	147	9845	42	-147.0	147	9845
43	-134.0	134	9979	43	-134.0	134	9979	43	-134.0	134	9979	43	-134.0	134	9979	43	-134.0	134	9979	43	-134.0	134	9979
44	-135.0	135	10114	44	-135.0	135	10114	44	-135.0	135	10114	44	-135.0	135	10114	44	-135.0	135	10114	44	-135.0	135	10114
45	-149.0	149	10263	45	-149.0	149	10263	45	-149.0	149	10263	45	-149.0	149	10263	45	-149.0	149	10263	45	-149.0	149	10263
46	-111.0	111	10374	46	-111.0	111	10374	46	-111.0	111	10374	46	-111.0	111	10374	46	-111.0	111	10374	46	-111.0	111	10374
47	-115.0	115	10489	47	-115.0	115	10489	47	-115.0	115	10489	47	-115.0	115	10489	47	-115.0	115	10489	47	-115.0	115	10489
48	-112.0	112	10601	48	-112.0	112	10601	48	-112.0	112	10601	48	-112.0	112	10601	48	-112.0	112	10601	48	-112.0	112	10601
49	-150.0	150	10751	49	-150.0	150	10751	49	-150.0	150	10751	49	-150.0	150	10751	49	-150.0	150	10751	49	-150.0	150	10751
50	-177.0	177	10928	50	-177.0	177	10928	50	-177.0	177	10928	50	-177.0	177	10928	50	-177.0	177	10928	50	-177.0	177	10928
51	-143.0	143	11071	51	-143.0	143	11071	51	-143.0	143	11071	51	-143.0	143	11071	51	-143.0	143	11071	51	-143.0	143	11071
52	-220.0	220	11291	52	-220.0	220	11291	52	-220.0	220	11291	52	-220.0	220	11291	52	-220.0	220	11291	52	-220.0	220	11291
53	-154.0	154	11445	53	-154.0	154	11445	53	-154.0	154	11445	53	-154.0	154	11445	53	-154.0	154	11445	53	-154.0	154	11445
54	-146.0	146	11591	54	-146.0	146	11591	54	-146.0	146	11591	54	-146.0	146	11591	54	-146.0	146	11591	54	-146.0	146	11591
55	-147.0	147	11738	55	-147.0	147	11738	55	-147.0	147	11738	55	-147.0	147	11738	55	-147.0	147	11738	55	-147.0	147	11738
56	-145.0	145	11883	56	-145.0	145	11883	56	-145.0	145	11883	56	-145.0	145	11883	56	-145.0	145	11883	56	-145.0	145	11883
57	-145.0	145	12028	57	-145.0	145	12028	57	-145.0	145	12028	57	-145.0	145	12028	57	-145.0	145	12028	57	-145.0	145	12028
58	-146.0	146	12174	58	-146.0	146	12174	58	-146.0	146	12174	58	-146.0	146	12174	58	-146.0	146	12174	58	-146.0	146	12174
59	-142.0	142	12316	59	-142.0	142	12316	59	-142.0	142	12316	59	-142.0	142	12316	59	-142.0	142	12316	59	-142.0	142	12316
60	-143.0	143	12459	60	-143.0	143	12459	60	-143.0	143	12459	60	-143.0	143	12459	60	-143.0	143	12459	60	-143.0	143	12459
61	-143.0	143	12602	61	-143.0	143	12602	61	-143.0	143	12602	61	-143.0	143	12602	61	-143.0	143	12602	61	-143.0	143	12602
62	-132.0	132	12734	62	-132.0	132	12734	62	-132.0	132	12734	62	-132.0	132	12734	62	-132.0	132	12734	62	-132.0	132	12734
63	-149.0	149	12883	63	-149.0	149	12883	63	-149.0	149	12883	63	-149.0	149	12883	63	-149.0	149	12883	63	-149.0	149	12883
64	-145.0	145	13028	64	-145.0	145	13028	64	-145.0	145	13028	64	-145.0	145	13028	64	-145.0	145	13028	64	-145.0	145	13028
65	-146.0	146	13174	65	-146.0	146	13174	65	-146.0	146	13174	65	-146.0	146	13174	65	-146.0	146	13174	65	-146.0	146	13174
66	-144.0	144	13318	66	-144.0	144	13318	66	-144.0	144	13318	66	-144.0	144	13318	66	-144.0	144	13318	66	-144.0	144	13318
67	-139.0	139	13457	67	-139.0	139	13457	67	-139.0	139	13457	67	-139.0	139	13457	67	-139.0	139	13457	67	-139.0	139	13457
68	-140.0	140	13597	68	-140.0	140	13597	68	-140.0	140	13597	68	-140.0	140	13597	68	-140.0	140	13597	68	-140.0	140	13597
69	-148.0	148	13745	69	-148.0	148	13745	69	-148.0	148	13745	69	-148.0	148	13745	69	-148.0	148	13745	69	-148.0	148	13745
70	-181.0	181	13926	70	-181.0	181	13926	70	-181.0	181	13926	70	-181.0	181	13926	70	-181.0	181	13926	70	-181.0	181	13926
71	-144.0	144	14070	71	-144.0	144	14070	71	-144.0	144	14070	71	-144.0	144	14070	71	-144.0	144	14070	71	-144.0	144	14070
72	-142.0	142	14212	72	-142.0	142	14212	72	-142.0	142	14212	72	-142.0	142	14212	72	-142.0	142	14212	72	-142.0	142	14212
73	-147.0	147	14359	73	-147.0	147	14359	73	-147.0	147	14359	73	-147.0	147	14359	73	-147.0	147	14359	73	-147.0	147	14359
74	-145.0	145	14504	74	-145.0	145	14504	74	-145.0	145	14504	74	-145.0	145	14504	74	-145.0	145	14504	74	-145.0	145	14504
75	-139.0	139	14643	75	-139.0	139	14643	75	-139.0	139	14643	75	-139.0	139	14643	75	-139.0	139	14643	75	-139.0	139	14643
76	-112.0	112	14755	76	-112.0	112	14755	76	-112.0	112	14755	76	-112.0	112	14755	76	-112.0	112	14755	76	-112.0	112	14755
77	-180.0	180	14935	77	-180.0	180	14935	77	-180.0	180	14935	77	-180.0	180	14935	77	-180.0	180	14935	77	-180.0	180	14935
78	-207.0	207	15142	78	-207.0	207	15142	78	-207.0	207	15142	78	-207.0	207	15142	78	-207.0	207	15142	78	-207.0	207	15142
79	-168.0	168	15310	79	-168.0	168	15310	79	-168.0	168	15310	79	-168.0	168	15310	79	-168.0	168	15310	79	-168.0	168	15310
80	-144.0	144	15454	80	-144.0	144	15454	80	-144.0	144	15454	80	-144.0	144	15454	80	-144.0	144	15454	80	-144.0	144	15454
81	-137.0	137	15591	81	-137.0	137	15591	81	-137.0	137	15591	81	-137.0	137	15591	81	-137.0	137	15591	81	-137.0	137	15591
82	-181.0	181	15772	82	-181.0	181	15772	82	-181.0	181	15772	82	-181.0	181	15772	82	-181.0	181	15772	82	-181.0	181	15772
83	-144.0	144	15916	83	-144.0	144	15916	83	-144.0	144	15916	83	-144.0	144	15916	83	-144.0	144	15916	83	-144.0	144	15916
84	-145.0	145	16061	84	-145.0	145	16061	84	-145.0	145	16061	84	-145.0	145	16061	84	-145.0	145	16061	84	-145.0	145	16061
85	-109.0	109	16170	85	-109.0	109	16170	85	-109.0	109	16170	85	-109.0	109	16170	85	-109.0	109	16170	85	-109.0	109	16170
86	-109.0	109	16279	86	-109.0	109	16279	86	-109.0	109	16279	86	-109.0	109	16279	86	-109.0	109	16279	86	-109.0	109	16279
87	-150.0	150	16429	87	-150.0	150	16429	87	-150.0	150	16429	87	-150.0	150	16429	87	-150.0	150	16429	87	-150.0	150	16429
88	-148.0	148	16577	88	-148.0	148	16577	88	-148.0	148	16577	88	-148.0	148	16577	88	-148.0	148	16577	88	-148.0	148	16577
89	-152.0	152	16729	89	-152.0	152	16729	89	-152.0	152	16729	89	-152.0	152	16729	89	-152.0	152	16729	89	-152.0	152	16729
90	-110.0	110	16839	90	-110.0	110	16839	90	-110.0	110	16839	90	-110.0	110	16839	90	-110.0	110	16839	90	-110.0	110	16839
91	-160.0	160	16999	91	-160.0	160	16999	91	-160.0	160	16999	91	-160.0	160	16999	91	-160.0	160	16999	91	-160.0	160	16999
92	-183.0	183	17182	92	-183.0	183	17182	92	-183.0	183	17182	92	-183.0	183	17182	92	-183.0	183	17182	92	-183.0	183	17182
93	-138.0	138	17320	93	-138.0	138	17320	93	-138.0	138	17320	93	-138.0	138	17320	93	-138.0	138	17320	93	-138.0	138	17320
94	-140.0	140	17460	94	-140.0	140	17460	94	-140.0	140	17460	94	-140.0	140	17460	94	-140.0	140	17460	94	-140.0	140	17460
95	-147.0	147	17607	95	-147.0	147	17607	95	-147.0	147	17607	95	-147.0	147	17607	95	-147.0	147	17607	95	-147.0	147	17607
96	-137.0	137	17744	96	-137.0	137	17744	96	-137.0	137	17744	96	-137.0	137	17744	96	-137.0	137	17744	96	-137.0	137	17744
97	-140.0	140	17884	97	-140.0	140	17884	97	-140.0	140	17884	97	-140.0	140	17884	97	-140.0	140	17884	97	-140.0	140	17884
98	-137.0	137	18021	98	-137.0	137	18021	98	-137.0	137	18021	98	-137.0	137	18021	98	-137.0	137	18021	98	-137.0	137	18021
99	-135.0	135	18156	99	-135.0	135	18156	99	-135.0	135	18156	99	-135.0	135	18156	99	-135.0	135	18156	99	-135.0	135	18156
100	-139.0	139	18295	100	-139.0	139	18295	100	-139.0	139	18295	100	-139.0	139	18295	100	-139.0	139	18295	100	-139.0	139	18295
101	-140.0	140	18435	101	-140.0	140	18435	101	-140.0	140	18435	101	-140.0	140	18435	101	-140.0	140	18435	101	-140.0	140	18435
102	-134.0	134	18569	102	-134.0	134	18569	102	-134.0	134	18569	102	-134.0	134	18569	102	-134.0	134	18569	102	-134.0	134	18569
103	-143.0	143	18712	103	-143.0	143	18712	103	-143.0	143	18712	103	-143.0	143	18712	103	-143.0	143	18712	103	-143.0	143	18712
104	-235.0	235	18947	104	-235.0	235	18947	104	-235.0	235	18947	104	-235.0	235	18947	104	-235.0	235	18947	104	-235.0	235	18947
105	-126.0	126	19073	105	-126.0	126	19073	105	-126.0	126	19073	105	-126.0	126	19073	105	-126.0	126	19073	105	-126.0	126	19073
106	-182.0	182	19255	106	-182.0	182	19255	106	-182.0	182	19255	106	-182.0	182	19255	106	-182.0	182	19255	106	-182.0	182	19255
107	-203.0	203	19458	107	-203.0	203	19458	107	-203.0	203	19458	107	-203.0	203	19458	107	-203.0	203	19458	107	-203.0	203	19458
108	-195.0	195	19653	108	-195.0	195	19653	108	-195.0	195	19653	108	-195.0	195	19653	108	-195.0	195	19653	108	-195.0	195	19653
109	-142.0	142	19795	109	-142.0	142	19795	109	-142.0	142	19795	109	-142.0	142	19795	109	-142.0	142	19795	109	-142.0	142	19795
110	-120.0	120	19915	110	-120.0	120	19915	110	-120.0	120	19915	110	-120.0	120	19915	110	-120.0	120	19915	110	-120.0	120	19915
111	-171.0	171	20086	111	-171.0	171	20086	111	-171.0	171	20086	111	-171.0	171	20086	111	-171.0	171	20086	111	-171.0	171	20086
112	-140.0	140	20226	112	-140.0	140	20226	112	-140.0	140	20226	112	-140.0	140	20226	112	-140.0	140	20226	112	-140.0	140	20226
113	-144.0	144	20370	113	-144.0	144	20370	113	-144.0	144	20370	113	-144.0	144	20370	113	-144.0	144	20370	113	-144.0	144	20370
114	-145.0	145	20515	114	-145.0	145	20515	114	-145.0	145	20515	114	-145.0	145	20515	114	-145.0	145	20515	114	-145.0	145	20515
115	-146.0	146	20661	115	-146.0	146	20661	115	-146.0	146	20661	115	-146.0	146	20661	115	-146.0	146	20661	115	-146.0	146	20661
116	-112.0	112	20773	116	-112.0	112	20773	116	-112.0	112	20773	116	-112.0	112	20773	116	-112.0	112	20773	116	-112.0	112	20773
117	-159.0	159	20932	117	-159.0	159	20932	117	-159.0	159	20932	117	-159.0	159	20932	117	-159.0	159	20932	117	-159.0	159	20932
118	-148.0	148	21080	118	-148.0	148	21080	118	-148.0	148	21080	118	-148.0	148	21080	118	-148.0	148	21080	118	-148.0	148	21080
119	-149.0	149	21229	119	-149.0	149	21229	119	-149.0	149	21229	119	-149.0	149	21229	119	-149.0	149	21229	119	-149.0	149	21229
120	-140.0	140	21369	120	-140.0	140	21369	120	-140.0	140	21369	120	-140.0	140	21369	120	-140.0	140	21369	120	-140.0	140	21369
121	-136.0	136	21505	121	-136.0	136	21505	121	-136.0	136	21505	121	-136.0	136	21505	121	-136.0	136	21505	121	-136.0	136	21505
122	-156.0	156	21661	122	-156.0	156	21661	122	-156.0	156	21661	122	-156.0	156	21661	122	-156.0	156	21661	122	-156.0	156	21661
123	-140.0	140	21801	123	-140.0	140	21801	123	-140.0	140	21801	123	-140.0	140	21801	123	-140.0	140	21801	123	-140.0	140	21801
124	-107.0	107	21908	124	-107.0	107	21908	124	-107.0	107	21908	124	-107.0	107	21908	124	-107.0	107	21908	124	-107.0	107	21908
125	-171.0	171	22079	125	-171.0	171	22079	125	-171.0	171	22079	125	-171.0	171	22079	125	-171.0	171	22079	125	-171.0	171	22079
126	-169.0	169	22248	126	-169.0	169	22248	126	-169.0	169	22248	126	-169.0	169	22248	126	-169.0	169	22248	126	-169.0	169	22248
127	-136.0	136	22384	127	-136.0	136	22384	127	-136.0	136	22384	127	-136.0	136	22384	127	-136.0	136	22384	127	-136.0	136	22384
128	-162.0	162	22546	128	-162.0	162	22546	128	-162.0	162	22546	128	-162.0	162	22546	128	-162.0	162	22546	128	-162.0	162	22546
129	-192.0	192	22738	129	-192.0	192	22738	129	-192.0	192	22738	129	-192.0	192	22738	129	-192.0	192	22738	129	-192.0	192	22738
130	-136.0	136	22874	130	-136.0	136	22874	130	-136.0	136	22874	130	-136.0	136	22874	130	-136.0	136	22874	130	-136.0	136	22874
131	-115.0	115	22989	131	-115.0	115	22989	131	-115.0	115	22989	131	-115.0	115	22989	131	-115.0	115	22989	131	-115.0	115	22989
132	-141.0	141	23130	132	-141.0	141	23130	132	-141.0	141	23130	132	-141.0	141	23130	132	-141.0	141	23130	132	-141.0	141	23130
133	-113.0	113	23243	133	-113.0	113	23243	133	-113.0	113	23243	133	-113.0	113	23243	133	-113.0	113	23243	133	-113.0	113	23243
134	-108.0	108	23351	134	-108.0	108	23351	134	-108.0	108	23351	134	-108.0	108	23351	134	-108.0	108	23351	134	-108.0	108	23351
135	-141.0	141	23492	135	-141.0	141	23492	135	-141.0	141	23492	135	-141.0	141	23492	135	-141.0	141	23492	135	-141.0	141	23492
136	-107.0	107	23599	136	-107.0	107	23599	136	-107.0	107	23599	136	-107.0	107	23599	136	-107.0	107	23599	136	-107.0	107	23599
137	-110.0	110	23709	137	-110.0	110	23709	137	-110.0	110	23709	137	-110.0	110	23709	137	-110.0	110	23709	137	-110.0	110	23709
138	-109.0	109	23818	138	-109.0	109	23818	138	-109.0	109	23818	138	-109.0	109	23818	138	-109.0	109	23818	138	-109.0	109	23818
139	-111.0	111	23929	139	-111.0	111	23929	139	-111.0	111	23929	139	-111.0	111	23929	139	-111.0	111	23929	139	-111.0	111	23929
140	-112.0	112	24041	140	-112.0	112	24041	140	-112.0	112	24041	140	-112.0	112	24041	140	-112.0	112	24041	140	-112.0	112	24041
141	-109.0	109	24150	141	-109.0	109	24150	141	-109.0	109	24150	141	-109.0	109	24150	141	-109.0	109	24150	141	-109.0	109	24150
142	-150.0	150	24300	142	-150.0	150	24300	142	-150.0	150	24300	142	-150.0	150	24300	142	-150.0	150	24300	142	-150.0	150	24300
143	-138.0	138	24438	143	-138.0	138	24438	143	-138.0	138	24438	143	-138.0	138	24438	143	-138.0	138	24438	143	-138.0	138	24438
144	-140.0	140	24578	144	-140.0	140	24578	144	-140.0	140	24578	144	-140.0	140	24578	144	-140.0	140	24578	144	-140.0	140	24578
145	-134.0	134	24712	145	-134.0	134	24712	145	-134.0	134	24712	145	-134.0	134	24712	145	-134.0	134	24712	145	-134.0	134	24712
146	-135.0	135	24847	146	-135.0	135	24847	146	-135.0	135	24847	146	-135.0	135	24847	146	-135.0	135	24847	146	-135.0	135	24847
147	-136.0	136	24983	147	-136.0	136	24983	147	-136.0	136	24983	147	-136.0	136	24983	147	-136.0	136	24983	147	-136.0	136	24983
148	-135.0	135	25118	148	-135.0	135	25118	148	-135.0	135	25118	148	-135.0	135	25118	148	-135.0	135	25118	148	-135.0	135	25118
149	-137.0	137	25255	149	-137.0	137	25255	149	-137.0	137	25255	149	-137.0	137	25255	149	-137.0	137	25255	149	-137.0	137	25255
150	-136.0	136	25391	150	-136.0	136	25391	150	-136.0	136	25391	150	-136.0	136	25391	150	-136.0	136	25391	150	-136.0	136	25391
151	-146.0	146	25537	151	-146.0	146	25537	151	-146.0	146	25537	151	-146.0	146	25537	151	-146.0	146	25537	151	-146.0	146	25537
152	-139.0	139	25676	152	-139.0	139	25676	152	-139.0	139	25676	152	-139.0	139	25676	152	-139.0	139	25676	152	-139.0	139	25676
153	-138.0	138	25814	153	-138.0	138	25814	153	-138.0	138	25814	153	-138.0	138	25814	153	-138.0	138	25814	153	-138.0	138	25814
154	-167.0	167	25981	154	-167.0	167	25981	154	-167.0	167	25981	154	-167.0	167	25981	154	-167.0	167	25981	154	-167.0	167	25981
155	-157.0	157	26138	155	-157.0	157	26138	155	-157.0	157	26138	155	-157.0	157	26138	155	-157.0	157	26138	155	-157.0	157	26138
156	-105.0	105	26243	156	-105.0	105	26243	156	-105.0	105	26243	156	-105.0	105	26243	156	-105.0	105	26243	156	-105.0	105	26243
157	-148.0	148	26391	157	-148.0	148	26391	157	-148.0	148	26391	157	-148.0	148	26391	157	-148.0	148	26391	157	-148.0	148	26391
158	-136.0	136	26527	158	-136.0	136	26527	158	-136.0	136	26527	158	-136.0	136	26527	158	-136.0	136	26527	158	-136.0	136	26527
159	-111.0	111	26638	159	-111.0	111	26638	159	-111.0	111	26638	159	-111.0	111	26638	159	-111.0	111	26638	159	-111.0	111	26638
160	-142.0	142	26780	160	-142.0	142	26780	160	-142.0	142	26780	160	-142.0	142	26780	160	-142.0	142	26780	160	-142.0	142	26780
161	-137.0	137	26917	161	-137.0	137	26917	161	-137.0	137	26917	161	-137.0	137	26917	161	-137.0	137	26917	161	-137.0	137	26917
162	-108.0	108	27025	162	-108.0	108	27025	162	-108.0	108	27025	162	-108.0	108	27025	162	-108.0	108	27025	162	-108.0	108	27025
163	-107.0	107	27132	163	-107.0	107	27132	163	-107.0	107	27132	163	-107.0	107	27132	163	-107.0	107	27132	163	-107.0	107	27132
164	-106.0	106	27238	164	-106.0	106	27238	164	-106.0	106	27238	164	-106.0	106	27238	164	-106.0	106	27238	164	-106.0	106	27238
165	-147.0	147	27385	165	-147.0	147	27385	165	-147.0	147	27385	165	-147.0	147	27385	165	-147.0	147	27385	165	-147.0	147	27385
166	-141.0	141	27526	166	-141.0	141	27526	166	-141.0	141	27526	166	-141.0	141	27526	166	-141.0	141	27526	166	-141.0	141	27526
167	-138.0	138	27664	167	-138.0	138	27664	167	-138.0	138	27664	167	-138.0	138	27664	167	-138.0	138	27664	167	-138.0	138	27664
168	-140.0	140	27804	168	-140.0	140	27804	168	-140.0	140	27804	168	-140.0	140	27804	168	-140.0	140	27804	168	-140.0	140	27804
169	-108.0	108	27912	169	-108.0	108	27912	169	-108.0	108	27912	169	-108.0	108	27912	169	-108.0	108	27912	169	-108.0	108	27912
170	-108.0	108	28020	170	-108.0	108	28020	170	-108.0	108	28020	170	-108.0	108	28020	170	-108.0	108	28020	170	-108.0	108	28020
171	-119.0	119	28139	171	-119.0	119	28139	171	-119.0	119	28139	171	-119.0	119	28139	171	-119.0	119	28139	171	-119.0	119	28139
172	-151.0	151	28290	172	-151.0	151	28290	172	-151.0	151	28290	172	-151.0	151	28290	172	-151.0	151	28290	172	-151.0	151	28290
173	-144.0	144	28434	173	-144.0	144	28434	173	-144.0	144	28434	173	-144.0	144	28434	173	-144.0	144	28434	173	-144.0	144	28434
174	-144.0	144	28578	174	-144.0	144	28578	174	-144.0	144	28578	174	-144.0	144	28578	174	-144.0	144	28578	174	-144.0	144	28578
175	-138.0	138	28716	175	-138.0	138	28716	175	-138.0	138	28716	175	-138.0	138	28716	175	-138.0	138	28716	175	-138.0	138	28716
176	-132.0	132	28848	176	-132.0	132	28848	176	-132.0	132	28848	176	-132.0	132	28848	176	-132.0	132	28848	176	-132.0	132	28848
177	-134.0	134	28982	177	-134.0	134	28982	177	-134.0	134	28982	177	-134.0	134	28982	177	-134.0	134	28982	177	-134.0	134	28982
178	-132.0	132	29114	178	-132.0	132	29114	178	-132.0	132	29114	178	-132.0	132	29114	178	-132.0	132	29114	178	-132.0	132	29114
179	-136.0	136	29250	179	-136.0	136	29250	179	-136.0	136	29250	179	-136.0	136	29250	179	-136.0	136	29250	179	-136.0	136	29250
180	-137.0	137	29387	180	-137.0	137	29387	180	-137.0	137	29387	180	-137.0	137	29387	180	-137.0	137	29387	180	-137.0	137	29387
181	-134.0	134	29521	181	-134.0	134	29521	181	-134.0	134	29521	181	-134.0	134	29521	181	-134.0	134	29521	181	-134.0	134	29521
182	-135.0	135	29656	182	-135.0	135	29656	182	-135.0	135	29656	182	-135.0	135	29656	182	-135.0	135	29656	182	-135.0	135	29656
183	-144.0	144	29800	183	-144.0	144	29800	183	-144.0	144	29800	183	-144.0	144	29800	183	-144.0	144	29800	183	-144.0	144	29800
184	-139.0	139	29939	184	-139.0	139	29939	184	-139.0	139	29939	184	-139.0	139	29939	184	-139.0	139	29939	184	-139.0	139	29939
185	-140.0	140	30079	185	-140.0	140	30079	185	-140.0	140	30079	185	-140.0	140	30079	185	-140.0	140	30079	185	-140.0	140	30079
186	-118.0	118	30197	186	-118.0	118	30197	186	-118.0	118	30197	186	-118.0	118	30197	186	-118.0	118	30197	186	-118.0	118	30197
187	-109.0	109	30306	187	-109.0	109	30306	187	-109.0	109	30306	187	-109.0	109	30306	187	-109.0	109	30306	187	-109.0	109	30306
188	-173.0	173	30479	188	-173.0	173	30479	188	-173.0	173	30479	188	-173.0	173	30479	188	-173.0	173	30479	188	-173.0	173	30479
189	-107.0	107	30586	189	-107.0	107	30586	189	-107.0	107	30586	189	-107.0	107	30586	189	-107.0	107	30586	189	-107.0	107	30586
190	-107.0	107	30693	190	-107.0	107	30693	190	-107.0	107	30693	190	-107.0	107	30693	190	-107.0	107	30693	190	-107.0	107	30693
191	-108.0	108	30801	191	-108.0	108	30801	191	-108.0	108	30801	191	-108.0	108	30801	191	-108.0	108	30801	191	-108.0	108	30801
192	-112.0	112	30913	192	-112.0	112	30913	192	-112.0	112	30913	192	-112.0	112	30913	192	-112.0	112	30913	192	-112.0	112	30913
193	-155.0	155	31068	193	-155.0	155	31068	193	-155.0	155	31068	193	-155.0	155	31068	193	-155.0	155	31068	193	-155.0	155	31068
194	-136.0	136	31204	194	-136.0	136	31204	194	-136.0	136	31204	194	-136.0	136	31204	194	-136.0	136	31204	194	-136.0	136	31204
195	-137.0	137	31341	195	-137.0	137	31341	195	-137.0	137	31341	195	-137.0	137	31341	195	-137.0	137	31341	195	-137.0	137	31341
196	-156.0	156	31497	196	-156.0	156	31497	196	-156.0	156	31497	196	-156.0	156	31497	196	-156.0	156	31497	196	-156.0	156	31497
197	-109.0	109	31606	197	-109.0	109	31606	197	-109.0	109	31606	197	-109.0	109	31606	197	-109.0	109	31606	197	-109.0	109	31606
198	-148.0	148	31754	198	-148.0	148	31754	198	-148.0	148	31754	198	-148.0	148	31754	198	-148.0	148	31754	198	-148.0	148	31754
199	-107.0	107	31861	199	-107.0	107	31861	199	-107.0	107	31861	199	-107.0	107	31861	199	-107.0	107	31861	199	-107.0	107	31861
200	-202.0	202	32063	200	-202.0	202	32063	200	-202.0	202	32063	200	-202.0	202	32063	200	-202.0	202	32063	200	-202.0	202	32063
201	-162.0	162	32225	201	-162.0	162	32225	201	-162.0	162	32225	201	-162.0	162	32225	201	-162.0	162	32225	201	-162.0	162	32225
202	-109.0	109	32334	202	-109.0	109	32334	202	-109.0	109	32334	202	-109.0	109	32334	202	-109.0	109	32334	202	-109.0	109	32334
203	-162.0	162	32496	203	-162.0	162	32496	203	-162.0	162	32496	203	-162.0	162	32496	203	-162.0	162	32496	203	-162.0	162	32496
204	-137.0	137	32633	204	-137.0	137	32633	204	-137.0	137	32633	204	-137.0	137	32633	204	-137.0	137	32633	204	-137.0	137	32633
205	-140.0	140	32773	205	-140.0	140	32773	205	-140.0	140	32773	205	-140.0	140	32773	205	-140.0	140	32773	205	-140.0	140	32773
206	-121.0	121	32894	206	-121.0	121	32894	206	-121.0	121	32894	206	-121.0	121	32894	206	-121.0	121	32894	206	-121.0	121	32894
207	-161.0	161	33055	207	-161.0	161	33055	207	-161.0	161	33055	207	-161.0	161	33055	207	-161.0	161	33055	207	-161.0	161	33055
208	-157.0	157	33212	208	-157.0	157	33212	208	-157.0	157	33212	208	-157.0	157	33212	208	-157.0	157	33212	208	-157.0	157	33212
209	-139.0	139	33351	209	-139.0	139	33351	209	-139.0	139	33351	209	-139.0	139	33351	209	-139.0	139	33351	209	-139.0	139	33351
210	-134.0	134	33485	210	-134.0	134	33485	210	-134.0	134	33485	210	-134.0	134	33485	210	-134.0	134	33485	210	-134.0	134	33485
211	-139.0	139	33624	211	-139.0	139	33624	211	-139.0	139	33624	211	-139.0	139	33624	211	-139.0	139	33624	211	-139.0	139	33624
212	-141.0	141	33765	212	-141.0	141	33765	212	-141.0	141	33765	212	-141.0	141	33765	212	-141.0	141	33765	212	-141.0	141	33765
213	-142.0	142	33907	213	-142.0	142	33907	213	-142.0	142	33907	213	-142.0	142	33907	213	-142.0	142	33907	213	-142.0	142	33907
214	-139.0	139	34046	214	-139.0	139	34046	214	-139.0	139	34046	214	-139.0	139	34046	214	-139.0	139	34046	214	-139.0	139	34046
215	-129.0	129	34175	215	-129.0	129	34175	215	-129.0	129	34175	215	-129.0	129	34175	215	-129.0	129	34175	215	-129.0	129	34175
216	-118.0	118	34293	216	-118.0	118	34293	216	-118.0	118	34293	216	-118.0	118	34293	216	-118.0	118	34293	216	-118.0	118	34293
217	-108.0	108	34401	217	-108.0	108	34401	217	-108.0	108	34401	217	-108.0	108	34401	217	-108.0	108	34401	217	-108.0	108	34401
218	-106.0	106	34507	218	-106.0	106	34507	218	-106.0	106	34507	218	-106.0	106	34507	218	-106.0	106	34507	218	-106.0	106	34507
219	-106.0	106	34613	219	-106.0	106	34613	219	-106.0	106	34613	219	-106.0	106	34613	219	-106.0	106	34613	219	-106.0	106	34613
220	-137.0	137	34750	220	-137.0	137	34750	220	-137.0	137	34750	220	-137.0	137	34750	220	-137.0	137	34750	220	-137.0	137	34750
221	-138.0	138	34888	221	-138.0	138	34888	221	-138.0	138	34888	221	-138.0	138	34888	221	-138.0	138	34888	221	-138.0	138	34888
222	-109.0	109	34997	222	-109.0	109	34997	222	-109.0	109	34997	222	-109.0	109	34997	222	-109.0	109	34997	222	-109.0	109	34997
223	-181.0	181	35178	223	-181.0	181	35178	223	-181.0	181	35178	223	-181.0	181	35178	223	-181.0	181	35178	223	-181.0	181	35178
224	-108.0	108	35286	224	-108.0	108	35286	224	-108.0	108	35286	224	-108.0	108	35286	224	-108.0	108	35286	224	-108.0	108	35286
225	-138.0	138	35424	225	-138.0	138	35424	225	-138.0	138	35424	225	-138.0	138	35424	225	-138.0	138	35424	225	-138.0	138	35424
226	-109.0	109	35533	226	-109.0	109	35533	226	-109.0	109	35533	226	-109.0	109	35533	226	-109.0	109	35533	226	-109.0	109	35533
227	-138.0	138	35671	227	-138.0	138	35671	227	-138.0	138	35671	227	-138.0	138	35671	227	-138.0	138	35671	227	-138.0	138	35671
228	-108.0	108	35779	228	-108.0	108	35779	228	-108.0	108	35779	228	-108.0	108	35779	228	-108.0	108	35779	228	-108.0	108	35779
229	-108.0	108	35887	229	-108.0	108	35887	229	-108.0	108	35887	229	-108.0	108	35887	229	-108.0	108	35887	229	-108.0	108	35887
230	-189.0	189	36076	230	-189.0	189	36076	230	-189.0	189	36076	230	-189.0	189	36076	230	-189.0	189	36076	230	-189.0	189	36076
231	-138.0	138	36214	231	-138.0	138	36214	231	-138.0	138	36214	231	-138.0	138	36214	231	-138.0	138	36214	231	-138.0	138	36214
232	-129.0	129	36343	232	-129.0	129	36343	232	-129.0	129	36343	232	-129.0	129	36343	232	-129.0	129	36343	232	-129.0	129	36343
233	-108.0	108	36451	233	-108.0	108	36451	233	-108.0	108	36451	233	-108.0	108	36451	233	-108.0	108	36451	233	-108.0	108	36451
234	-200.0	200	36651	234	-200.0	200	36651	234	-200.0	200	36651	234	-200.0	200	36651	234	-200.0	200	36651	234	-200.0	200	36651
235	-169.0	169	36820	235	-169.0	169	36820	235	-169.0	169	36820	235	-169.0	169	36820	235	-169.0	169	36820	235	-169.0	169	36820
236	-136.0	136	36956	236	-136.0	136	36956	236	-136.0	136	36956	236	-136.0	136	36956	236	-136.0	136	36956	236	-136.0	136	36956
237	-136.0	136	37092	237	-136.0	136	37092	237	-136.0	136	37092	237	-136.0	136	37092	237	-136.0	136	37092	237	-136.0	136	37092
238	-135.0	135	37227	238	-135.0	135	37227	238	-135.0	135	37227	238	-135.0	135	37227	238	-135.0	135	37227	238	-135.0	135	37227
239	-187.0	187	37414	239	-187.0	187	37414	239	-187.0	187	37414	239	-187.0	187	37414	239	-187.0	187	37414	239	-187.0	187	37414
240	-136.0	136	37550	240	-136.0	136	37550	240	-136.0	136	37550	240	-136.0	136	37550	240	-136.0	136	37550	240	-136.0	136	37550
241	-126.0	126	37676	241	-126.0	126	37676	241	-126.0	126	37676	241	-126.0	126	37676	241	-126.0	126	37676	241	-126.0	126	37676
242	-135.0	135	37811	242	-135.0	135	37811	242	-135.0	135	37811	242	-135.0	135	37811	242	-135.0	135	37811	242	-135.0	135	37811
243	-134.0	134	37945	243	-134.0	134	37945	243	-134.0	134	37945	243	-134.0	134	37945	243	-134.0	134	37945	243	-134.0	134	37945
244	-135.0	135	38080	244	-135.0	135	38080	244	-135.0	135	38080	244	-135.0	135	38080	244	-135.0	135	38080	244	-135.0	135	38080
245	-137.0	137	38217	245	-137.0	137	38217	245	-137.0	137	38217	245	-137.0	137	38217	245	-137.0	137	38217	245	-137.0	137	38217
246	-133.0	133	38350	246	-133.0	133	38350	246	-133.0	133	38350	246	-133.0	133	38350	246	-133.0	133	38350	246	-133.0	133	38350
247	-129.0	129	38479	247	-129.0	129	38479	247	-129.0	129	38479	247	-129.0	129	38479	247	-129.0	129	38479	247	-129.0	129	38479
248	-195.0	195	38674	248	-195.0	195	38674	248	-195.0	195	38674	248	-195.0	195	38674	248	-195.0	195	38674	248	-195.0	195	38674
249	-138.0	138	38812	249	-138.0	138	38812	249	-138.0	138	38812	249	-138.0	138	38812	249	-138.0	138	38812	249	-138.0	138	38812
250	-135.0	135	38947	250	-135.0	135	38947	250	-135.0	135	38947	250	-135.0	135	38947	250	-135.0	135	38947	250	-135.0	135	38947
251	-136.0	136	39083	251	-136.0	136	39083	251	-136.0	136	39083	251	-136.0	136	39083	251	-136.0	136	39083	251	-136.0	136	39083
252	-140.0	140	39223	252	-140.0	140	39223	252	-140.0	140	39223	252	-140.0	140	39223	252	-140.0	140	39223	252	-140.0	140	39223
253	-137.0	137	39360	253	-137.0	137	39360	253	-137.0	137	39360	253	-137.0	137	39360	253	-137.0	137	39360	253	-137.0	137	39360
254	-139.0	139	39499	254	-139.0	139	39499	254	-139.0	139	39499	254	-139.0	139	39499	254	-139.0	139	39499	254	-139.0	139	39499
255	-140.0	140	39639	255	-140.0	140	39639	255	-140.0	140	39639	255	-140.0	140	39639	255	-140.0	140	39639	255	-140.0	140	39639
256	-143.0	143	39782	256	-143.0	143	39782	256	-143.0	143	39782	256	-143.0	143	39782	256	-143.0	143	39782	256	-143.0	143	39782
257	-132.0	132	39914	257	-132.0	132	39914	257	-132.0	132	39914	257	-132.0	132	39914	257	-132.0	132	39914	257	-132.0	132	39914
258	-135.0	135	40049	258	-135.0	135	40049	258	-135.0	135	40049	258	-135.0	135	40049	258	-135.0	135	40049	258	-135.0	135	40049
259	-140.0	140	40189	259	-140.0	140	40189	259	-140.0	140	40189	259	-140.0	140	40189	259	-140.0	140	40189	259	-140.0	140	40189
260	-143.0	143	40332	260	-143.0	143	40332	260	-143.0	143	40332	260	-143.0	143	40332	260	-143.0	143	40332	260	-143.0	143	40332
261	-140.0	140	40472	261	-140.0	140	40472	261	-140.0	140	40472	261	-140.0	140	40472	261	-140.0	140	40472	261	-140.0	140	40472
262	-164.0	164	40636	262	-164.0	164	40636	262	-164.0	164	40636	262	-164.0	164	40636	262	-164.0	164	40636	262	-164.0	164	40636
263	-85.0	85	40721	263	-85.0	85	40721	263	-85.0	85	40721	263	-85.0	85	40721	263	-85.0	85	40721	263	-85.0	85	40721
264	-162.0	162	40883	264	-162.0	162	40883	264	-162.0	162	40883	264	-162.0	162	40883	264	-162.0	162	40883	264	-162.0	162	40883
265	-136.0	136	41019	265	-136.0	136	41019	265	-136.0	136	41019	265	-136.0	136	41019	265	-136.0	136	41019	265	-136.0	136	41019
266	-134.0	134	41153	266	-134.0	134	41153	266	-134.0	134	41153	266	-134.0	134	41153	266	-134.0	134	41153	266	-134.0	134	41153
267	-91.0	91	41244	267	-91.0	91	41244	267	-91.0	91	41244	267	-91.0	91	41244	267	-91.0	91	41244	267	-91.0	91	41244
268	-156.0	156	41400	268	-156.0	156	41400	268	-156.0	156	41400	268	-156.0	156	41400	268	-156.0	156	41400	268	-156.0	156	41400
269	-136.0	136	41536	269	-136.0	136	41536	269	-136.0	136	41536	269	-136.0	136	41536	269	-136.0	136	41536	269	-136.0	136	41536
270	-130.0	130	41666	270	-130.0	130	41666	270	-130.0	130	41666	270	-130.0	130	41666	270	-130.0	130	41666	270	-130.0	130	41666
271	-134.0	134	41800	271	-134.0	134	41800	271	-134.0	134	41800	271	-134.0	134	41800	271	-134.0	134	41800	271	-134.0	134	41800
272	-109.0	109	41909	272	-109.0	109	41909	272	-109.0	109	41909	272	-109.0	109	41909	272	-109.0	109	41909	272	-109.0	109	41909
273	-133.0	133	42042	273	-133.0	133	42042	273	-133.0	133	42042	273	-133.0	133	42042	273	-133.0	133	42042	273	-133.0	133	42042
274	-110.0	110	42152	274	-110.0	110	42152	274	-110.0	110	42152	274	-110.0	110	42152	274	-110.0	110	42152	274	-110.0	110	42152
275	-104.0	104	42256	275	-104.0	104	42256	275	-104.0	104	42256	275	-104.0	104	42256	275	-104.0	104	42256	275	-104.0	104	42256
276	-86.0	86	42342	276	-86.0	86	42342	276	-86.0	86	42342	276	-86.0	86	42342	276	-86.0	86	42342	276	-86.0	86	42342
277	-103.0	103	42445	277	-103.0	103	42445	277	-103.0	103	42445	277	-103.0	103	42445	277	-103.0	103	42445	277	-103.0	103	42445
278	-105.0	105	42550	278	-105.0	105	42550	278	-105.0	105	42550	278	-105.0	105	42550	278	-105.0	105	42550	278	-105.0	105	42550
279	-108.0	108	42658	279	-108.0	108	42658	279	-108.0	108	42658	279	-108.0	108	42658	279	-108.0	108	42658	279	-108.0	108	42658
280	-138.0	138	42796	280	-138.0	138	42796	280	-138.0	138	42796	280	-138.0	138	42796	280	-138.0	138	42796	280	-138.0	138	42796
281	-104.0	104	42900	281	-104.0	104	42900	281	-104.0	104	42900	281	-104.0	104	42900	281	-104.0	104	42900	281	-104.0	104	42900
282	-141.0	141	43041	282	-141.0	141	43041	282	-141.0	141	43041	282	-141.0	141	43041	282	-141.0	141	43041	282	-141.0	141	43041
283	-105.0	105	43146	283	-105.0	105	43146	283	-105.0	105	43146	283	-105.0	105	43146	283	-105.0	105	43146	283	-105.0	105	43146
284	-95.0	95	43241	284	-95.0	95	43241	284	-95.0	95	43241	284	-95.0	95	43241	284	-95.0	95	43241	284	-95.0	95	43241
285	-142.0	142	43383	285	-142.0	142	43383	285	-142.0	142	43383	285	-142.0	142	43383	285	-142.0	142	43383	285	-142.0	142	43383
286	-108.0	108	43491	286	-108.0	108	43491	286	-108.0	108	43491	286	-108.0	108	43491	286	-108.0	108	43491	286	-108.0	108	43491
287	-105.0	105	43596	287	-105.0	105	43596	287	-105.0	105	43596	287	-105.0	105	43596	287	-105.0	105	43596	287	-105.0	105	43596
288	-106.0	106	43702	288	-106.0	106	43702	288	-106.0	106	43702	288	-106.0	106	43702	288	-106.0	106	43702	288	-106.0	106	43702
289	-138.0	138	43840	289	-138.0	138	43840	289	-138.0	138	43840	289	-138.0	138	43840	289	-138.0	138	43840	289	-138.0	138	43840
290	-106.0	106	43946	290	-106.0	106	43946	290	-106.0	106	43946	290	-106.0	106	43946	290	-106.0	106	43946	290	-106.0	106	43946
291	-106.0	106	44052	291	-106.0	106	44052	291	-106.0	106	44052	291	-106.0	106	44052	291	-106.0	106	44052	291	-106.0	106	44052
292	-106.0	106	44158	292	-106.0	106	44158	292	-106.0	106	44158	292	-106.0	106	44158	292	-106.0	106	44158	292	-106.0	106	44158
293	-106.0	106	44264	293	-106.0	106	44264	293	-106.0	106	44264	293	-106.0	106	44264	293	-106.0	106	44264	293	-106.0	106	44264
294	-138.0	138	44402	294	-138.0	138	44402	294	-138.0	138	44402	294	-138.0	138	44402	294	-138.0	138	44402	294	-138.0	138	44402
295	-136.0	136	44538	295	-136.0	136	44538	295	-136.0	136	44538	295	-136.0	136	44538	295	-136.0	136	44538	295	-136.0	136	44538
296	-138.0	138	44676	296	-138.0	138	44676	296	-138.0	138	44676	296	-138.0	138	44676	296	-138.0	138	44676	296	-138.0	138	44676
297	-152.0	152	44828	297	-152.0	152	44828	297	-152.0	152	44828	297	-152.0	152	44828	297	-152.0	152	44828	297	-152.0	152	44828
298	-135.0	135	44963	298	-135.0	135	44963	298	-135.0	135	44963	298	-135.0	135	44963	298	-135.0	135	44963	298	-135.0	135	44963
299	-140.0	140	45103	299	-140.0	140	45103	299	-140.0	140	45103	299	-140.0	140	45103	299	-140.0	140	45103	299	-140.0	140	45103
