Episode	Accumulated Reward	Length	Steps	Episode	Accumulated Reward	Length	Steps	Episode	Accumulated Reward	Length	Steps	Episode	Accumulated Reward	Length	Steps	Episode	Accumulated Reward	Length	Steps	Episode	Accumulated Reward	Length	Steps	Episode	Accumulated Reward	Length	Steps
0	-500.0	500	500	0	-500.0	500	500	0	-500.0	500	500	0	-500.0	500	500	0	-500.0	500	500	0	-500.0	500	500	0	-500.0	500	500
1	-500.0	500	1000	1	-500.0	500	1000	1	-500.0	500	1000	1	-500.0	500	1000	1	-500.0	500	1000	1	-500.0	500	1000	1	-500.0	500	1000
2	-486.0	486	1486	2	-486.0	486	1486	2	-486.0	486	1486	2	-486.0	486	1486	2	-486.0	486	1486	2	-486.0	486	1486	2	-486.0	486	1486
3	-419.0	419	1905	3	-419.0	419	1905	3	-419.0	419	1905	3	-419.0	419	1905	3	-419.0	419	1905	3	-419.0	419	1905	3	-419.0	419	1905
4	-500.0	500	2405	4	-500.0	500	2405	4	-500.0	500	2405	4	-500.0	500	2405	4	-500.0	500	2405	4	-500.0	500	2405	4	-500.0	500	2405
5	-292.0	292	2697	5	-292.0	292	2697	5	-292.0	292	2697	5	-292.0	292	2697	5	-292.0	292	2697	5	-292.0	292	2697	5	-292.0	292	2697
6	-243.0	243	2940	6	-243.0	243	2940	6	-243.0	243	2940	6	-243.0	243	2940	6	-243.0	243	2940	6	-243.0	243	2940	6	-243.0	243	2940
7	-270.0	270	3210	7	-270.0	270	3210	7	-270.0	270	3210	7	-270.0	270	3210	7	-270.0	270	3210	7	-270.0	270	3210	7	-270.0	270	3210
8	-330.0	330	3540	8	-330.0	330	3540	8	-330.0	330	3540	8	-330.0	330	3540	8	-330.0	330	3540	8	-330.0	330	3540	8	-330.0	330	3540
9	-304.0	304	3844	9	-304.0	304	3844	9	-304.0	304	3844	9	-304.0	304	3844	9	-304.0	304	3844	9	-304.0	304	3844	9	-304.0	304	3844
10	-221.0	221	4065	10	-221.0	221	4065	10	-221.0	221	4065	10	-221.0	221	4065	10	-221.0	221	4065	10	-221.0	221	4065	10	-221.0	221	4065
11	-218.0	218	4283	11	-218.0	218	4283	11	-218.0	218	4283	11	-218.0	218	4283	11	-218.0	218	4283	11	-218.0	218	4283	11	-218.0	218	4283
12	-158.0	158	4441	12	-158.0	158	4441	12	-158.0	158	4441	12	-158.0	158	4441	12	-158.0	158	4441	12	-158.0	158	4441	12	-158.0	158	4441
13	-198.0	198	4639	13	-198.0	198	4639	13	-198.0	198	4639	13	-198.0	198	4639	13	-198.0	198	4639	13	-198.0	198	4639	13	-198.0	198	4639
14	-189.0	189	4828	14	-189.0	189	4828	14	-189.0	189	4828	14	-189.0	189	4828	14	-189.0	189	4828	14	-189.0	189	4828	14	-189.0	189	4828
15	-153.0	153	4981	15	-153.0	153	4981	15	-153.0	153	4981	15	-153.0	153	4981	15	-153.0	153	4981	15	-153.0	153	4981	15	-153.0	153	4981
16	-158.0	158	5139	16	-158.0	158	5139	16	-158.0	158	5139	16	-158.0	158	5139	16	-158.0	158	5139	16	-158.0	158	5139	16	-158.0	158	5139
17	-228.0	228	5367	17	-228.0	228	5367	17	-228.0	228	5367	17	-228.0	228	5367	17	-228.0	228	5367	17	-228.0	228	5367	17	-228.0	228	5367
18	-191.0	191	5558	18	-191.0	191	5558	18	-191.0	191	5558	18	-191.0	191	5558	18	-191.0	191	5558	18	-191.0	191	5558	18	-191.0	191	5558
19	-153.0	153	5711	19	-153.0	153	5711	19	-153.0	153	5711	19	-153.0	153	5711	19	-153.0	153	5711	19	-153.0	153	5711	19	-153.0	153	5711
20	-157.0	157	5868	20	-157.0	157	5868	20	-157.0	157	5868	20	-157.0	157	5868	20	-157.0	157	5868	20	-157.0	157	5868	20	-157.0	157	5868
21	-273.0	273	6141	21	-273.0	273	6141	21	-273.0	273	6141	21	-273.0	273	6141	21	-273.0	273	6141	21	-273.0	273	6141	21	-273.0	273	6141
22	-162.0	162	6303	22	-162.0	162	6303	22	-162.0	162	6303	22	-162.0	162	6303	22	-162.0	162	6303	22	-162.0	162	6303	22	-162.0	162	6303
23	-157.0	157	6460	23	-157.0	157	6460	23	-157.0	157	6460	23	-157.0	157	6460	23	-157.0	157	6460	23	-157.0	157	6460	23	-157.0	157	6460
24	-191.0	191	6651	24	-191.0	191	6651	24	-191.0	191	6651	24	-191.0	191	6651	24	-191.0	191	6651	24	-191.0	191	6651	24	-191.0	191	6651
25	-165.0	165	6816	25	-165.0	165	6816	25	-165.0	165	6816	25	-165.0	165	6816	25	-165.0	165	6816	25	-165.0	165	6816	25	-165.0	165	6816
26	-165.0	165	6981	26	-165.0	165	6981	26	-165.0	165	6981	26	-165.0	165	6981	26	-165.0	165	6981	26	-165.0	165	6981	26	-165.0	165	6981
27	-239.0	239	7220	27	-239.0	239	7220	27	-239.0	239	7220	27	-239.0	239	7220	27	-239.0	239	7220	27	-239.0	239	7220	27	-239.0	239	7220
28	-241.0	241	7461	28	-241.0	241	7461	28	-241.0	241	7461	28	-241.0	241	7461	28	-241.0	241	7461	28	-241.0	241	7461	28	-241.0	241	7461
29	-214.0	214	7675	29	-214.0	214	7675	29	-214.0	214	7675	29	-214.0	214	7675	29	-214.0	214	7675	29	-214.0	214	7675	29	-214.0	214	7675
30	-155.0	155	7830	30	-155.0	155	7830	30	-155.0	155	7830	30	-155.0	155	7830	30	-155.0	155	7830	30	-155.0	155	7830	30	-155.0	155	7830
31	-162.0	162	7992	31	-162.0	162	7992	31	-162.0	162	7992	31	-162.0	162	7992	31	-162.0	162	7992	31	-162.0	162	7992	31	-162.0	162	7992
32	-149.0	149	8141	32	-149.0	149	8141	32	-149.0	149	8141	32	-149.0	149	8141	32	-149.0	149	8141	32	-149.0	149	8141	32	-149.0	149	8141
33	-218.0	218	8359	33	-218.0	218	8359	33	-218.0	218	8359	33	-218.0	218	8359	33	-218.0	218	8359	33	-218.0	218	8359	33	-218.0	218	8359
34	-145.0	145	8504	34	-145.0	145	8504	34	-145.0	145	8504	34	-145.0	145	8504	34	-145.0	145	8504	34	-145.0	145	8504	34	-145.0	145	8504
35	-200.0	200	8704	35	-200.0	200	8704	35	-200.0	200	8704	35	-200.0	200	8704	35	-200.0	200	8704	35	-200.0	200	8704	35	-200.0	200	8704
36	-190.0	190	8894	36	-190.0	190	8894	36	-190.0	190	8894	36	-190.0	190	8894	36	-190.0	190	8894	36	-190.0	190	8894	36	-190.0	190	8894
37	-179.0	179	9073	37	-179.0	179	9073	37	-179.0	179	9073	37	-179.0	179	9073	37	-179.0	179	9073	37	-179.0	179	9073	37	-179.0	179	9073
38	-138.0	138	9211	38	-138.0	138	9211	38	-138.0	138	9211	38	-138.0	138	9211	38	-138.0	138	9211	38	-138.0	138	9211	38	-138.0	138	9211
39	-141.0	141	9352	39	-141.0	141	9352	39	-141.0	141	9352	39	-141.0	141	9352	39	-141.0	141	9352	39	-141.0	141	9352	39	-141.0	141	9352
40	-110.0	110	9462	40	-110.0	110	9462	40	-110.0	110	9462	40	-110.0	110	9462	40	-110.0	110	9462	40	-110.0	110	9462	40	-110.0	110	9462
41	-220.0	220	9682	41	-220.0	220	9682	41	-220.0	220	9682	41	-220.0	220	9682	41	-220.0	220	9682	41	-220.0	220	9682	41	-220.0	220	9682
42	-144.0	144	9826	42	-144.0	144	9826	42	-144.0	144	9826	42	-144.0	144	9826	42	-144.0	144	9826	42	-144.0	144	9826	42	-144.0	144	9826
43	-229.0	229	10055	43	-229.0	229	10055	43	-229.0	229	10055	43	-229.0	229	10055	43	-229.0	229	10055	43	-229.0	229	10055	43	-229.0	229	10055
44	-209.0	209	10264	44	-209.0	209	10264	44	-209.0	209	10264	44	-209.0	209	10264	44	-209.0	209	10264	44	-209.0	209	10264	44	-209.0	209	10264
45	-178.0	178	10442	45	-178.0	178	10442	45	-178.0	178	10442	45	-178.0	178	10442	45	-178.0	178	10442	45	-178.0	178	10442	45	-178.0	178	10442
46	-214.0	214	10656	46	-214.0	214	10656	46	-214.0	214	10656	46	-214.0	214	10656	46	-214.0	214	10656	46	-214.0	214	10656	46	-214.0	214	10656
47	-142.0	142	10798	47	-142.0	142	10798	47	-142.0	142	10798	47	-142.0	142	10798	47	-142.0	142	10798	47	-142.0	142	10798	47	-142.0	142	10798
48	-145.0	145	10943	48	-145.0	145	10943	48	-145.0	145	10943	48	-145.0	145	10943	48	-145.0	145	10943	48	-145.0	145	10943	48	-145.0	145	10943
49	-156.0	156	11099	49	-156.0	156	11099	49	-156.0	156	11099	49	-156.0	156	11099	49	-156.0	156	11099	49	-156.0	156	11099	49	-156.0	156	11099
50	-155.0	155	11254	50	-155.0	155	11254	50	-155.0	155	11254	50	-155.0	155	11254	50	-155.0	155	11254	50	-155.0	155	11254	50	-155.0	155	11254
51	-132.0	132	11386	51	-132.0	132	11386	51	-132.0	132	11386	51	-132.0	132	11386	51	-132.0	132	11386	51	-132.0	132	11386	51	-132.0	132	11386
52	-133.0	133	11519	52	-133.0	133	11519	52	-133.0	133	11519	52	-133.0	133	11519	52	-133.0	133	11519	52	-133.0	133	11519	52	-133.0	133	11519
53	-186.0	186	11705	53	-186.0	186	11705	53	-186.0	186	11705	53	-186.0	186	11705	53	-186.0	186	11705	53	-186.0	186	11705	53	-186.0	186	11705
54	-230.0	230	11935	54	-230.0	230	11935	54	-230.0	230	11935	54	-230.0	230	11935	54	-230.0	230	11935	54	-230.0	230	11935	54	-230.0	230	11935
55	-239.0	239	12174	55	-239.0	239	12174	55	-239.0	239	12174	55	-239.0	239	12174	55	-239.0	239	12174	55	-239.0	239	12174	55	-239.0	239	12174
56	-154.0	154	12328	56	-154.0	154	12328	56	-154.0	154	12328	56	-154.0	154	12328	56	-154.0	154	12328	56	-154.0	154	12328	56	-154.0	154	12328
57	-150.0	150	12478	57	-150.0	150	12478	57	-150.0	150	12478	57	-150.0	150	12478	57	-150.0	150	12478	57	-150.0	150	12478	57	-150.0	150	12478
58	-151.0	151	12629	58	-151.0	151	12629	58	-151.0	151	12629	58	-151.0	151	12629	58	-151.0	151	12629	58	-151.0	151	12629	58	-151.0	151	12629
59	-152.0	152	12781	59	-152.0	152	12781	59	-152.0	152	12781	59	-152.0	152	12781	59	-152.0	152	12781	59	-152.0	152	12781	59	-152.0	152	12781
60	-219.0	219	13000	60	-219.0	219	13000	60	-219.0	219	13000	60	-219.0	219	13000	60	-219.0	219	13000	60	-219.0	219	13000	60	-219.0	219	13000
61	-143.0	143	13143	61	-143.0	143	13143	61	-143.0	143	13143	61	-143.0	143	13143	61	-143.0	143	13143	61	-143.0	143	13143	61	-143.0	143	13143
62	-113.0	113	13256	62	-113.0	113	13256	62	-113.0	113	13256	62	-113.0	113	13256	62	-113.0	113	13256	62	-113.0	113	13256	62	-113.0	113	13256
63	-143.0	143	13399	63	-143.0	143	13399	63	-143.0	143	13399	63	-143.0	143	13399	63	-143.0	143	13399	63	-143.0	143	13399	63	-143.0	143	13399
64	-153.0	153	13552	64	-153.0	153	13552	64	-153.0	153	13552	64	-153.0	153	13552	64	-153.0	153	13552	64	-153.0	153	13552	64	-153.0	153	13552
65	-138.0	138	13690	65	-138.0	138	13690	65	-138.0	138	13690	65	-138.0	138	13690	65	-138.0	138	13690	65	-138.0	138	13690	65	-138.0	138	13690
66	-161.0	161	13851	66	-161.0	161	13851	66	-161.0	161	13851	66	-161.0	161	13851	66	-161.0	161	13851	66	-161.0	161	13851	66	-161.0	161	13851
67	-146.0	146	13997	67	-146.0	146	13997	67	-146.0	146	13997	67	-146.0	146	13997	67	-146.0	146	13997	67	-146.0	146	13997	67	-146.0	146	13997
68	-151.0	151	14148	68	-151.0	151	14148	68	-151.0	151	14148	68	-151.0	151	14148	68	-151.0	151	14148	68	-151.0	151	14148	68	-151.0	151	14148
69	-125.0	125	14273	69	-125.0	125	14273	69	-125.0	125	14273	69	-125.0	125	14273	69	-125.0	125	14273	69	-125.0	125	14273	69	-125.0	125	14273
70	-143.0	143	14416	70	-143.0	143	14416	70	-143.0	143	14416	70	-143.0	143	14416	70	-143.0	143	14416	70	-143.0	143	14416	70	-143.0	143	14416
71	-140.0	140	14556	71	-140.0	140	14556	71	-140.0	140	14556	71	-140.0	140	14556	71	-140.0	140	14556	71	-140.0	140	14556	71	-140.0	140	14556
72	-142.0	142	14698	72	-142.0	142	14698	72	-142.0	142	14698	72	-142.0	142	14698	72	-142.0	142	14698	72	-142.0	142	14698	72	-142.0	142	14698
73	-143.0	143	14841	73	-143.0	143	14841	73	-143.0	143	14841	73	-143.0	143	14841	73	-143.0	143	14841	73	-143.0	143	14841	73	-143.0	143	14841
74	-134.0	134	14975	74	-134.0	134	14975	74	-134.0	134	14975	74	-134.0	134	14975	74	-134.0	134	14975	74	-134.0	134	14975	74	-134.0	134	14975
75	-138.0	138	15113	75	-138.0	138	15113	75	-138.0	138	15113	75	-138.0	138	15113	75	-138.0	138	15113	75	-138.0	138	15113	75	-138.0	138	15113
76	-109.0	109	15222	76	-109.0	109	15222	76	-109.0	109	15222	76	-109.0	109	15222	76	-109.0	109	15222	76	-109.0	109	15222	76	-109.0	109	15222
77	-135.0	135	15357	77	-135.0	135	15357	77	-135.0	135	15357	77	-135.0	135	15357	77	-135.0	135	15357	77	-135.0	135	15357	77	-135.0	135	15357
78	-143.0	143	15500	78	-143.0	143	15500	78	-143.0	143	15500	78	-143.0	143	15500	78	-143.0	143	15500	78	-143.0	143	15500	78	-143.0	143	15500
79	-109.0	109	15609	79	-109.0	109	15609	79	-109.0	109	15609	79	-109.0	109	15609	79	-109.0	109	15609	79	-109.0	109	15609	79	-109.0	109	15609
80	-135.0	135	15744	80	-135.0	135	15744	80	-135.0	135	15744	80	-135.0	135	15744	80	-135.0	135	15744	80	-135.0	135	15744	80	-135.0	135	15744
81	-136.0	136	15880	81	-136.0	136	15880	81	-136.0	136	15880	81	-136.0	136	15880	81	-136.0	136	15880	81	-136.0	136	15880	81	-136.0	136	15880
82	-143.0	143	16023	82	-143.0	143	16023	82	-143.0	143	16023	82	-143.0	143	16023	82	-143.0	143	16023	82	-143.0	143	16023	82	-143.0	143	16023
83	-146.0	146	16169	83	-146.0	146	16169	83	-146.0	146	16169	83	-146.0	146	16169	83	-146.0	146	16169	83	-146.0	146	16169	83	-146.0	146	16169
84	-148.0	148	16317	84	-148.0	148	16317	84	-148.0	148	16317	84	-148.0	148	16317	84	-148.0	148	16317	84	-148.0	148	16317	84	-148.0	148	16317
85	-146.0	146	16463	85	-146.0	146	16463	85	-146.0	146	16463	85	-146.0	146	16463	85	-146.0	146	16463	85	-146.0	146	16463	85	-146.0	146	16463
86	-107.0	107	16570	86	-107.0	107	16570	86	-107.0	107	16570	86	-107.0	107	16570	86	-107.0	107	16570	86	-107.0	107	16570	86	-107.0	107	16570
87	-145.0	145	16715	87	-145.0	145	16715	87	-145.0	145	16715	87	-145.0	145	16715	87	-145.0	145	16715	87	-145.0	145	16715	87	-145.0	145	16715
88	-156.0	156	16871	88	-156.0	156	16871	88	-156.0	156	16871	88	-156.0	156	16871	88	-156.0	156	16871	88	-156.0	156	16871	88	-156.0	156	16871
89	-142.0	142	17013	89	-142.0	142	17013	89	-142.0	142	17013	89	-142.0	142	17013	89	-142.0	142	17013	89	-142.0	142	17013	89	-142.0	142	17013
90	-106.0	106	17119	90	-106.0	106	17119	90	-106.0	106	17119	90	-106.0	106	17119	90	-106.0	106	17119	90	-106.0	106	17119	90	-106.0	106	17119
91	-143.0	143	17262	91	-143.0	143	17262	91	-143.0	143	17262	91	-143.0	143	17262	91	-143.0	143	17262	91	-143.0	143	17262	91	-143.0	143	17262
92	-147.0	147	17409	92	-147.0	147	17409	92	-147.0	147	17409	92	-147.0	147	17409	92	-147.0	147	17409	92	-147.0	147	17409	92	-147.0	147	17409
93	-143.0	143	17552	93	-143.0	143	17552	93	-143.0	143	17552	93	-143.0	143	17552	93	-143.0	143	17552	93	-143.0	143	17552	93	-143.0	143	17552
94	-144.0	144	17696	94	-144.0	144	17696	94	-144.0	144	17696	94	-144.0	144	17696	94	-144.0	144	17696	94	-144.0	144	17696	94	-144.0	144	17696
95	-106.0	106	17802	95	-106.0	106	17802	95	-106.0	106	17802	95	-106.0	106	17802	95	-106.0	106	17802	95	-106.0	106	17802	95	-106.0	106	17802
96	-152.0	152	17954	96	-152.0	152	17954	96	-152.0	152	17954	96	-152.0	152	17954	96	-152.0	152	17954	96	-152.0	152	17954	96	-152.0	152	17954
97	-146.0	146	18100	97	-146.0	146	18100	97	-146.0	146	18100	97	-146.0	146	18100	97	-146.0	146	18100	97	-146.0	146	18100	97	-146.0	146	18100
98	-146.0	146	18246	98	-146.0	146	18246	98	-146.0	146	18246	98	-146.0	146	18246	98	-146.0	146	18246	98	-146.0	146	18246	98	-146.0	146	18246
99	-108.0	108	18354	99	-108.0	108	18354	99	-108.0	108	18354	99	-108.0	108	18354	99	-108.0	108	18354	99	-108.0	108	18354	99	-108.0	108	18354
100	-148.0	148	18502	100	-148.0	148	18502	100	-148.0	148	18502	100	-148.0	148	18502	100	-148.0	148	18502	100	-148.0	148	18502	100	-148.0	148	18502
101	-109.0	109	18611	101	-109.0	109	18611	101	-109.0	109	18611	101	-109.0	109	18611	101	-109.0	109	18611	101	-109.0	109	18611	101	-109.0	109	18611
102	-144.0	144	18755	102	-144.0	144	18755	102	-144.0	144	18755	102	-144.0	144	18755	102	-144.0	144	18755	102	-144.0	144	18755	102	-144.0	144	18755
103	-141.0	141	18896	103	-141.0	141	18896	103	-141.0	141	18896	103	-141.0	141	18896	103	-141.0	141	18896	103	-141.0	141	18896	103	-141.0	141	18896
104	-135.0	135	19031	104	-135.0	135	19031	104	-135.0	135	19031	104	-135.0	135	19031	104	-135.0	135	19031	104	-135.0	135	19031	104	-135.0	135	19031
105	-147.0	147	19178	105	-147.0	147	19178	105	-147.0	147	19178	105	-147.0	147	19178	105	-147.0	147	19178	105	-147.0	147	19178	105	-147.0	147	19178
106	-107.0	107	19285	106	-107.0	107	19285	106	-107.0	107	19285	106	-107.0	107	19285	106	-107.0	107	19285	106	-107.0	107	19285	106	-107.0	107	19285
107	-144.0	144	19429	107	-144.0	144	19429	107	-144.0	144	19429	107	-144.0	144	19429	107	-144.0	144	19429	107	-144.0	144	19429	107	-144.0	144	19429
108	-110.0	110	19539	108	-110.0	110	19539	108	-110.0	110	19539	108	-110.0	110	19539	108	-110.0	110	19539	108	-110.0	110	19539	108	-110.0	110	19539
109	-108.0	108	19647	109	-108.0	108	19647	109	-108.0	108	19647	109	-108.0	108	19647	109	-108.0	108	19647	109	-108.0	108	19647	109	-108.0	108	19647
110	-107.0	107	19754	110	-107.0	107	19754	110	-107.0	107	19754	110	-107.0	107	19754	110	-107.0	107	19754	110	-107.0	107	19754	110	-107.0	107	19754
111	-106.0	106	19860	111	-106.0	106	19860	111	-106.0	106	19860	111	-106.0	106	19860	111	-106.0	106	19860	111	-106.0	106	19860	111	-106.0	106	19860
112	-136.0	136	19996	112	-136.0	136	19996	112	-136.0	136	19996	112	-136.0	136	19996	112	-136.0	136	19996	112	-136.0	136	19996	112	-136.0	136	19996
113	-127.0	127	20123	113	-127.0	127	20123	113	-127.0	127	20123	113	-127.0	127	20123	113	-127.0	127	20123	113	-127.0	127	20123	113	-127.0	127	20123
114	-108.0	108	20231	114	-108.0	108	20231	114	-108.0	108	20231	114	-108.0	108	20231	114	-108.0	108	20231	114	-108.0	108	20231	114	-108.0	108	20231
115	-173.0	173	20404	115	-173.0	173	20404	115	-173.0	173	20404	115	-173.0	173	20404	115	-173.0	173	20404	115	-173.0	173	20404	115	-173.0	173	20404
116	-108.0	108	20512	116	-108.0	108	20512	116	-108.0	108	20512	116	-108.0	108	20512	116	-108.0	108	20512	116	-108.0	108	20512	116	-108.0	108	20512
117	-114.0	114	20626	117	-114.0	114	20626	117	-114.0	114	20626	117	-114.0	114	20626	117	-114.0	114	20626	117	-114.0	114	20626	117	-114.0	114	20626
118	-144.0	144	20770	118	-144.0	144	20770	118	-144.0	144	20770	118	-144.0	144	20770	118	-144.0	144	20770	118	-144.0	144	20770	118	-144.0	144	20770
119	-163.0	163	20933	119	-163.0	163	20933	119	-163.0	163	20933	119	-163.0	163	20933	119	-163.0	163	20933	119	-163.0	163	20933	119	-163.0	163	20933
120	-218.0	218	21151	120	-218.0	218	21151	120	-218.0	218	21151	120	-218.0	218	21151	120	-218.0	218	21151	120	-218.0	218	21151	120	-218.0	218	21151
121	-108.0	108	21259	121	-108.0	108	21259	121	-108.0	108	21259	121	-108.0	108	21259	121	-108.0	108	21259	121	-108.0	108	21259	121	-108.0	108	21259
122	-108.0	108	21367	122	-108.0	108	21367	122	-108.0	108	21367	122	-108.0	108	21367	122	-108.0	108	21367	122	-108.0	108	21367	122	-108.0	108	21367
123	-109.0	109	21476	123	-109.0	109	21476	123	-109.0	109	21476	123	-109.0	109	21476	123	-109.0	109	21476	123	-109.0	109	21476	123	-109.0	109	21476
124	-110.0	110	21586	124	-110.0	110	21586	124	-110.0	110	21586	124	-110.0	110	21586	124	-110.0	110	21586	124	-110.0	110	21586	124	-110.0	110	21586
125	-113.0	113	21699	125	-113.0	113	21699	125	-113.0	113	21699	125	-113.0	113	21699	125	-113.0	113	21699	125	-113.0	113	21699	125	-113.0	113	21699
126	-112.0	112	21811	126	-112.0	112	21811	126	-112.0	112	21811	126	-112.0	112	21811	126	-112.0	112	21811	126	-112.0	112	21811	126	-112.0	112	21811
127	-115.0	115	21926	127	-115.0	115	21926	127	-115.0	115	21926	127	-115.0	115	21926	127	-115.0	115	21926	127	-115.0	115	21926	127	-115.0	115	21926
128	-194.0	194	22120	128	-194.0	194	22120	128	-194.0	194	22120	128	-194.0	194	22120	128	-194.0	194	22120	128	-194.0	194	22120	128	-194.0	194	22120
129	-180.0	180	22300	129	-180.0	180	22300	129	-180.0	180	22300	129	-180.0	180	22300	129	-180.0	180	22300	129	-180.0	180	22300	129	-180.0	180	22300
130	-139.0	139	22439	130	-139.0	139	22439	130	-139.0	139	22439	130	-139.0	139	22439	130	-139.0	139	22439	130	-139.0	139	22439	130	-139.0	139	22439
131	-150.0	150	22589	131	-150.0	150	22589	131	-150.0	150	22589	131	-150.0	150	22589	131	-150.0	150	22589	131	-150.0	150	22589	131	-150.0	150	22589
132	-133.0	133	22722	132	-133.0	133	22722	132	-133.0	133	22722	132	-133.0	133	22722	132	-133.0	133	22722	132	-133.0	133	22722	132	-133.0	133	22722
133	-133.0	133	22855	133	-133.0	133	22855	133	-133.0	133	22855	133	-133.0	133	22855	133	-133.0	133	22855	133	-133.0	133	22855	133	-133.0	133	22855
134	-139.0	139	22994	134	-139.0	139	22994	134	-139.0	139	22994	134	-139.0	139	22994	134	-139.0	139	22994	134	-139.0	139	22994	134	-139.0	139	22994
135	-137.0	137	23131	135	-137.0	137	23131	135	-137.0	137	23131	135	-137.0	137	23131	135	-137.0	137	23131	135	-137.0	137	23131	135	-137.0	137	23131
136	-141.0	141	23272	136	-141.0	141	23272	136	-141.0	141	23272	136	-141.0	141	23272	136	-141.0	141	23272	136	-141.0	141	23272	136	-141.0	141	23272
137	-140.0	140	23412	137	-140.0	140	23412	137	-140.0	140	23412	137	-140.0	140	23412	137	-140.0	140	23412	137	-140.0	140	23412	137	-140.0	140	23412
138	-131.0	131	23543	138	-131.0	131	23543	138	-131.0	131	23543	138	-131.0	131	23543	138	-131.0	131	23543	138	-131.0	131	23543	138	-131.0	131	23543
139	-122.0	122	23665	139	-122.0	122	23665	139	-122.0	122	23665	139	-122.0	122	23665	139	-122.0	122	23665	139	-122.0	122	23665	139	-122.0	122	23665
140	-105.0	105	23770	140	-105.0	105	23770	140	-105.0	105	23770	140	-105.0	105	23770	140	-105.0	105	23770	140	-105.0	105	23770	140	-105.0	105	23770
141	-105.0	105	23875	141	-105.0	105	23875	141	-105.0	105	23875	141	-105.0	105	23875	141	-105.0	105	23875	141	-105.0	105	23875	141	-105.0	105	23875
142	-137.0	137	24012	142	-137.0	137	24012	142	-137.0	137	24012	142	-137.0	137	24012	142	-137.0	137	24012	142	-137.0	137	24012	142	-137.0	137	24012
143	-145.0	145	24157	143	-145.0	145	24157	143	-145.0	145	24157	143	-145.0	145	24157	143	-145.0	145	24157	143	-145.0	145	24157	143	-145.0	145	24157
144	-138.0	138	24295	144	-138.0	138	24295	144	-138.0	138	24295	144	-138.0	138	24295	144	-138.0	138	24295	144	-138.0	138	24295	144	-138.0	138	24295
145	-139.0	139	24434	145	-139.0	139	24434	145	-139.0	139	24434	145	-139.0	139	24434	145	-139.0	139	24434	145	-139.0	139	24434	145	-139.0	139	24434
146	-95.0	95	24529	146	-95.0	95	24529	146	-95.0	95	24529	146	-95.0	95	24529	146	-95.0	95	24529	146	-95.0	95	24529	146	-95.0	95	24529
147	-137.0	137	24666	147	-137.0	137	24666	147	-137.0	137	24666	147	-137.0	137	24666	147	-137.0	137	24666	147	-137.0	137	24666	147	-137.0	137	24666
148	-157.0	157	24823	148	-157.0	157	24823	148	-157.0	157	24823	148	-157.0	157	24823	148	-157.0	157	24823	148	-157.0	157	24823	148	-157.0	157	24823
149	-140.0	140	24963	149	-140.0	140	24963	149	-140.0	140	24963	149	-140.0	140	24963	149	-140.0	140	24963	149	-140.0	140	24963	149	-140.0	140	24963
150	-153.0	153	25116	150	-153.0	153	25116	150	-153.0	153	25116	150	-153.0	153	25116	150	-153.0	153	25116	150	-153.0	153	25116	150	-153.0	153	25116
151	-105.0	105	25221	151	-105.0	105	25221	151	-105.0	105	25221	151	-105.0	105	25221	151	-105.0	105	25221	151	-105.0	105	25221	151	-105.0	105	25221
152	-162.0	162	25383	152	-162.0	162	25383	152	-162.0	162	25383	152	-162.0	162	25383	152	-162.0	162	25383	152	-162.0	162	25383	152	-162.0	162	25383
153	-142.0	142	25525	153	-142.0	142	25525	153	-142.0	142	25525	153	-142.0	142	25525	153	-142.0	142	25525	153	-142.0	142	25525	153	-142.0	142	25525
154	-148.0	148	25673	154	-148.0	148	25673	154	-148.0	148	25673	154	-148.0	148	25673	154	-148.0	148	25673	154	-148.0	148	25673	154	-148.0	148	25673
155	-140.0	140	25813	155	-140.0	140	25813	155	-140.0	140	25813	155	-140.0	140	25813	155	-140.0	140	25813	155	-140.0	140	25813	155	-140.0	140	25813
156	-106.0	106	25919	156	-106.0	106	25919	156	-106.0	106	25919	156	-106.0	106	25919	156	-106.0	106	25919	156	-106.0	106	25919	156	-106.0	106	25919
157	-141.0	141	26060	157	-141.0	141	26060	157	-141.0	141	26060	157	-141.0	141	26060	157	-141.0	141	26060	157	-141.0	141	26060	157	-141.0	141	26060
158	-169.0	169	26229	158	-169.0	169	26229	158	-169.0	169	26229	158	-169.0	169	26229	158	-169.0	169	26229	158	-169.0	169	26229	158	-169.0	169	26229
159	-173.0	173	26402	159	-173.0	173	26402	159	-173.0	173	26402	159	-173.0	173	26402	159	-173.0	173	26402	159	-173.0	173	26402	159	-173.0	173	26402
160	-135.0	135	26537	160	-135.0	135	26537	160	-135.0	135	26537	160	-135.0	135	26537	160	-135.0	135	26537	160	-135.0	135	26537	160	-135.0	135	26537
161	-134.0	134	26671	161	-134.0	134	26671	161	-134.0	134	26671	161	-134.0	134	26671	161	-134.0	134	26671	161	-134.0	134	26671	161	-134.0	134	26671
162	-139.0	139	26810	162	-139.0	139	26810	162	-139.0	139	26810	162	-139.0	139	26810	162	-139.0	139	26810	162	-139.0	139	26810	162	-139.0	139	26810
163	-173.0	173	26983	163	-173.0	173	26983	163	-173.0	173	26983	163	-173.0	173	26983	163	-173.0	173	26983	163	-173.0	173	26983	163	-173.0	173	26983
164	-136.0	136	27119	164	-136.0	136	27119	164	-136.0	136	27119	164	-136.0	136	27119	164	-136.0	136	27119	164	-136.0	136	27119	164	-136.0	136	27119
165	-135.0	135	27254	165	-135.0	135	27254	165	-135.0	135	27254	165	-135.0	135	27254	165	-135.0	135	27254	165	-135.0	135	27254	165	-135.0	135	27254
166	-137.0	137	27391	166	-137.0	137	27391	166	-137.0	137	27391	166	-137.0	137	27391	166	-137.0	137	27391	166	-137.0	137	27391	166	-137.0	137	27391
167	-138.0	138	27529	167	-138.0	138	27529	167	-138.0	138	27529	167	-138.0	138	27529	167	-138.0	138	27529	167	-138.0	138	27529	167	-138.0	138	27529
168	-142.0	142	27671	168	-142.0	142	27671	168	-142.0	142	27671	168	-142.0	142	27671	168	-142.0	142	27671	168	-142.0	142	27671	168	-142.0	142	27671
169	-144.0	144	27815	169	-144.0	144	27815	169	-144.0	144	27815	169	-144.0	144	27815	169	-144.0	144	27815	169	-144.0	144	27815	169	-144.0	144	27815
170	-141.0	141	27956	170	-141.0	141	27956	170	-141.0	141	27956	170	-141.0	141	27956	170	-141.0	141	27956	170	-141.0	141	27956	170	-141.0	141	27956
171	-147.0	147	28103	171	-147.0	147	28103	171	-147.0	147	28103	171	-147.0	147	28103	171	-147.0	147	28103	171	-147.0	147	28103	171	-147.0	147	28103
172	-166.0	166	28269	172	-166.0	166	28269	172	-166.0	166	28269	172	-166.0	166	28269	172	-166.0	166	28269	172	-166.0	166	28269	172	-166.0	166	28269
173	-139.0	139	28408	173	-139.0	139	28408	173	-139.0	139	28408	173	-139.0	139	28408	173	-139.0	139	28408	173	-139.0	139	28408	173	-139.0	139	28408
174	-171.0	171	28579	174	-171.0	171	28579	174	-171.0	171	28579	174	-171.0	171	28579	174	-171.0	171	28579	174	-171.0	171	28579	174	-171.0	171	28579
175	-151.0	151	28730	175	-151.0	151	28730	175	-151.0	151	28730	175	-151.0	151	28730	175	-151.0	151	28730	175	-151.0	151	28730	175	-151.0	151	28730
176	-178.0	178	28908	176	-178.0	178	28908	176	-178.0	178	28908	176	-178.0	178	28908	176	-178.0	178	28908	176	-178.0	178	28908	176	-178.0	178	28908
177	-111.0	111	29019	177	-111.0	111	29019	177	-111.0	111	29019	177	-111.0	111	29019	177	-111.0	111	29019	177	-111.0	111	29019	177	-111.0	111	29019
178	-116.0	116	29135	178	-116.0	116	29135	178	-116.0	116	29135	178	-116.0	116	29135	178	-116.0	116	29135	178	-116.0	116	29135	178	-116.0	116	29135
179	-153.0	153	29288	179	-153.0	153	29288	179	-153.0	153	29288	179	-153.0	153	29288	179	-153.0	153	29288	179	-153.0	153	29288	179	-153.0	153	29288
180	-156.0	156	29444	180	-156.0	156	29444	180	-156.0	156	29444	180	-156.0	156	29444	180	-156.0	156	29444	180	-156.0	156	29444	180	-156.0	156	29444
181	-149.0	149	29593	181	-149.0	149	29593	181	-149.0	149	29593	181	-149.0	149	29593	181	-149.0	149	29593	181	-149.0	149	29593	181	-149.0	149	29593
182	-145.0	145	29738	182	-145.0	145	29738	182	-145.0	145	29738	182	-145.0	145	29738	182	-145.0	145	29738	182	-145.0	145	29738	182	-145.0	145	29738
183	-171.0	171	29909	183	-171.0	171	29909	183	-171.0	171	29909	183	-171.0	171	29909	183	-171.0	171	29909	183	-171.0	171	29909	183	-171.0	171	29909
184	-106.0	106	30015	184	-106.0	106	30015	184	-106.0	106	30015	184	-106.0	106	30015	184	-106.0	106	30015	184	-106.0	106	30015	184	-106.0	106	30015
185	-140.0	140	30155	185	-140.0	140	30155	185	-140.0	140	30155	185	-140.0	140	30155	185	-140.0	140	30155	185	-140.0	140	30155	185	-140.0	140	30155
186	-136.0	136	30291	186	-136.0	136	30291	186	-136.0	136	30291	186	-136.0	136	30291	186	-136.0	136	30291	186	-136.0	136	30291	186	-136.0	136	30291
187	-111.0	111	30402	187	-111.0	111	30402	187	-111.0	111	30402	187	-111.0	111	30402	187	-111.0	111	30402	187	-111.0	111	30402	187	-111.0	111	30402
188	-107.0	107	30509	188	-107.0	107	30509	188	-107.0	107	30509	188	-107.0	107	30509	188	-107.0	107	30509	188	-107.0	107	30509	188	-107.0	107	30509
189	-109.0	109	30618	189	-109.0	109	30618	189	-109.0	109	30618	189	-109.0	109	30618	189	-109.0	109	30618	189	-109.0	109	30618	189	-109.0	109	30618
190	-157.0	157	30775	190	-157.0	157	30775	190	-157.0	157	30775	190	-157.0	157	30775	190	-157.0	157	30775	190	-157.0	157	30775	190	-157.0	157	30775
191	-110.0	110	30885	191	-110.0	110	30885	191	-110.0	110	30885	191	-110.0	110	30885	191	-110.0	110	30885	191	-110.0	110	30885	191	-110.0	110	30885
192	-107.0	107	30992	192	-107.0	107	30992	192	-107.0	107	30992	192	-107.0	107	30992	192	-107.0	107	30992	192	-107.0	107	30992	192	-107.0	107	30992
193	-111.0	111	31103	193	-111.0	111	31103	193	-111.0	111	31103	193	-111.0	111	31103	193	-111.0	111	31103	193	-111.0	111	31103	193	-111.0	111	31103
194	-101.0	101	31204	194	-101.0	101	31204	194	-101.0	101	31204	194	-101.0	101	31204	194	-101.0	101	31204	194	-101.0	101	31204	194	-101.0	101	31204
195	-109.0	109	31313	195	-109.0	109	31313	195	-109.0	109	31313	195	-109.0	109	31313	195	-109.0	109	31313	195	-109.0	109	31313	195	-109.0	109	31313
196	-112.0	112	31425	196	-112.0	112	31425	196	-112.0	112	31425	196	-112.0	112	31425	196	-112.0	112	31425	196	-112.0	112	31425	196	-112.0	112	31425
197	-110.0	110	31535	197	-110.0	110	31535	197	-110.0	110	31535	197	-110.0	110	31535	197	-110.0	110	31535	197	-110.0	110	31535	197	-110.0	110	31535
198	-87.0	87	31622	198	-87.0	87	31622	198	-87.0	87	31622	198	-87.0	87	31622	198	-87.0	87	31622	198	-87.0	87	31622	198	-87.0	87	31622
199	-160.0	160	31782	199	-160.0	160	31782	199	-160.0	160	31782	199	-160.0	160	31782	199	-160.0	160	31782	199	-160.0	160	31782	199	-160.0	160	31782
200	-148.0	148	31930	200	-148.0	148	31930	200	-148.0	148	31930	200	-148.0	148	31930	200	-148.0	148	31930	200	-148.0	148	31930	200	-148.0	148	31930
201	-132.0	132	32062	201	-132.0	132	32062	201	-132.0	132	32062	201	-132.0	132	32062	201	-132.0	132	32062	201	-132.0	132	32062	201	-132.0	132	32062
202	-105.0	105	32167	202	-105.0	105	32167	202	-105.0	105	32167	202	-105.0	105	32167	202	-105.0	105	32167	202	-105.0	105	32167	202	-105.0	105	32167
203	-106.0	106	32273	203	-106.0	106	32273	203	-106.0	106	32273	203	-106.0	106	32273	203	-106.0	106	32273	203	-106.0	106	32273	203	-106.0	106	32273
204	-138.0	138	32411	204	-138.0	138	32411	204	-138.0	138	32411	204	-138.0	138	32411	204	-138.0	138	32411	204	-138.0	138	32411	204	-138.0	138	32411
205	-175.0	175	32586	205	-175.0	175	32586	205	-175.0	175	32586	205	-175.0	175	32586	205	-175.0	175	32586	205	-175.0	175	32586	205	-175.0	175	32586
206	-172.0	172	32758	206	-172.0	172	32758	206	-172.0	172	32758	206	-172.0	172	32758	206	-172.0	172	32758	206	-172.0	172	32758	206	-172.0	172	32758
207	-150.0	150	32908	207	-150.0	150	32908	207	-150.0	150	32908	207	-150.0	150	32908	207	-150.0	150	32908	207	-150.0	150	32908	207	-150.0	150	32908
208	-170.0	170	33078	208	-170.0	170	33078	208	-170.0	170	33078	208	-170.0	170	33078	208	-170.0	170	33078	208	-170.0	170	33078	208	-170.0	170	33078
209	-143.0	143	33221	209	-143.0	143	33221	209	-143.0	143	33221	209	-143.0	143	33221	209	-143.0	143	33221	209	-143.0	143	33221	209	-143.0	143	33221
210	-131.0	131	33352	210	-131.0	131	33352	210	-131.0	131	33352	210	-131.0	131	33352	210	-131.0	131	33352	210	-131.0	131	33352	210	-131.0	131	33352
211	-152.0	152	33504	211	-152.0	152	33504	211	-152.0	152	33504	211	-152.0	152	33504	211	-152.0	152	33504	211	-152.0	152	33504	211	-152.0	152	33504
212	-139.0	139	33643	212	-139.0	139	33643	212	-139.0	139	33643	212	-139.0	139	33643	212	-139.0	139	33643	212	-139.0	139	33643	212	-139.0	139	33643
213	-140.0	140	33783	213	-140.0	140	33783	213	-140.0	140	33783	213	-140.0	140	33783	213	-140.0	140	33783	213	-140.0	140	33783	213	-140.0	140	33783
214	-136.0	136	33919	214	-136.0	136	33919	214	-136.0	136	33919	214	-136.0	136	33919	214	-136.0	136	33919	214	-136.0	136	33919	214	-136.0	136	33919
215	-132.0	132	34051	215	-132.0	132	34051	215	-132.0	132	34051	215	-132.0	132	34051	215	-132.0	132	34051	215	-132.0	132	34051	215	-132.0	132	34051
216	-136.0	136	34187	216	-136.0	136	34187	216	-136.0	136	34187	216	-136.0	136	34187	216	-136.0	136	34187	216	-136.0	136	34187	216	-136.0	136	34187
217	-140.0	140	34327	217	-140.0	140	34327	217	-140.0	140	34327	217	-140.0	140	34327	217	-140.0	140	34327	217	-140.0	140	34327	217	-140.0	140	34327
218	-139.0	139	34466	218	-139.0	139	34466	218	-139.0	139	34466	218	-139.0	139	34466	218	-139.0	139	34466	218	-139.0	139	34466	218	-139.0	139	34466
219	-138.0	138	34604	219	-138.0	138	34604	219	-138.0	138	34604	219	-138.0	138	34604	219	-138.0	138	34604	219	-138.0	138	34604	219	-138.0	138	34604
220	-135.0	135	34739	220	-135.0	135	34739	220	-135.0	135	34739	220	-135.0	135	34739	220	-135.0	135	34739	220	-135.0	135	34739	220	-135.0	135	34739
221	-136.0	136	34875	221	-136.0	136	34875	221	-136.0	136	34875	221	-136.0	136	34875	221	-136.0	136	34875	221	-136.0	136	34875	221	-136.0	136	34875
222	-134.0	134	35009	222	-134.0	134	35009	222	-134.0	134	35009	222	-134.0	134	35009	222	-134.0	134	35009	222	-134.0	134	35009	222	-134.0	134	35009
223	-133.0	133	35142	223	-133.0	133	35142	223	-133.0	133	35142	223	-133.0	133	35142	223	-133.0	133	35142	223	-133.0	133	35142	223	-133.0	133	35142
224	-136.0	136	35278	224	-136.0	136	35278	224	-136.0	136	35278	224	-136.0	136	35278	224	-136.0	136	35278	224	-136.0	136	35278	224	-136.0	136	35278
225	-138.0	138	35416	225	-138.0	138	35416	225	-138.0	138	35416	225	-138.0	138	35416	225	-138.0	138	35416	225	-138.0	138	35416	225	-138.0	138	35416
226	-137.0	137	35553	226	-137.0	137	35553	226	-137.0	137	35553	226	-137.0	137	35553	226	-137.0	137	35553	226	-137.0	137	35553	226	-137.0	137	35553
227	-139.0	139	35692	227	-139.0	139	35692	227	-139.0	139	35692	227	-139.0	139	35692	227	-139.0	139	35692	227	-139.0	139	35692	227	-139.0	139	35692
228	-168.0	168	35860	228	-168.0	168	35860	228	-168.0	168	35860	228	-168.0	168	35860	228	-168.0	168	35860	228	-168.0	168	35860	228	-168.0	168	35860
229	-138.0	138	35998	229	-138.0	138	35998	229	-138.0	138	35998	229	-138.0	138	35998	229	-138.0	138	35998	229	-138.0	138	35998	229	-138.0	138	35998
230	-140.0	140	36138	230	-140.0	140	36138	230	-140.0	140	36138	230	-140.0	140	36138	230	-140.0	140	36138	230	-140.0	140	36138	230	-140.0	140	36138
231	-142.0	142	36280	231	-142.0	142	36280	231	-142.0	142	36280	231	-142.0	142	36280	231	-142.0	142	36280	231	-142.0	142	36280	231	-142.0	142	36280
232	-126.0	126	36406	232	-126.0	126	36406	232	-126.0	126	36406	232	-126.0	126	36406	232	-126.0	126	36406	232	-126.0	126	36406	232	-126.0	126	36406
233	-175.0	175	36581	233	-175.0	175	36581	233	-175.0	175	36581	233	-175.0	175	36581	233	-175.0	175	36581	233	-175.0	175	36581	233	-175.0	175	36581
234	-177.0	177	36758	234	-177.0	177	36758	234	-177.0	177	36758	234	-177.0	177	36758	234	-177.0	177	36758	234	-177.0	177	36758	234	-177.0	177	36758
235	-170.0	170	36928	235	-170.0	170	36928	235	-170.0	170	36928	235	-170.0	170	36928	235	-170.0	170	36928	235	-170.0	170	36928	235	-170.0	170	36928
236	-140.0	140	37068	236	-140.0	140	37068	236	-140.0	140	37068	236	-140.0	140	37068	236	-140.0	140	37068	236	-140.0	140	37068	236	-140.0	140	37068
237	-137.0	137	37205	237	-137.0	137	37205	237	-137.0	137	37205	237	-137.0	137	37205	237	-137.0	137	37205	237	-137.0	137	37205	237	-137.0	137	37205
238	-136.0	136	37341	238	-136.0	136	37341	238	-136.0	136	37341	238	-136.0	136	37341	238	-136.0	136	37341	238	-136.0	136	37341	238	-136.0	136	37341
239	-159.0	159	37500	239	-159.0	159	37500	239	-159.0	159	37500	239	-159.0	159	37500	239	-159.0	159	37500	239	-159.0	159	37500	239	-159.0	159	37500
240	-192.0	192	37692	240	-192.0	192	37692	240	-192.0	192	37692	240	-192.0	192	37692	240	-192.0	192	37692	240	-192.0	192	37692	240	-192.0	192	37692
241	-137.0	137	37829	241	-137.0	137	37829	241	-137.0	137	37829	241	-137.0	137	37829	241	-137.0	137	37829	241	-137.0	137	37829	241	-137.0	137	37829
242	-120.0	120	37949	242	-120.0	120	37949	242	-120.0	120	37949	242	-120.0	120	37949	242	-120.0	120	37949	242	-120.0	120	37949	242	-120.0	120	37949
243	-136.0	136	38085	243	-136.0	136	38085	243	-136.0	136	38085	243	-136.0	136	38085	243	-136.0	136	38085	243	-136.0	136	38085	243	-136.0	136	38085
244	-138.0	138	38223	244	-138.0	138	38223	244	-138.0	138	38223	244	-138.0	138	38223	244	-138.0	138	38223	244	-138.0	138	38223	244	-138.0	138	38223
245	-109.0	109	38332	245	-109.0	109	38332	245	-109.0	109	38332	245	-109.0	109	38332	245	-109.0	109	38332	245	-109.0	109	38332	245	-109.0	109	38332
246	-109.0	109	38441	246	-109.0	109	38441	246	-109.0	109	38441	246	-109.0	109	38441	246	-109.0	109	38441	246	-109.0	109	38441	246	-109.0	109	38441
247	-110.0	110	38551	247	-110.0	110	38551	247	-110.0	110	38551	247	-110.0	110	38551	247	-110.0	110	38551	247	-110.0	110	38551	247	-110.0	110	38551
248	-114.0	114	38665	248	-114.0	114	38665	248	-114.0	114	38665	248	-114.0	114	38665	248	-114.0	114	38665	248	-114.0	114	38665	248	-114.0	114	38665
249	-127.0	127	38792	249	-127.0	127	38792	249	-127.0	127	38792	249	-127.0	127	38792	249	-127.0	127	38792	249	-127.0	127	38792	249	-127.0	127	38792
250	-110.0	110	38902	250	-110.0	110	38902	250	-110.0	110	38902	250	-110.0	110	38902	250	-110.0	110	38902	250	-110.0	110	38902	250	-110.0	110	38902
251	-110.0	110	39012	251	-110.0	110	39012	251	-110.0	110	39012	251	-110.0	110	39012	251	-110.0	110	39012	251	-110.0	110	39012	251	-110.0	110	39012
252	-110.0	110	39122	252	-110.0	110	39122	252	-110.0	110	39122	252	-110.0	110	39122	252	-110.0	110	39122	252	-110.0	110	39122	252	-110.0	110	39122
253	-107.0	107	39229	253	-107.0	107	39229	253	-107.0	107	39229	253	-107.0	107	39229	253	-107.0	107	39229	253	-107.0	107	39229	253	-107.0	107	39229
254	-129.0	129	39358	254	-129.0	129	39358	254	-129.0	129	39358	254	-129.0	129	39358	254	-129.0	129	39358	254	-129.0	129	39358	254	-129.0	129	39358
255	-151.0	151	39509	255	-151.0	151	39509	255	-151.0	151	39509	255	-151.0	151	39509	255	-151.0	151	39509	255	-151.0	151	39509	255	-151.0	151	39509
256	-107.0	107	39616	256	-107.0	107	39616	256	-107.0	107	39616	256	-107.0	107	39616	256	-107.0	107	39616	256	-107.0	107	39616	256	-107.0	107	39616
257	-107.0	107	39723	257	-107.0	107	39723	257	-107.0	107	39723	257	-107.0	107	39723	257	-107.0	107	39723	257	-107.0	107	39723	257	-107.0	107	39723
258	-147.0	147	39870	258	-147.0	147	39870	258	-147.0	147	39870	258	-147.0	147	39870	258	-147.0	147	39870	258	-147.0	147	39870	258	-147.0	147	39870
259	-115.0	115	39985	259	-115.0	115	39985	259	-115.0	115	39985	259	-115.0	115	39985	259	-115.0	115	39985	259	-115.0	115	39985	259	-115.0	115	39985
260	-106.0	106	40091	260	-106.0	106	40091	260	-106.0	106	40091	260	-106.0	106	40091	260	-106.0	106	40091	260	-106.0	106	40091	260	-106.0	106	40091
261	-107.0	107	40198	261	-107.0	107	40198	261	-107.0	107	40198	261	-107.0	107	40198	261	-107.0	107	40198	261	-107.0	107	40198	261	-107.0	107	40198
262	-105.0	105	40303	262	-105.0	105	40303	262	-105.0	105	40303	262	-105.0	105	40303	262	-105.0	105	40303	262	-105.0	105	40303	262	-105.0	105	40303
263	-140.0	140	40443	263	-140.0	140	40443	263	-140.0	140	40443	263	-140.0	140	40443	263	-140.0	140	40443	263	-140.0	140	40443	263	-140.0	140	40443
264	-141.0	141	40584	264	-141.0	141	40584	264	-141.0	141	40584	264	-141.0	141	40584	264	-141.0	141	40584	264	-141.0	141	40584	264	-141.0	141	40584
265	-106.0	106	40690	265	-106.0	106	40690	265	-106.0	106	40690	265	-106.0	106	40690	265	-106.0	106	40690	265	-106.0	106	40690	265	-106.0	106	40690
266	-107.0	107	40797	266	-107.0	107	40797	266	-107.0	107	40797	266	-107.0	107	40797	266	-107.0	107	40797	266	-107.0	107	40797	266	-107.0	107	40797
267	-135.0	135	40932	267	-135.0	135	40932	267	-135.0	135	40932	267	-135.0	135	40932	267	-135.0	135	40932	267	-135.0	135	40932	267	-135.0	135	40932
268	-108.0	108	41040	268	-108.0	108	41040	268	-108.0	108	41040	268	-108.0	108	41040	268	-108.0	108	41040	268	-108.0	108	41040	268	-108.0	108	41040
269	-109.0	109	41149	269	-109.0	109	41149	269	-109.0	109	41149	269	-109.0	109	41149	269	-109.0	109	41149	269	-109.0	109	41149	269	-109.0	109	41149
270	-106.0	106	41255	270	-106.0	106	41255	270	-106.0	106	41255	270	-106.0	106	41255	270	-106.0	106	41255	270	-106.0	106	41255	270	-106.0	106	41255
271	-137.0	137	41392	271	-137.0	137	41392	271	-137.0	137	41392	271	-137.0	137	41392	271	-137.0	137	41392	271	-137.0	137	41392	271	-137.0	137	41392
272	-105.0	105	41497	272	-105.0	105	41497	272	-105.0	105	41497	272	-105.0	105	41497	272	-105.0	105	41497	272	-105.0	105	41497	272	-105.0	105	41497
273	-139.0	139	41636	273	-139.0	139	41636	273	-139.0	139	41636	273	-139.0	139	41636	273	-139.0	139	41636	273	-139.0	139	41636	273	-139.0	139	41636
274	-140.0	140	41776	274	-140.0	140	41776	274	-140.0	140	41776	274	-140.0	140	41776	274	-140.0	140	41776	274	-140.0	140	41776	274	-140.0	140	41776
275	-146.0	146	41922	275	-146.0	146	41922	275	-146.0	146	41922	275	-146.0	146	41922	275	-146.0	146	41922	275	-146.0	146	41922	275	-146.0	146	41922
276	-108.0	108	42030	276	-108.0	108	42030	276	-108.0	108	42030	276	-108.0	108	42030	276	-108.0	108	42030	276	-108.0	108	42030	276	-108.0	108	42030
277	-147.0	147	42177	277	-147.0	147	42177	277	-147.0	147	42177	277	-147.0	147	42177	277	-147.0	147	42177	277	-147.0	147	42177	277	-147.0	147	42177
278	-106.0	106	42283	278	-106.0	106	42283	278	-106.0	106	42283	278	-106.0	106	42283	278	-106.0	106	42283	278	-106.0	106	42283	278	-106.0	106	42283
279	-145.0	145	42428	279	-145.0	145	42428	279	-145.0	145	42428	279	-145.0	145	42428	279	-145.0	145	42428	279	-145.0	145	42428	279	-145.0	145	42428
280	-136.0	136	42564	280	-136.0	136	42564	280	-136.0	136	42564	280	-136.0	136	42564	280	-136.0	136	42564	280	-136.0	136	42564	280	-136.0	136	42564
281	-141.0	141	42705	281	-141.0	141	42705	281	-141.0	141	42705	281	-141.0	141	42705	281	-141.0	141	42705	281	-141.0	141	42705	281	-141.0	141	42705
282	-104.0	104	42809	282	-104.0	104	42809	282	-104.0	104	42809	282	-104.0	104	42809	282	-104.0	104	42809	282	-104.0	104	42809	282	-104.0	104	42809
283	-107.0	107	42916	283	-107.0	107	42916	283	-107.0	107	42916	283	-107.0	107	42916	283	-107.0	107	42916	283	-107.0	107	42916	283	-107.0	107	42916
284	-127.0	127	43043	284	-127.0	127	43043	284	-127.0	127	43043	284	-127.0	127	43043	284	-127.0	127	43043	284	-127.0	127	43043	284	-127.0	127	43043
285	-134.0	134	43177	285	-134.0	134	43177	285	-134.0	134	43177	285	-134.0	134	43177	285	-134.0	134	43177	285	-134.0	134	43177	285	-134.0	134	43177
286	-104.0	104	43281	286	-104.0	104	43281	286	-104.0	104	43281	286	-104.0	104	43281	286	-104.0	104	43281	286	-104.0	104	43281	286	-104.0	104	43281
287	-158.0	158	43439	287	-158.0	158	43439	287	-158.0	158	43439	287	-158.0	158	43439	287	-158.0	158	43439	287	-158.0	158	43439	287	-158.0	158	43439
288	-138.0	138	43577	288	-138.0	138	43577	288	-138.0	138	43577	288	-138.0	138	43577	288	-138.0	138	43577	288	-138.0	138	43577	288	-138.0	138	43577
289	-137.0	137	43714	289	-137.0	137	43714	289	-137.0	137	43714	289	-137.0	137	43714	289	-137.0	137	43714	289	-137.0	137	43714	289	-137.0	137	43714
290	-109.0	109	43823	290	-109.0	109	43823	290	-109.0	109	43823	290	-109.0	109	43823	290	-109.0	109	43823	290	-109.0	109	43823	290	-109.0	109	43823
291	-176.0	176	43999	291	-176.0	176	43999	291	-176.0	176	43999	291	-176.0	176	43999	291	-176.0	176	43999	291	-176.0	176	43999	291	-176.0	176	43999
292	-137.0	137	44136	292	-137.0	137	44136	292	-137.0	137	44136	292	-137.0	137	44136	292	-137.0	137	44136	292	-137.0	137	44136	292	-137.0	137	44136
293	-137.0	137	44273	293	-137.0	137	44273	293	-137.0	137	44273	293	-137.0	137	44273	293	-137.0	137	44273	293	-137.0	137	44273	293	-137.0	137	44273
294	-136.0	136	44409	294	-136.0	136	44409	294	-136.0	136	44409	294	-136.0	136	44409	294	-136.0	136	44409	294	-136.0	136	44409	294	-136.0	136	44409
295	-138.0	138	44547	295	-138.0	138	44547	295	-138.0	138	44547	295	-138.0	138	44547	295	-138.0	138	44547	295	-138.0	138	44547	295	-138.0	138	44547
296	-138.0	138	44685	296	-138.0	138	44685	296	-138.0	138	44685	296	-138.0	138	44685	296	-138.0	138	44685	296	-138.0	138	44685	296	-138.0	138	44685
297	-135.0	135	44820	297	-135.0	135	44820	297	-135.0	135	44820	297	-135.0	135	44820	297	-135.0	135	44820	297	-135.0	135	44820	297	-135.0	135	44820
298	-109.0	109	44929	298	-109.0	109	44929	298	-109.0	109	44929	298	-109.0	109	44929	298	-109.0	109	44929	298	-109.0	109	44929	298	-109.0	109	44929
299	-110.0	110	45039	299	-110.0	110	45039	299	-110.0	110	45039	299	-110.0	110	45039	299	-110.0	110	45039	299	-110.0	110	45039	299	-110.0	110	45039
