Episode	Accumulated Reward	Length	Steps	Episode	Accumulated Reward	Length	Steps	Episode	Accumulated Reward	Length	Steps	Episode	Accumulated Reward	Length	Steps	Episode	Accumulated Reward	Length	Steps	Episode	Accumulated Reward	Length	Steps	Episode	Accumulated Reward	Length	Steps	Episode	Accumulated Reward	Length	Steps	Episode	Accumulated Reward	Length	Steps	Episode	Accumulated Reward	Length	Steps
0	-17	17	17	0	-17	17	17	0	-17	17	17	0	-17	17	17	0	-17	17	17	0	-17	17	17	0	-17	17	17	0	-17	17	17	0	-17	17	17	0	-17	17	17
1	-19	19	36	1	-19	19	36	1	-19	19	36	1	-19	19	36	1	-19	19	36	1	-19	19	36	1	-19	19	36	1	-19	19	36	1	-19	19	36	1	-19	19	36
2	-17	17	53	2	-17	17	53	2	-17	17	53	2	-17	17	53	2	-17	17	53	2	-17	17	53	2	-17	17	53	2	-17	17	53	2	-17	17	53	2	-17	17	53
3	-19	19	72	3	-19	19	72	3	-19	19	72	3	-19	19	72	3	-19	19	72	3	-19	19	72	3	-19	19	72	3	-19	19	72	3	-19	19	72	3	-19	19	72
4	-19	19	91	4	-19	19	91	4	-19	19	91	4	-19	19	91	4	-19	19	91	4	-19	19	91	4	-19	19	91	4	-19	19	91	4	-19	19	91	4	-19	19	91
5	-22	22	113	5	-22	22	113	5	-22	22	113	5	-22	22	113	5	-22	22	113	5	-22	22	113	5	-22	22	113	5	-22	22	113	5	-22	22	113	5	-22	22	113
6	-17	17	130	6	-17	17	130	6	-17	17	130	6	-17	17	130	6	-17	17	130	6	-17	17	130	6	-17	17	130	6	-17	17	130	6	-17	17	130	6	-17	17	130
7	-17	17	147	7	-17	17	147	7	-17	17	147	7	-17	17	147	7	-17	17	147	7	-17	17	147	7	-17	17	147	7	-17	17	147	7	-17	17	147	7	-17	17	147
8	-23	23	170	8	-23	23	170	8	-23	23	170	8	-23	23	170	8	-23	23	170	8	-23	23	170	8	-23	23	170	8	-23	23	170	8	-23	23	170	8	-23	23	170
9	-20	20	190	9	-20	20	190	9	-20	20	190	9	-20	20	190	9	-20	20	190	9	-20	20	190	9	-20	20	190	9	-20	20	190	9	-20	20	190	9	-20	20	190
10	-26	26	216	10	-26	26	216	10	-26	26	216	10	-26	26	216	10	-26	26	216	10	-26	26	216	10	-26	26	216	10	-26	26	216	10	-26	26	216	10	-26	26	216
11	-19	19	235	11	-19	19	235	11	-19	19	235	11	-19	19	235	11	-19	19	235	11	-19	19	235	11	-19	19	235	11	-19	19	235	11	-19	19	235	11	-19	19	235
12	-17	17	252	12	-17	17	252	12	-17	17	252	12	-17	17	252	12	-17	17	252	12	-17	17	252	12	-17	17	252	12	-17	17	252	12	-17	17	252	12	-17	17	252
13	-21	21	273	13	-21	21	273	13	-21	21	273	13	-21	21	273	13	-21	21	273	13	-21	21	273	13	-21	21	273	13	-21	21	273	13	-21	21	273	13	-21	21	273
14	-17	17	290	14	-17	17	290	14	-17	17	290	14	-17	17	290	14	-17	17	290	14	-17	17	290	14	-17	17	290	14	-17	17	290	14	-17	17	290	14	-17	17	290
15	-21	21	311	15	-21	21	311	15	-21	21	311	15	-21	21	311	15	-21	21	311	15	-21	21	311	15	-21	21	311	15	-21	21	311	15	-21	21	311	15	-21	21	311
16	-21	21	332	16	-21	21	332	16	-21	21	332	16	-21	21	332	16	-21	21	332	16	-21	21	332	16	-21	21	332	16	-21	21	332	16	-21	21	332	16	-21	21	332
17	-23	23	355	17	-23	23	355	17	-23	23	355	17	-23	23	355	17	-23	23	355	17	-23	23	355	17	-23	23	355	17	-23	23	355	17	-23	23	355	17	-23	23	355
18	-17	17	372	18	-17	17	372	18	-17	17	372	18	-17	17	372	18	-17	17	372	18	-17	17	372	18	-17	17	372	18	-17	17	372	18	-17	17	372	18	-17	17	372
19	-19	19	391	19	-19	19	391	19	-19	19	391	19	-19	19	391	19	-19	19	391	19	-19	19	391	19	-19	19	391	19	-19	19	391	19	-19	19	391	19	-19	19	391
20	-18	18	409	20	-18	18	409	20	-18	18	409	20	-18	18	409	20	-18	18	409	20	-18	18	409	20	-18	18	409	20	-18	18	409	20	-18	18	409	20	-18	18	409
21	-20	20	429	21	-20	20	429	21	-20	20	429	21	-20	20	429	21	-20	20	429	21	-20	20	429	21	-20	20	429	21	-20	20	429	21	-20	20	429	21	-20	20	429
22	-23	23	452	22	-23	23	452	22	-23	23	452	22	-23	23	452	22	-23	23	452	22	-23	23	452	22	-23	23	452	22	-23	23	452	22	-23	23	452	22	-23	23	452
23	-19	19	471	23	-19	19	471	23	-19	19	471	23	-19	19	471	23	-19	19	471	23	-19	19	471	23	-19	19	471	23	-19	19	471	23	-19	19	471	23	-19	19	471
24	-22	22	493	24	-22	22	493	24	-22	22	493	24	-22	22	493	24	-22	22	493	24	-22	22	493	24	-22	22	493	24	-22	22	493	24	-22	22	493	24	-22	22	493
25	-17	17	510	25	-17	17	510	25	-17	17	510	25	-17	17	510	25	-17	17	510	25	-17	17	510	25	-17	17	510	25	-17	17	510	25	-17	17	510	25	-17	17	510
26	-19	19	529	26	-19	19	529	26	-19	19	529	26	-19	19	529	26	-19	19	529	26	-19	19	529	26	-19	19	529	26	-19	19	529	26	-19	19	529	26	-19	19	529
27	-20	20	549	27	-20	20	549	27	-20	20	549	27	-20	20	549	27	-20	20	549	27	-20	20	549	27	-20	20	549	27	-20	20	549	27	-20	20	549	27	-20	20	549
28	-43	43	592	28	-43	43	592	28	-43	43	592	28	-43	43	592	28	-43	43	592	28	-43	43	592	28	-43	43	592	28	-43	43	592	28	-43	43	592	28	-43	43	592
29	-19	19	611	29	-19	19	611	29	-19	19	611	29	-19	19	611	29	-19	19	611	29	-19	19	611	29	-19	19	611	29	-19	19	611	29	-19	19	611	29	-19	19	611
30	-32	32	643	30	-32	32	643	30	-32	32	643	30	-32	32	643	30	-32	32	643	30	-32	32	643	30	-32	32	643	30	-32	32	643	30	-32	32	643	30	-32	32	643
31	-19	19	662	31	-19	19	662	31	-19	19	662	31	-19	19	662	31	-19	19	662	31	-19	19	662	31	-19	19	662	31	-19	19	662	31	-19	19	662	31	-19	19	662
32	-18	18	680	32	-18	18	680	32	-18	18	680	32	-18	18	680	32	-18	18	680	32	-18	18	680	32	-18	18	680	32	-18	18	680	32	-18	18	680	32	-18	18	680
33	-17	17	697	33	-17	17	697	33	-17	17	697	33	-17	17	697	33	-17	17	697	33	-17	17	697	33	-17	17	697	33	-17	17	697	33	-17	17	697	33	-17	17	697
34	-26	26	723	34	-26	26	723	34	-26	26	723	34	-26	26	723	34	-26	26	723	34	-26	26	723	34	-26	26	723	34	-26	26	723	34	-26	26	723	34	-26	26	723
35	-19	19	742	35	-19	19	742	35	-19	19	742	35	-19	19	742	35	-19	19	742	35	-19	19	742	35	-19	19	742	35	-19	19	742	35	-19	19	742	35	-19	19	742
36	-118	19	761	36	-118	19	761	36	-118	19	761	36	-118	19	761	36	-118	19	761	36	-118	19	761	36	-118	19	761	36	-118	19	761	36	-118	19	761	36	-118	19	761
37	-20	20	781	37	-20	20	781	37	-20	20	781	37	-20	20	781	37	-20	20	781	37	-20	20	781	37	-20	20	781	37	-20	20	781	37	-20	20	781	37	-20	20	781
38	-25	25	806	38	-25	25	806	38	-25	25	806	38	-25	25	806	38	-25	25	806	38	-25	25	806	38	-25	25	806	38	-25	25	806	38	-25	25	806	38	-25	25	806
39	-30	30	836	39	-30	30	836	39	-30	30	836	39	-30	30	836	39	-30	30	836	39	-30	30	836	39	-30	30	836	39	-30	30	836	39	-30	30	836	39	-30	30	836
40	-37	37	873	40	-37	37	873	40	-37	37	873	40	-37	37	873	40	-37	37	873	40	-37	37	873	40	-37	37	873	40	-37	37	873	40	-37	37	873	40	-37	37	873
41	-17	17	890	41	-17	17	890	41	-17	17	890	41	-17	17	890	41	-17	17	890	41	-17	17	890	41	-17	17	890	41	-17	17	890	41	-17	17	890	41	-17	17	890
42	-24	24	914	42	-24	24	914	42	-24	24	914	42	-24	24	914	42	-24	24	914	42	-24	24	914	42	-24	24	914	42	-24	24	914	42	-24	24	914	42	-24	24	914
43	-19	19	933	43	-19	19	933	43	-19	19	933	43	-19	19	933	43	-19	19	933	43	-19	19	933	43	-19	19	933	43	-19	19	933	43	-19	19	933	43	-19	19	933
44	-20	20	953	44	-20	20	953	44	-20	20	953	44	-20	20	953	44	-20	20	953	44	-20	20	953	44	-20	20	953	44	-20	20	953	44	-20	20	953	44	-20	20	953
45	-23	23	976	45	-23	23	976	45	-23	23	976	45	-23	23	976	45	-23	23	976	45	-23	23	976	45	-23	23	976	45	-23	23	976	45	-23	23	976	45	-23	23	976
46	-37	37	1013	46	-37	37	1013	46	-37	37	1013	46	-37	37	1013	46	-37	37	1013	46	-37	37	1013	46	-37	37	1013	46	-37	37	1013	46	-37	37	1013	46	-37	37	1013
47	-29	29	1042	47	-29	29	1042	47	-29	29	1042	47	-29	29	1042	47	-29	29	1042	47	-29	29	1042	47	-29	29	1042	47	-29	29	1042	47	-29	29	1042	47	-29	29	1042
48	-25	25	1067	48	-25	25	1067	48	-25	25	1067	48	-25	25	1067	48	-25	25	1067	48	-25	25	1067	48	-25	25	1067	48	-25	25	1067	48	-25	25	1067	48	-25	25	1067
49	-29	29	1096	49	-29	29	1096	49	-29	29	1096	49	-29	29	1096	49	-29	29	1096	49	-29	29	1096	49	-29	29	1096	49	-29	29	1096	49	-29	29	1096	49	-29	29	1096
50	-19	19	1115	50	-19	19	1115	50	-19	19	1115	50	-19	19	1115	50	-19	19	1115	50	-19	19	1115	50	-19	19	1115	50	-19	19	1115	50	-19	19	1115	50	-19	19	1115
51	-19	19	1134	51	-19	19	1134	51	-19	19	1134	51	-19	19	1134	51	-19	19	1134	51	-19	19	1134	51	-19	19	1134	51	-19	19	1134	51	-19	19	1134	51	-19	19	1134
52	-19	19	1153	52	-19	19	1153	52	-19	19	1153	52	-19	19	1153	52	-19	19	1153	52	-19	19	1153	52	-19	19	1153	52	-19	19	1153	52	-19	19	1153	52	-19	19	1153
53	-18	18	1171	53	-18	18	1171	53	-18	18	1171	53	-18	18	1171	53	-18	18	1171	53	-18	18	1171	53	-18	18	1171	53	-18	18	1171	53	-18	18	1171	53	-18	18	1171
54	-21	21	1192	54	-21	21	1192	54	-21	21	1192	54	-21	21	1192	54	-21	21	1192	54	-21	21	1192	54	-21	21	1192	54	-21	21	1192	54	-21	21	1192	54	-21	21	1192
55	-17	17	1209	55	-17	17	1209	55	-17	17	1209	55	-17	17	1209	55	-17	17	1209	55	-17	17	1209	55	-17	17	1209	55	-17	17	1209	55	-17	17	1209	55	-17	17	1209
56	-25	25	1234	56	-25	25	1234	56	-25	25	1234	56	-25	25	1234	56	-25	25	1234	56	-25	25	1234	56	-25	25	1234	56	-25	25	1234	56	-25	25	1234	56	-25	25	1234
57	-30	30	1264	57	-30	30	1264	57	-30	30	1264	57	-30	30	1264	57	-30	30	1264	57	-30	30	1264	57	-30	30	1264	57	-30	30	1264	57	-30	30	1264	57	-30	30	1264
58	-19	19	1283	58	-19	19	1283	58	-19	19	1283	58	-19	19	1283	58	-19	19	1283	58	-19	19	1283	58	-19	19	1283	58	-19	19	1283	58	-19	19	1283	58	-19	19	1283
59	-17	17	1300	59	-17	17	1300	59	-17	17	1300	59	-17	17	1300	59	-17	17	1300	59	-17	17	1300	59	-17	17	1300	59	-17	17	1300	59	-17	17	1300	59	-17	17	1300
60	-18	18	1318	60	-18	18	1318	60	-18	18	1318	60	-18	18	1318	60	-18	18	1318	60	-18	18	1318	60	-18	18	1318	60	-18	18	1318	60	-18	18	1318	60	-18	18	1318
61	-17	17	1335	61	-17	17	1335	61	-17	17	1335	61	-17	17	1335	61	-17	17	1335	61	-17	17	1335	61	-17	17	1335	61	-17	17	1335	61	-17	17	1335	61	-17	17	1335
62	-18	18	1353	62	-18	18	1353	62	-18	18	1353	62	-18	18	1353	62	-18	18	1353	62	-18	18	1353	62	-18	18	1353	62	-18	18	1353	62	-18	18	1353	62	-18	18	1353
63	-19	19	1372	63	-19	19	1372	63	-19	19	1372	63	-19	19	1372	63	-19	19	1372	63	-19	19	1372	63	-19	19	1372	63	-19	19	1372	63	-19	19	1372	63	-19	19	1372
64	-17	17	1389	64	-17	17	1389	64	-17	17	1389	64	-17	17	1389	64	-17	17	1389	64	-17	17	1389	64	-17	17	1389	64	-17	17	1389	64	-17	17	1389	64	-17	17	1389
65	-17	17	1406	65	-17	17	1406	65	-17	17	1406	65	-17	17	1406	65	-17	17	1406	65	-17	17	1406	65	-17	17	1406	65	-17	17	1406	65	-17	17	1406	65	-17	17	1406
66	-18	18	1424	66	-18	18	1424	66	-18	18	1424	66	-18	18	1424	66	-18	18	1424	66	-18	18	1424	66	-18	18	1424	66	-18	18	1424	66	-18	18	1424	66	-18	18	1424
67	-18	18	1442	67	-18	18	1442	67	-18	18	1442	67	-18	18	1442	67	-18	18	1442	67	-18	18	1442	67	-18	18	1442	67	-18	18	1442	67	-18	18	1442	67	-18	18	1442
68	-17	17	1459	68	-17	17	1459	68	-17	17	1459	68	-17	17	1459	68	-17	17	1459	68	-17	17	1459	68	-17	17	1459	68	-17	17	1459	68	-17	17	1459	68	-17	17	1459
69	-21	21	1480	69	-21	21	1480	69	-21	21	1480	69	-21	21	1480	69	-21	21	1480	69	-21	21	1480	69	-21	21	1480	69	-21	21	1480	69	-21	21	1480	69	-21	21	1480
70	-17	17	1497	70	-17	17	1497	70	-17	17	1497	70	-17	17	1497	70	-17	17	1497	70	-17	17	1497	70	-17	17	1497	70	-17	17	1497	70	-17	17	1497	70	-17	17	1497
71	-17	17	1514	71	-17	17	1514	71	-17	17	1514	71	-17	17	1514	71	-17	17	1514	71	-17	17	1514	71	-17	17	1514	71	-17	17	1514	71	-17	17	1514	71	-17	17	1514
72	-19	19	1533	72	-19	19	1533	72	-19	19	1533	72	-19	19	1533	72	-19	19	1533	72	-19	19	1533	72	-19	19	1533	72	-19	19	1533	72	-19	19	1533	72	-19	19	1533
73	-21	21	1554	73	-21	21	1554	73	-21	21	1554	73	-21	21	1554	73	-21	21	1554	73	-21	21	1554	73	-21	21	1554	73	-21	21	1554	73	-21	21	1554	73	-21	21	1554
74	-18	18	1572	74	-18	18	1572	74	-18	18	1572	74	-18	18	1572	74	-18	18	1572	74	-18	18	1572	74	-18	18	1572	74	-18	18	1572	74	-18	18	1572	74	-18	18	1572
75	-19	19	1591	75	-19	19	1591	75	-19	19	1591	75	-19	19	1591	75	-19	19	1591	75	-19	19	1591	75	-19	19	1591	75	-19	19	1591	75	-19	19	1591	75	-19	19	1591
76	-119	20	1611	76	-119	20	1611	76	-119	20	1611	76	-119	20	1611	76	-119	20	1611	76	-119	20	1611	76	-119	20	1611	76	-119	20	1611	76	-119	20	1611	76	-119	20	1611
77	-17	17	1628	77	-17	17	1628	77	-17	17	1628	77	-17	17	1628	77	-17	17	1628	77	-17	17	1628	77	-17	17	1628	77	-17	17	1628	77	-17	17	1628	77	-17	17	1628
78	-20	20	1648	78	-20	20	1648	78	-20	20	1648	78	-20	20	1648	78	-20	20	1648	78	-20	20	1648	78	-20	20	1648	78	-20	20	1648	78	-20	20	1648	78	-20	20	1648
79	-19	19	1667	79	-19	19	1667	79	-19	19	1667	79	-19	19	1667	79	-19	19	1667	79	-19	19	1667	79	-19	19	1667	79	-19	19	1667	79	-19	19	1667	79	-19	19	1667
80	-18	18	1685	80	-18	18	1685	80	-18	18	1685	80	-18	18	1685	80	-18	18	1685	80	-18	18	1685	80	-18	18	1685	80	-18	18	1685	80	-18	18	1685	80	-18	18	1685
81	-18	18	1703	81	-18	18	1703	81	-18	18	1703	81	-18	18	1703	81	-18	18	1703	81	-18	18	1703	81	-18	18	1703	81	-18	18	1703	81	-18	18	1703	81	-18	18	1703
82	-119	20	1723	82	-119	20	1723	82	-119	20	1723	82	-119	20	1723	82	-119	20	1723	82	-119	20	1723	82	-119	20	1723	82	-119	20	1723	82	-119	20	1723	82	-119	20	1723
83	-40	40	1763	83	-40	40	1763	83	-40	40	1763	83	-40	40	1763	83	-40	40	1763	83	-40	40	1763	83	-40	40	1763	83	-40	40	1763	83	-40	40	1763	83	-40	40	1763
84	-34	34	1797	84	-34	34	1797	84	-34	34	1797	84	-34	34	1797	84	-34	34	1797	84	-34	34	1797	84	-34	34	1797	84	-34	34	1797	84	-34	34	1797	84	-34	34	1797
85	-17	17	1814	85	-17	17	1814	85	-17	17	1814	85	-17	17	1814	85	-17	17	1814	85	-17	17	1814	85	-17	17	1814	85	-17	17	1814	85	-17	17	1814	85	-17	17	1814
86	-24	24	1838	86	-24	24	1838	86	-24	24	1838	86	-24	24	1838	86	-24	24	1838	86	-24	24	1838	86	-24	24	1838	86	-24	24	1838	86	-24	24	1838	86	-24	24	1838
87	-20	20	1858	87	-20	20	1858	87	-20	20	1858	87	-20	20	1858	87	-20	20	1858	87	-20	20	1858	87	-20	20	1858	87	-20	20	1858	87	-20	20	1858	87	-20	20	1858
88	-24	24	1882	88	-24	24	1882	88	-24	24	1882	88	-24	24	1882	88	-24	24	1882	88	-24	24	1882	88	-24	24	1882	88	-24	24	1882	88	-24	24	1882	88	-24	24	1882
89	-18	18	1900	89	-18	18	1900	89	-18	18	1900	89	-18	18	1900	89	-18	18	1900	89	-18	18	1900	89	-18	18	1900	89	-18	18	1900	89	-18	18	1900	89	-18	18	1900
90	-17	17	1917	90	-17	17	1917	90	-17	17	1917	90	-17	17	1917	90	-17	17	1917	90	-17	17	1917	90	-17	17	1917	90	-17	17	1917	90	-17	17	1917	90	-17	17	1917
91	-19	19	1936	91	-19	19	1936	91	-19	19	1936	91	-19	19	1936	91	-19	19	1936	91	-19	19	1936	91	-19	19	1936	91	-19	19	1936	91	-19	19	1936	91	-19	19	1936
92	-23	23	1959	92	-23	23	1959	92	-23	23	1959	92	-23	23	1959	92	-23	23	1959	92	-23	23	1959	92	-23	23	1959	92	-23	23	1959	92	-23	23	1959	92	-23	23	1959
93	-19	19	1978	93	-19	19	1978	93	-19	19	1978	93	-19	19	1978	93	-19	19	1978	93	-19	19	1978	93	-19	19	1978	93	-19	19	1978	93	-19	19	1978	93	-19	19	1978
94	-27	27	2005	94	-27	27	2005	94	-27	27	2005	94	-27	27	2005	94	-27	27	2005	94	-27	27	2005	94	-27	27	2005	94	-27	27	2005	94	-27	27	2005	94	-27	27	2005
95	-17	17	2022	95	-17	17	2022	95	-17	17	2022	95	-17	17	2022	95	-17	17	2022	95	-17	17	2022	95	-17	17	2022	95	-17	17	2022	95	-17	17	2022	95	-17	17	2022
96	-19	19	2041	96	-19	19	2041	96	-19	19	2041	96	-19	19	2041	96	-19	19	2041	96	-19	19	2041	96	-19	19	2041	96	-19	19	2041	96	-19	19	2041	96	-19	19	2041
97	-17	17	2058	97	-17	17	2058	97	-17	17	2058	97	-17	17	2058	97	-17	17	2058	97	-17	17	2058	97	-17	17	2058	97	-17	17	2058	97	-17	17	2058	97	-17	17	2058
98	-22	22	2080	98	-22	22	2080	98	-22	22	2080	98	-22	22	2080	98	-22	22	2080	98	-22	22	2080	98	-22	22	2080	98	-22	22	2080	98	-22	22	2080	98	-22	22	2080
99	-18	18	2098	99	-18	18	2098	99	-18	18	2098	99	-18	18	2098	99	-18	18	2098	99	-18	18	2098	99	-18	18	2098	99	-18	18	2098	99	-18	18	2098	99	-18	18	2098
100	-17	17	2115	100	-17	17	2115	100	-17	17	2115	100	-17	17	2115	100	-17	17	2115	100	-17	17	2115	100	-17	17	2115	100	-17	17	2115	100	-17	17	2115	100	-17	17	2115
101	-17	17	2132	101	-17	17	2132	101	-17	17	2132	101	-17	17	2132	101	-17	17	2132	101	-17	17	2132	101	-17	17	2132	101	-17	17	2132	101	-17	17	2132	101	-17	17	2132
102	-19	19	2151	102	-19	19	2151	102	-19	19	2151	102	-19	19	2151	102	-19	19	2151	102	-19	19	2151	102	-19	19	2151	102	-19	19	2151	102	-19	19	2151	102	-19	19	2151
103	-17	17	2168	103	-17	17	2168	103	-17	17	2168	103	-17	17	2168	103	-17	17	2168	103	-17	17	2168	103	-17	17	2168	103	-17	17	2168	103	-17	17	2168	103	-17	17	2168
104	-18	18	2186	104	-18	18	2186	104	-18	18	2186	104	-18	18	2186	104	-18	18	2186	104	-18	18	2186	104	-18	18	2186	104	-18	18	2186	104	-18	18	2186	104	-18	18	2186
105	-20	20	2206	105	-20	20	2206	105	-20	20	2206	105	-20	20	2206	105	-20	20	2206	105	-20	20	2206	105	-20	20	2206	105	-20	20	2206	105	-20	20	2206	105	-20	20	2206
106	-18	18	2224	106	-18	18	2224	106	-18	18	2224	106	-18	18	2224	106	-18	18	2224	106	-18	18	2224	106	-18	18	2224	106	-18	18	2224	106	-18	18	2224	106	-18	18	2224
107	-17	17	2241	107	-17	17	2241	107	-17	17	2241	107	-17	17	2241	107	-17	17	2241	107	-17	17	2241	107	-17	17	2241	107	-17	17	2241	107	-17	17	2241	107	-17	17	2241
108	-17	17	2258	108	-17	17	2258	108	-17	17	2258	108	-17	17	2258	108	-17	17	2258	108	-17	17	2258	108	-17	17	2258	108	-17	17	2258	108	-17	17	2258	108	-17	17	2258
109	-18	18	2276	109	-18	18	2276	109	-18	18	2276	109	-18	18	2276	109	-18	18	2276	109	-18	18	2276	109	-18	18	2276	109	-18	18	2276	109	-18	18	2276	109	-18	18	2276
110	-21	21	2297	110	-21	21	2297	110	-21	21	2297	110	-21	21	2297	110	-21	21	2297	110	-21	21	2297	110	-21	21	2297	110	-21	21	2297	110	-21	21	2297	110	-21	21	2297
111	-20	20	2317	111	-20	20	2317	111	-20	20	2317	111	-20	20	2317	111	-20	20	2317	111	-20	20	2317	111	-20	20	2317	111	-20	20	2317	111	-20	20	2317	111	-20	20	2317
112	-21	21	2338	112	-21	21	2338	112	-21	21	2338	112	-21	21	2338	112	-21	21	2338	112	-21	21	2338	112	-21	21	2338	112	-21	21	2338	112	-21	21	2338	112	-21	21	2338
113	-17	17	2355	113	-17	17	2355	113	-17	17	2355	113	-17	17	2355	113	-17	17	2355	113	-17	17	2355	113	-17	17	2355	113	-17	17	2355	113	-17	17	2355	113	-17	17	2355
114	-17	17	2372	114	-17	17	2372	114	-17	17	2372	114	-17	17	2372	114	-17	17	2372	114	-17	17	2372	114	-17	17	2372	114	-17	17	2372	114	-17	17	2372	114	-17	17	2372
115	-18	18	2390	115	-18	18	2390	115	-18	18	2390	115	-18	18	2390	115	-18	18	2390	115	-18	18	2390	115	-18	18	2390	115	-18	18	2390	115	-18	18	2390	115	-18	18	2390
116	-19	19	2409	116	-19	19	2409	116	-19	19	2409	116	-19	19	2409	116	-19	19	2409	116	-19	19	2409	116	-19	19	2409	116	-19	19	2409	116	-19	19	2409	116	-19	19	2409
117	-19	19	2428	117	-19	19	2428	117	-19	19	2428	117	-19	19	2428	117	-19	19	2428	117	-19	19	2428	117	-19	19	2428	117	-19	19	2428	117	-19	19	2428	117	-19	19	2428
118	-17	17	2445	118	-17	17	2445	118	-17	17	2445	118	-17	17	2445	118	-17	17	2445	118	-17	17	2445	118	-17	17	2445	118	-17	17	2445	118	-17	17	2445	118	-17	17	2445
119	-19	19	2464	119	-19	19	2464	119	-19	19	2464	119	-19	19	2464	119	-19	19	2464	119	-19	19	2464	119	-19	19	2464	119	-19	19	2464	119	-19	19	2464	119	-19	19	2464
120	-20	20	2484	120	-20	20	2484	120	-20	20	2484	120	-20	20	2484	120	-20	20	2484	120	-20	20	2484	120	-20	20	2484	120	-20	20	2484	120	-20	20	2484	120	-20	20	2484
121	-17	17	2501	121	-17	17	2501	121	-17	17	2501	121	-17	17	2501	121	-17	17	2501	121	-17	17	2501	121	-17	17	2501	121	-17	17	2501	121	-17	17	2501	121	-17	17	2501
122	-23	23	2524	122	-23	23	2524	122	-23	23	2524	122	-23	23	2524	122	-23	23	2524	122	-23	23	2524	122	-23	23	2524	122	-23	23	2524	122	-23	23	2524	122	-23	23	2524
123	-18	18	2542	123	-18	18	2542	123	-18	18	2542	123	-18	18	2542	123	-18	18	2542	123	-18	18	2542	123	-18	18	2542	123	-18	18	2542	123	-18	18	2542	123	-18	18	2542
124	-31	31	2573	124	-31	31	2573	124	-31	31	2573	124	-31	31	2573	124	-31	31	2573	124	-31	31	2573	124	-31	31	2573	124	-31	31	2573	124	-31	31	2573	124	-31	31	2573
125	-18	18	2591	125	-18	18	2591	125	-18	18	2591	125	-18	18	2591	125	-18	18	2591	125	-18	18	2591	125	-18	18	2591	125	-18	18	2591	125	-18	18	2591	125	-18	18	2591
126	-19	19	2610	126	-19	19	2610	126	-19	19	2610	126	-19	19	2610	126	-19	19	2610	126	-19	19	2610	126	-19	19	2610	126	-19	19	2610	126	-19	19	2610	126	-19	19	2610
127	-21	21	2631	127	-21	21	2631	127	-21	21	2631	127	-21	21	2631	127	-21	21	2631	127	-21	21	2631	127	-21	21	2631	127	-21	21	2631	127	-21	21	2631	127	-21	21	2631
128	-17	17	2648	128	-17	17	2648	128	-17	17	2648	128	-17	17	2648	128	-17	17	2648	128	-17	17	2648	128	-17	17	2648	128	-17	17	2648	128	-17	17	2648	128	-17	17	2648
129	-18	18	2666	129	-18	18	2666	129	-18	18	2666	129	-18	18	2666	129	-18	18	2666	129	-18	18	2666	129	-18	18	2666	129	-18	18	2666	129	-18	18	2666	129	-18	18	2666
130	-19	19	2685	130	-19	19	2685	130	-19	19	2685	130	-19	19	2685	130	-19	19	2685	130	-19	19	2685	130	-19	19	2685	130	-19	19	2685	130	-19	19	2685	130	-19	19	2685
131	-17	17	2702	131	-17	17	2702	131	-17	17	2702	131	-17	17	2702	131	-17	17	2702	131	-17	17	2702	131	-17	17	2702	131	-17	17	2702	131	-17	17	2702	131	-17	17	2702
132	-23	23	2725	132	-23	23	2725	132	-23	23	2725	132	-23	23	2725	132	-23	23	2725	132	-23	23	2725	132	-23	23	2725	132	-23	23	2725	132	-23	23	2725	132	-23	23	2725
133	-22	22	2747	133	-22	22	2747	133	-22	22	2747	133	-22	22	2747	133	-22	22	2747	133	-22	22	2747	133	-22	22	2747	133	-22	22	2747	133	-22	22	2747	133	-22	22	2747
134	-17	17	2764	134	-17	17	2764	134	-17	17	2764	134	-17	17	2764	134	-17	17	2764	134	-17	17	2764	134	-17	17	2764	134	-17	17	2764	134	-17	17	2764	134	-17	17	2764
135	-18	18	2782	135	-18	18	2782	135	-18	18	2782	135	-18	18	2782	135	-18	18	2782	135	-18	18	2782	135	-18	18	2782	135	-18	18	2782	135	-18	18	2782	135	-18	18	2782
136	-35	35	2817	136	-35	35	2817	136	-35	35	2817	136	-35	35	2817	136	-35	35	2817	136	-35	35	2817	136	-35	35	2817	136	-35	35	2817	136	-35	35	2817	136	-35	35	2817
137	-18	18	2835	137	-18	18	2835	137	-18	18	2835	137	-18	18	2835	137	-18	18	2835	137	-18	18	2835	137	-18	18	2835	137	-18	18	2835	137	-18	18	2835	137	-18	18	2835
138	-17	17	2852	138	-17	17	2852	138	-17	17	2852	138	-17	17	2852	138	-17	17	2852	138	-17	17	2852	138	-17	17	2852	138	-17	17	2852	138	-17	17	2852	138	-17	17	2852
139	-20	20	2872	139	-20	20	2872	139	-20	20	2872	139	-20	20	2872	139	-20	20	2872	139	-20	20	2872	139	-20	20	2872	139	-20	20	2872	139	-20	20	2872	139	-20	20	2872
140	-17	17	2889	140	-17	17	2889	140	-17	17	2889	140	-17	17	2889	140	-17	17	2889	140	-17	17	2889	140	-17	17	2889	140	-17	17	2889	140	-17	17	2889	140	-17	17	2889
141	-19	19	2908	141	-19	19	2908	141	-19	19	2908	141	-19	19	2908	141	-19	19	2908	141	-19	19	2908	141	-19	19	2908	141	-19	19	2908	141	-19	19	2908	141	-19	19	2908
142	-21	21	2929	142	-21	21	2929	142	-21	21	2929	142	-21	21	2929	142	-21	21	2929	142	-21	21	2929	142	-21	21	2929	142	-21	21	2929	142	-21	21	2929	142	-21	21	2929
143	-19	19	2948	143	-19	19	2948	143	-19	19	2948	143	-19	19	2948	143	-19	19	2948	143	-19	19	2948	143	-19	19	2948	143	-19	19	2948	143	-19	19	2948	143	-19	19	2948
144	-20	20	2968	144	-20	20	2968	144	-20	20	2968	144	-20	20	2968	144	-20	20	2968	144	-20	20	2968	144	-20	20	2968	144	-20	20	2968	144	-20	20	2968	144	-20	20	2968
145	-19	19	2987	145	-19	19	2987	145	-19	19	2987	145	-19	19	2987	145	-19	19	2987	145	-19	19	2987	145	-19	19	2987	145	-19	19	2987	145	-19	19	2987	145	-19	19	2987
146	-18	18	3005	146	-18	18	3005	146	-18	18	3005	146	-18	18	3005	146	-18	18	3005	146	-18	18	3005	146	-18	18	3005	146	-18	18	3005	146	-18	18	3005	146	-18	18	3005
147	-24	24	3029	147	-24	24	3029	147	-24	24	3029	147	-24	24	3029	147	-24	24	3029	147	-24	24	3029	147	-24	24	3029	147	-24	24	3029	147	-24	24	3029	147	-24	24	3029
148	-20	20	3049	148	-20	20	3049	148	-20	20	3049	148	-20	20	3049	148	-20	20	3049	148	-20	20	3049	148	-20	20	3049	148	-20	20	3049	148	-20	20	3049	148	-20	20	3049
149	-20	20	3069	149	-20	20	3069	149	-20	20	3069	149	-20	20	3069	149	-20	20	3069	149	-20	20	3069	149	-20	20	3069	149	-20	20	3069	149	-20	20	3069	149	-20	20	3069
150	-20	20	3089	150	-20	20	3089	150	-20	20	3089	150	-20	20	3089	150	-20	20	3089	150	-20	20	3089	150	-20	20	3089	150	-20	20	3089	150	-20	20	3089	150	-20	20	3089
151	-20	20	3109	151	-20	20	3109	151	-20	20	3109	151	-20	20	3109	151	-20	20	3109	151	-20	20	3109	151	-20	20	3109	151	-20	20	3109	151	-20	20	3109	151	-20	20	3109
152	-18	18	3127	152	-18	18	3127	152	-18	18	3127	152	-18	18	3127	152	-18	18	3127	152	-18	18	3127	152	-18	18	3127	152	-18	18	3127	152	-18	18	3127	152	-18	18	3127
153	-119	20	3147	153	-119	20	3147	153	-119	20	3147	153	-119	20	3147	153	-119	20	3147	153	-119	20	3147	153	-119	20	3147	153	-119	20	3147	153	-119	20	3147	153	-119	20	3147
154	-19	19	3166	154	-19	19	3166	154	-19	19	3166	154	-19	19	3166	154	-19	19	3166	154	-19	19	3166	154	-19	19	3166	154	-19	19	3166	154	-19	19	3166	154	-19	19	3166
155	-19	19	3185	155	-19	19	3185	155	-19	19	3185	155	-19	19	3185	155	-19	19	3185	155	-19	19	3185	155	-19	19	3185	155	-19	19	3185	155	-19	19	3185	155	-19	19	3185
156	-141	42	3227	156	-141	42	3227	156	-141	42	3227	156	-141	42	3227	156	-141	42	3227	156	-141	42	3227	156	-141	42	3227	156	-141	42	3227	156	-141	42	3227	156	-141	42	3227
157	-26	26	3253	157	-26	26	3253	157	-26	26	3253	157	-26	26	3253	157	-26	26	3253	157	-26	26	3253	157	-26	26	3253	157	-26	26	3253	157	-26	26	3253	157	-26	26	3253
158	-17	17	3270	158	-17	17	3270	158	-17	17	3270	158	-17	17	3270	158	-17	17	3270	158	-17	17	3270	158	-17	17	3270	158	-17	17	3270	158	-17	17	3270	158	-17	17	3270
159	-29	29	3299	159	-29	29	3299	159	-29	29	3299	159	-29	29	3299	159	-29	29	3299	159	-29	29	3299	159	-29	29	3299	159	-29	29	3299	159	-29	29	3299	159	-29	29	3299
160	-20	20	3319	160	-20	20	3319	160	-20	20	3319	160	-20	20	3319	160	-20	20	3319	160	-20	20	3319	160	-20	20	3319	160	-20	20	3319	160	-20	20	3319	160	-20	20	3319
161	-21	21	3340	161	-21	21	3340	161	-21	21	3340	161	-21	21	3340	161	-21	21	3340	161	-21	21	3340	161	-21	21	3340	161	-21	21	3340	161	-21	21	3340	161	-21	21	3340
162	-23	23	3363	162	-23	23	3363	162	-23	23	3363	162	-23	23	3363	162	-23	23	3363	162	-23	23	3363	162	-23	23	3363	162	-23	23	3363	162	-23	23	3363	162	-23	23	3363
163	-21	21	3384	163	-21	21	3384	163	-21	21	3384	163	-21	21	3384	163	-21	21	3384	163	-21	21	3384	163	-21	21	3384	163	-21	21	3384	163	-21	21	3384	163	-21	21	3384
164	-26	26	3410	164	-26	26	3410	164	-26	26	3410	164	-26	26	3410	164	-26	26	3410	164	-26	26	3410	164	-26	26	3410	164	-26	26	3410	164	-26	26	3410	164	-26	26	3410
165	-17	17	3427	165	-17	17	3427	165	-17	17	3427	165	-17	17	3427	165	-17	17	3427	165	-17	17	3427	165	-17	17	3427	165	-17	17	3427	165	-17	17	3427	165	-17	17	3427
166	-21	21	3448	166	-21	21	3448	166	-21	21	3448	166	-21	21	3448	166	-21	21	3448	166	-21	21	3448	166	-21	21	3448	166	-21	21	3448	166	-21	21	3448	166	-21	21	3448
167	-20	20	3468	167	-20	20	3468	167	-20	20	3468	167	-20	20	3468	167	-20	20	3468	167	-20	20	3468	167	-20	20	3468	167	-20	20	3468	167	-20	20	3468	167	-20	20	3468
168	-20	20	3488	168	-20	20	3488	168	-20	20	3488	168	-20	20	3488	168	-20	20	3488	168	-20	20	3488	168	-20	20	3488	168	-20	20	3488	168	-20	20	3488	168	-20	20	3488
169	-17	17	3505	169	-17	17	3505	169	-17	17	3505	169	-17	17	3505	169	-17	17	3505	169	-17	17	3505	169	-17	17	3505	169	-17	17	3505	169	-17	17	3505	169	-17	17	3505
170	-24	24	3529	170	-24	24	3529	170	-24	24	3529	170	-24	24	3529	170	-24	24	3529	170	-24	24	3529	170	-24	24	3529	170	-24	24	3529	170	-24	24	3529	170	-24	24	3529
171	-17	17	3546	171	-17	17	3546	171	-17	17	3546	171	-17	17	3546	171	-17	17	3546	171	-17	17	3546	171	-17	17	3546	171	-17	17	3546	171	-17	17	3546	171	-17	17	3546
172	-19	19	3565	172	-19	19	3565	172	-19	19	3565	172	-19	19	3565	172	-19	19	3565	172	-19	19	3565	172	-19	19	3565	172	-19	19	3565	172	-19	19	3565	172	-19	19	3565
173	-20	20	3585	173	-20	20	3585	173	-20	20	3585	173	-20	20	3585	173	-20	20	3585	173	-20	20	3585	173	-20	20	3585	173	-20	20	3585	173	-20	20	3585	173	-20	20	3585
174	-18	18	3603	174	-18	18	3603	174	-18	18	3603	174	-18	18	3603	174	-18	18	3603	174	-18	18	3603	174	-18	18	3603	174	-18	18	3603	174	-18	18	3603	174	-18	18	3603
175	-32	32	3635	175	-32	32	3635	175	-32	32	3635	175	-32	32	3635	175	-32	32	3635	175	-32	32	3635	175	-32	32	3635	175	-32	32	3635	175	-32	32	3635	175	-32	32	3635
176	-19	19	3654	176	-19	19	3654	176	-19	19	3654	176	-19	19	3654	176	-19	19	3654	176	-19	19	3654	176	-19	19	3654	176	-19	19	3654	176	-19	19	3654	176	-19	19	3654
177	-19	19	3673	177	-19	19	3673	177	-19	19	3673	177	-19	19	3673	177	-19	19	3673	177	-19	19	3673	177	-19	19	3673	177	-19	19	3673	177	-19	19	3673	177	-19	19	3673
178	-122	23	3696	178	-122	23	3696	178	-122	23	3696	178	-122	23	3696	178	-122	23	3696	178	-122	23	3696	178	-122	23	3696	178	-122	23	3696	178	-122	23	3696	178	-122	23	3696
179	-18	18	3714	179	-18	18	3714	179	-18	18	3714	179	-18	18	3714	179	-18	18	3714	179	-18	18	3714	179	-18	18	3714	179	-18	18	3714	179	-18	18	3714	179	-18	18	3714
180	-21	21	3735	180	-21	21	3735	180	-21	21	3735	180	-21	21	3735	180	-21	21	3735	180	-21	21	3735	180	-21	21	3735	180	-21	21	3735	180	-21	21	3735	180	-21	21	3735
181	-24	24	3759	181	-24	24	3759	181	-24	24	3759	181	-24	24	3759	181	-24	24	3759	181	-24	24	3759	181	-24	24	3759	181	-24	24	3759	181	-24	24	3759	181	-24	24	3759
182	-18	18	3777	182	-18	18	3777	182	-18	18	3777	182	-18	18	3777	182	-18	18	3777	182	-18	18	3777	182	-18	18	3777	182	-18	18	3777	182	-18	18	3777	182	-18	18	3777
183	-18	18	3795	183	-18	18	3795	183	-18	18	3795	183	-18	18	3795	183	-18	18	3795	183	-18	18	3795	183	-18	18	3795	183	-18	18	3795	183	-18	18	3795	183	-18	18	3795
184	-20	20	3815	184	-20	20	3815	184	-20	20	3815	184	-20	20	3815	184	-20	20	3815	184	-20	20	3815	184	-20	20	3815	184	-20	20	3815	184	-20	20	3815	184	-20	20	3815
185	-22	22	3837	185	-22	22	3837	185	-22	22	3837	185	-22	22	3837	185	-22	22	3837	185	-22	22	3837	185	-22	22	3837	185	-22	22	3837	185	-22	22	3837	185	-22	22	3837
186	-17	17	3854	186	-17	17	3854	186	-17	17	3854	186	-17	17	3854	186	-17	17	3854	186	-17	17	3854	186	-17	17	3854	186	-17	17	3854	186	-17	17	3854	186	-17	17	3854
187	-17	17	3871	187	-17	17	3871	187	-17	17	3871	187	-17	17	3871	187	-17	17	3871	187	-17	17	3871	187	-17	17	3871	187	-17	17	3871	187	-17	17	3871	187	-17	17	3871
188	-20	20	3891	188	-20	20	3891	188	-20	20	3891	188	-20	20	3891	188	-20	20	3891	188	-20	20	3891	188	-20	20	3891	188	-20	20	3891	188	-20	20	3891	188	-20	20	3891
189	-25	25	3916	189	-25	25	3916	189	-25	25	3916	189	-25	25	3916	189	-25	25	3916	189	-25	25	3916	189	-25	25	3916	189	-25	25	3916	189	-25	25	3916	189	-25	25	3916
190	-20	20	3936	190	-20	20	3936	190	-20	20	3936	190	-20	20	3936	190	-20	20	3936	190	-20	20	3936	190	-20	20	3936	190	-20	20	3936	190	-20	20	3936	190	-20	20	3936
191	-21	21	3957	191	-21	21	3957	191	-21	21	3957	191	-21	21	3957	191	-21	21	3957	191	-21	21	3957	191	-21	21	3957	191	-21	21	3957	191	-21	21	3957	191	-21	21	3957
192	-19	19	3976	192	-19	19	3976	192	-19	19	3976	192	-19	19	3976	192	-19	19	3976	192	-19	19	3976	192	-19	19	3976	192	-19	19	3976	192	-19	19	3976	192	-19	19	3976
193	-19	19	3995	193	-19	19	3995	193	-19	19	3995	193	-19	19	3995	193	-19	19	3995	193	-19	19	3995	193	-19	19	3995	193	-19	19	3995	193	-19	19	3995	193	-19	19	3995
194	-17	17	4012	194	-17	17	4012	194	-17	17	4012	194	-17	17	4012	194	-17	17	4012	194	-17	17	4012	194	-17	17	4012	194	-17	17	4012	194	-17	17	4012	194	-17	17	4012
195	-18	18	4030	195	-18	18	4030	195	-18	18	4030	195	-18	18	4030	195	-18	18	4030	195	-18	18	4030	195	-18	18	4030	195	-18	18	4030	195	-18	18	4030	195	-18	18	4030
196	-19	19	4049	196	-19	19	4049	196	-19	19	4049	196	-19	19	4049	196	-19	19	4049	196	-19	19	4049	196	-19	19	4049	196	-19	19	4049	196	-19	19	4049	196	-19	19	4049
197	-24	24	4073	197	-24	24	4073	197	-24	24	4073	197	-24	24	4073	197	-24	24	4073	197	-24	24	4073	197	-24	24	4073	197	-24	24	4073	197	-24	24	4073	197	-24	24	4073
198	-18	18	4091	198	-18	18	4091	198	-18	18	4091	198	-18	18	4091	198	-18	18	4091	198	-18	18	4091	198	-18	18	4091	198	-18	18	4091	198	-18	18	4091	198	-18	18	4091
199	-17	17	4108	199	-17	17	4108	199	-17	17	4108	199	-17	17	4108	199	-17	17	4108	199	-17	17	4108	199	-17	17	4108	199	-17	17	4108	199	-17	17	4108	199	-17	17	4108
