Episode	Accumulated Reward	Length	Steps	Episode	Accumulated Reward	Length	Steps	Episode	Accumulated Reward	Length	Steps	Episode	Accumulated Reward	Length	Steps
0	-1901	515	515	0	-1901	515	515	0	-1901	515	515	0	-1901	515	515
1	-121	121	636	1	-121	121	636	1	-121	121	636	1	-121	121	636
2	-118	118	754	2	-118	118	754	2	-118	118	754	2	-118	118	754
3	-51	51	805	3	-51	51	805	3	-51	51	805	3	-51	51	805
4	-59	59	864	4	-59	59	864	4	-59	59	864	4	-59	59	864
5	-47	47	911	5	-47	47	911	5	-47	47	911	5	-47	47	911
6	-65	65	976	6	-65	65	976	6	-65	65	976	6	-65	65	976
7	-306	108	1084	7	-306	108	1084	7	-306	108	1084	7	-306	108	1084
8	-156	57	1141	8	-156	57	1141	8	-156	57	1141	8	-156	57	1141
9	-153	54	1195	9	-153	54	1195	9	-153	54	1195	9	-153	54	1195
10	-189	90	1285	10	-189	90	1285	10	-189	90	1285	10	-189	90	1285
11	-49	49	1334	11	-49	49	1334	11	-49	49	1334	11	-49	49	1334
12	-73	73	1407	12	-73	73	1407	12	-73	73	1407	12	-73	73	1407
13	-68	68	1475	13	-68	68	1475	13	-68	68	1475	13	-68	68	1475
14	-18	18	1493	14	-18	18	1493	14	-18	18	1493	14	-18	18	1493
15	-152	53	1546	15	-152	53	1546	15	-152	53	1546	15	-152	53	1546
16	-33	33	1579	16	-33	33	1579	16	-33	33	1579	16	-33	33	1579
17	-136	37	1616	17	-136	37	1616	17	-136	37	1616	17	-136	37	1616
18	-143	44	1660	18	-143	44	1660	18	-143	44	1660	18	-143	44	1660
19	-403	106	1766	19	-403	106	1766	19	-403	106	1766	19	-403	106	1766
20	-26	26	1792	20	-26	26	1792	20	-26	26	1792	20	-26	26	1792
21	-154	55	1847	21	-154	55	1847	21	-154	55	1847	21	-154	55	1847
22	-27	27	1874	22	-27	27	1874	22	-27	27	1874	22	-27	27	1874
23	-38	38	1912	23	-38	38	1912	23	-38	38	1912	23	-38	38	1912
24	-40	40	1952	24	-40	40	1952	24	-40	40	1952	24	-40	40	1952
25	-29	29	1981	25	-29	29	1981	25	-29	29	1981	25	-29	29	1981
26	-148	49	2030	26	-148	49	2030	26	-148	49	2030	26	-148	49	2030
27	-23	23	2053	27	-23	23	2053	27	-23	23	2053	27	-23	23	2053
28	-143	44	2097	28	-143	44	2097	28	-143	44	2097	28	-143	44	2097
29	-42	42	2139	29	-42	42	2139	29	-42	42	2139	29	-42	42	2139
30	-23	23	2162	30	-23	23	2162	30	-23	23	2162	30	-23	23	2162
31	-21	21	2183	31	-21	21	2183	31	-21	21	2183	31	-21	21	2183
32	-34	34	2217	32	-34	34	2217	32	-34	34	2217	32	-34	34	2217
33	-246	48	2265	33	-246	48	2265	33	-246	48	2265	33	-246	48	2265
34	-34	34	2299	34	-34	34	2299	34	-34	34	2299	34	-34	34	2299
35	-24	24	2323	35	-24	24	2323	35	-24	24	2323	35	-24	24	2323
36	-14	14	2337	36	-14	14	2337	36	-14	14	2337	36	-14	14	2337
37	-17	17	2354	37	-17	17	2354	37	-17	17	2354	37	-17	17	2354
38	-15	15	2369	38	-15	15	2369	38	-15	15	2369	38	-15	15	2369
39	-23	23	2392	39	-23	23	2392	39	-23	23	2392	39	-23	23	2392
40	-24	24	2416	40	-24	24	2416	40	-24	24	2416	40	-24	24	2416
41	-23	23	2439	41	-23	23	2439	41	-23	23	2439	41	-23	23	2439
42	-137	38	2477	42	-137	38	2477	42	-137	38	2477	42	-137	38	2477
43	-17	17	2494	43	-17	17	2494	43	-17	17	2494	43	-17	17	2494
44	-15	15	2509	44	-15	15	2509	44	-15	15	2509	44	-15	15	2509
45	-25	25	2534	45	-25	25	2534	45	-25	25	2534	45	-25	25	2534
46	-15	15	2549	46	-15	15	2549	46	-15	15	2549	46	-15	15	2549
47	-224	26	2575	47	-224	26	2575	47	-224	26	2575	47	-224	26	2575
48	-28	28	2603	48	-28	28	2603	48	-28	28	2603	48	-28	28	2603
49	-16	16	2619	49	-16	16	2619	49	-16	16	2619	49	-16	16	2619
50	-136	37	2656	50	-136	37	2656	50	-136	37	2656	50	-136	37	2656
51	-15	15	2671	51	-15	15	2671	51	-15	15	2671	51	-15	15	2671
52	-13	13	2684	52	-13	13	2684	52	-13	13	2684	52	-13	13	2684
53	-17	17	2701	53	-17	17	2701	53	-17	17	2701	53	-17	17	2701
54	-15	15	2716	54	-15	15	2716	54	-15	15	2716	54	-15	15	2716
55	-15	15	2731	55	-15	15	2731	55	-15	15	2731	55	-15	15	2731
56	-22	22	2753	56	-22	22	2753	56	-22	22	2753	56	-22	22	2753
57	-230	32	2785	57	-230	32	2785	57	-230	32	2785	57	-230	32	2785
58	-118	19	2804	58	-118	19	2804	58	-118	19	2804	58	-118	19	2804
59	-13	13	2817	59	-13	13	2817	59	-13	13	2817	59	-13	13	2817
60	-121	22	2839	60	-121	22	2839	60	-121	22	2839	60	-121	22	2839
61	-20	20	2859	61	-20	20	2859	61	-20	20	2859	61	-20	20	2859
62	-15	15	2874	62	-15	15	2874	62	-15	15	2874	62	-15	15	2874
63	-17	17	2891	63	-17	17	2891	63	-17	17	2891	63	-17	17	2891
64	-19	19	2910	64	-19	19	2910	64	-19	19	2910	64	-19	19	2910
65	-118	19	2929	65	-118	19	2929	65	-118	19	2929	65	-118	19	2929
66	-13	13	2942	66	-13	13	2942	66	-13	13	2942	66	-13	13	2942
67	-24	24	2966	67	-24	24	2966	67	-24	24	2966	67	-24	24	2966
68	-229	31	2997	68	-229	31	2997	68	-229	31	2997	68	-229	31	2997
69	-17	17	3014	69	-17	17	3014	69	-17	17	3014	69	-17	17	3014
70	-15	15	3029	70	-15	15	3029	70	-15	15	3029	70	-15	15	3029
71	-13	13	3042	71	-13	13	3042	71	-13	13	3042	71	-13	13	3042
72	-15	15	3057	72	-15	15	3057	72	-15	15	3057	72	-15	15	3057
73	-431	35	3092	73	-431	35	3092	73	-431	35	3092	73	-431	35	3092
74	-13	13	3105	74	-13	13	3105	74	-13	13	3105	74	-13	13	3105
75	-13	13	3118	75	-13	13	3118	75	-13	13	3118	75	-13	13	3118
76	-122	23	3141	76	-122	23	3141	76	-122	23	3141	76	-122	23	3141
77	-123	24	3165	77	-123	24	3165	77	-123	24	3165	77	-123	24	3165
78	-15	15	3180	78	-15	15	3180	78	-15	15	3180	78	-15	15	3180
79	-233	35	3215	79	-233	35	3215	79	-233	35	3215	79	-233	35	3215
80	-13	13	3228	80	-13	13	3228	80	-13	13	3228	80	-13	13	3228
81	-15	15	3243	81	-15	15	3243	81	-15	15	3243	81	-15	15	3243
82	-13	13	3256	82	-13	13	3256	82	-13	13	3256	82	-13	13	3256
83	-17	17	3273	83	-17	17	3273	83	-17	17	3273	83	-17	17	3273
84	-15	15	3288	84	-15	15	3288	84	-15	15	3288	84	-15	15	3288
85	-25	25	3313	85	-25	25	3313	85	-25	25	3313	85	-25	25	3313
86	-13	13	3326	86	-13	13	3326	86	-13	13	3326	86	-13	13	3326
87	-13	13	3339	87	-13	13	3339	87	-13	13	3339	87	-13	13	3339
88	-13	13	3352	88	-13	13	3352	88	-13	13	3352	88	-13	13	3352
89	-13	13	3365	89	-13	13	3365	89	-13	13	3365	89	-13	13	3365
90	-17	17	3382	90	-17	17	3382	90	-17	17	3382	90	-17	17	3382
91	-125	26	3408	91	-125	26	3408	91	-125	26	3408	91	-125	26	3408
92	-17	17	3425	92	-17	17	3425	92	-17	17	3425	92	-17	17	3425
93	-13	13	3438	93	-13	13	3438	93	-13	13	3438	93	-13	13	3438
94	-119	20	3458	94	-119	20	3458	94	-119	20	3458	94	-119	20	3458
95	-13	13	3471	95	-13	13	3471	95	-13	13	3471	95	-13	13	3471
96	-15	15	3486	96	-15	15	3486	96	-15	15	3486	96	-15	15	3486
97	-15	15	3501	97	-15	15	3501	97	-15	15	3501	97	-15	15	3501
98	-14	14	3515	98	-14	14	3515	98	-14	14	3515	98	-14	14	3515
99	-119	20	3535	99	-119	20	3535	99	-119	20	3535	99	-119	20	3535
100	-15	15	3550	100	-15	15	3550	100	-15	15	3550	100	-15	15	3550
101	-19	19	3569	101	-19	19	3569	101	-19	19	3569	101	-19	19	3569
102	-122	23	3592	102	-122	23	3592	102	-122	23	3592	102	-122	23	3592
103	-15	15	3607	103	-15	15	3607	103	-15	15	3607	103	-15	15	3607
104	-13	13	3620	104	-13	13	3620	104	-13	13	3620	104	-13	13	3620
105	-13	13	3633	105	-13	13	3633	105	-13	13	3633	105	-13	13	3633
106	-13	13	3646	106	-13	13	3646	106	-13	13	3646	106	-13	13	3646
107	-21	21	3667	107	-21	21	3667	107	-21	21	3667	107	-21	21	3667
108	-13	13	3680	108	-13	13	3680	108	-13	13	3680	108	-13	13	3680
109	-15	15	3695	109	-15	15	3695	109	-15	15	3695	109	-15	15	3695
110	-15	15	3710	110	-15	15	3710	110	-15	15	3710	110	-15	15	3710
111	-19	19	3729	111	-19	19	3729	111	-19	19	3729	111	-19	19	3729
112	-13	13	3742	112	-13	13	3742	112	-13	13	3742	112	-13	13	3742
113	-128	29	3771	113	-128	29	3771	113	-128	29	3771	113	-128	29	3771
114	-15	15	3786	114	-15	15	3786	114	-15	15	3786	114	-15	15	3786
115	-14	14	3800	115	-14	14	3800	115	-14	14	3800	115	-14	14	3800
116	-15	15	3815	116	-15	15	3815	116	-15	15	3815	116	-15	15	3815
117	-115	16	3831	117	-115	16	3831	117	-115	16	3831	117	-115	16	3831
118	-117	18	3849	118	-117	18	3849	118	-117	18	3849	118	-117	18	3849
119	-23	23	3872	119	-23	23	3872	119	-23	23	3872	119	-23	23	3872
120	-13	13	3885	120	-13	13	3885	120	-13	13	3885	120	-13	13	3885
121	-219	21	3906	121	-219	21	3906	121	-219	21	3906	121	-219	21	3906
122	-17	17	3923	122	-17	17	3923	122	-17	17	3923	122	-17	17	3923
123	-13	13	3936	123	-13	13	3936	123	-13	13	3936	123	-13	13	3936
124	-17	17	3953	124	-17	17	3953	124	-17	17	3953	124	-17	17	3953
125	-117	18	3971	125	-117	18	3971	125	-117	18	3971	125	-117	18	3971
126	-17	17	3988	126	-17	17	3988	126	-17	17	3988	126	-17	17	3988
127	-15	15	4003	127	-15	15	4003	127	-15	15	4003	127	-15	15	4003
128	-22	22	4025	128	-22	22	4025	128	-22	22	4025	128	-22	22	4025
129	-15	15	4040	129	-15	15	4040	129	-15	15	4040	129	-15	15	4040
130	-126	27	4067	130	-126	27	4067	130	-126	27	4067	130	-126	27	4067
131	-17	17	4084	131	-17	17	4084	131	-17	17	4084	131	-17	17	4084
132	-17	17	4101	132	-17	17	4101	132	-17	17	4101	132	-17	17	4101
133	-13	13	4114	133	-13	13	4114	133	-13	13	4114	133	-13	13	4114
134	-122	23	4137	134	-122	23	4137	134	-122	23	4137	134	-122	23	4137
135	-15	15	4152	135	-15	15	4152	135	-15	15	4152	135	-15	15	4152
136	-17	17	4169	136	-17	17	4169	136	-17	17	4169	136	-17	17	4169
137	-125	26	4195	137	-125	26	4195	137	-125	26	4195	137	-125	26	4195
138	-16	16	4211	138	-16	16	4211	138	-16	16	4211	138	-16	16	4211
139	-25	25	4236	139	-25	25	4236	139	-25	25	4236	139	-25	25	4236
140	-17	17	4253	140	-17	17	4253	140	-17	17	4253	140	-17	17	4253
141	-13	13	4266	141	-13	13	4266	141	-13	13	4266	141	-13	13	4266
142	-15	15	4281	142	-15	15	4281	142	-15	15	4281	142	-15	15	4281
143	-15	15	4296	143	-15	15	4296	143	-15	15	4296	143	-15	15	4296
144	-21	21	4317	144	-21	21	4317	144	-21	21	4317	144	-21	21	4317
145	-23	23	4340	145	-23	23	4340	145	-23	23	4340	145	-23	23	4340
146	-17	17	4357	146	-17	17	4357	146	-17	17	4357	146	-17	17	4357
147	-230	32	4389	147	-230	32	4389	147	-230	32	4389	147	-230	32	4389
148	-17	17	4406	148	-17	17	4406	148	-17	17	4406	148	-17	17	4406
149	-15	15	4421	149	-15	15	4421	149	-15	15	4421	149	-15	15	4421
150	-13	13	4434	150	-13	13	4434	150	-13	13	4434	150	-13	13	4434
151	-15	15	4449	151	-15	15	4449	151	-15	15	4449	151	-15	15	4449
152	-13	13	4462	152	-13	13	4462	152	-13	13	4462	152	-13	13	4462
153	-15	15	4477	153	-15	15	4477	153	-15	15	4477	153	-15	15	4477
154	-17	17	4494	154	-17	17	4494	154	-17	17	4494	154	-17	17	4494
155	-17	17	4511	155	-17	17	4511	155	-17	17	4511	155	-17	17	4511
156	-114	15	4526	156	-114	15	4526	156	-114	15	4526	156	-114	15	4526
157	-13	13	4539	157	-13	13	4539	157	-13	13	4539	157	-13	13	4539
158	-117	18	4557	158	-117	18	4557	158	-117	18	4557	158	-117	18	4557
159	-128	29	4586	159	-128	29	4586	159	-128	29	4586	159	-128	29	4586
160	-17	17	4603	160	-17	17	4603	160	-17	17	4603	160	-17	17	4603
161	-13	13	4616	161	-13	13	4616	161	-13	13	4616	161	-13	13	4616
162	-123	24	4640	162	-123	24	4640	162	-123	24	4640	162	-123	24	4640
163	-123	24	4664	163	-123	24	4664	163	-123	24	4664	163	-123	24	4664
164	-120	21	4685	164	-120	21	4685	164	-120	21	4685	164	-120	21	4685
165	-15	15	4700	165	-15	15	4700	165	-15	15	4700	165	-15	15	4700
166	-15	15	4715	166	-15	15	4715	166	-15	15	4715	166	-15	15	4715
167	-15	15	4730	167	-15	15	4730	167	-15	15	4730	167	-15	15	4730
168	-13	13	4743	168	-13	13	4743	168	-13	13	4743	168	-13	13	4743
169	-225	27	4770	169	-225	27	4770	169	-225	27	4770	169	-225	27	4770
170	-13	13	4783	170	-13	13	4783	170	-13	13	4783	170	-13	13	4783
171	-13	13	4796	171	-13	13	4796	171	-13	13	4796	171	-13	13	4796
172	-13	13	4809	172	-13	13	4809	172	-13	13	4809	172	-13	13	4809
173	-17	17	4826	173	-17	17	4826	173	-17	17	4826	173	-17	17	4826
174	-13	13	4839	174	-13	13	4839	174	-13	13	4839	174	-13	13	4839
175	-17	17	4856	175	-17	17	4856	175	-17	17	4856	175	-17	17	4856
176	-13	13	4869	176	-13	13	4869	176	-13	13	4869	176	-13	13	4869
177	-13	13	4882	177	-13	13	4882	177	-13	13	4882	177	-13	13	4882
178	-118	19	4901	178	-118	19	4901	178	-118	19	4901	178	-118	19	4901
179	-13	13	4914	179	-13	13	4914	179	-13	13	4914	179	-13	13	4914
180	-13	13	4927	180	-13	13	4927	180	-13	13	4927	180	-13	13	4927
181	-13	13	4940	181	-13	13	4940	181	-13	13	4940	181	-13	13	4940
182	-15	15	4955	182	-15	15	4955	182	-15	15	4955	182	-15	15	4955
183	-232	34	4989	183	-232	34	4989	183	-232	34	4989	183	-232	34	4989
184	-19	19	5008	184	-19	19	5008	184	-19	19	5008	184	-19	19	5008
185	-13	13	5021	185	-13	13	5021	185	-13	13	5021	185	-13	13	5021
186	-13	13	5034	186	-13	13	5034	186	-13	13	5034	186	-13	13	5034
187	-134	35	5069	187	-134	35	5069	187	-134	35	5069	187	-134	35	5069
188	-13	13	5082	188	-13	13	5082	188	-13	13	5082	188	-13	13	5082
189	-15	15	5097	189	-15	15	5097	189	-15	15	5097	189	-15	15	5097
190	-16	16	5113	190	-16	16	5113	190	-16	16	5113	190	-16	16	5113
191	-118	19	5132	191	-118	19	5132	191	-118	19	5132	191	-118	19	5132
192	-23	23	5155	192	-23	23	5155	192	-23	23	5155	192	-23	23	5155
193	-15	15	5170	193	-15	15	5170	193	-15	15	5170	193	-15	15	5170
194	-13	13	5183	194	-13	13	5183	194	-13	13	5183	194	-13	13	5183
195	-13	13	5196	195	-13	13	5196	195	-13	13	5196	195	-13	13	5196
196	-13	13	5209	196	-13	13	5209	196	-13	13	5209	196	-13	13	5209
197	-15	15	5224	197	-15	15	5224	197	-15	15	5224	197	-15	15	5224
198	-13	13	5237	198	-13	13	5237	198	-13	13	5237	198	-13	13	5237
199	-17	17	5254	199	-17	17	5254	199	-17	17	5254	199	-17	17	5254
