Episode	Accumulated Reward	Length	Steps	Episode	Accumulated Reward	Length	Steps	Episode	Accumulated Reward	Length	Steps	Episode	Accumulated Reward	Length	Steps	Episode	Accumulated Reward	Length	Steps	Episode	Accumulated Reward	Length	Steps	Episode	Accumulated Reward	Length	Steps
0	-1642	454	454	0	-1642	454	454	0	-1642	454	454	0	-1642	454	454	0	-1642	454	454	0	-1642	454	454	0	-1642	454	454
1	-241	142	596	1	-241	142	596	1	-241	142	596	1	-241	142	596	1	-241	142	596	1	-241	142	596	1	-241	142	596
2	-286	187	783	2	-286	187	783	2	-286	187	783	2	-286	187	783	2	-286	187	783	2	-286	187	783	2	-286	187	783
3	-160	61	844	3	-160	61	844	3	-160	61	844	3	-160	61	844	3	-160	61	844	3	-160	61	844	3	-160	61	844
4	-55	55	899	4	-55	55	899	4	-55	55	899	4	-55	55	899	4	-55	55	899	4	-55	55	899	4	-55	55	899
5	-67	67	966	5	-67	67	966	5	-67	67	966	5	-67	67	966	5	-67	67	966	5	-67	67	966	5	-67	67	966
6	-49	49	1015	6	-49	49	1015	6	-49	49	1015	6	-49	49	1015	6	-49	49	1015	6	-49	49	1015	6	-49	49	1015
7	-219	120	1135	7	-219	120	1135	7	-219	120	1135	7	-219	120	1135	7	-219	120	1135	7	-219	120	1135	7	-219	120	1135
8	-61	61	1196	8	-61	61	1196	8	-61	61	1196	8	-61	61	1196	8	-61	61	1196	8	-61	61	1196	8	-61	61	1196
9	-28	28	1224	9	-28	28	1224	9	-28	28	1224	9	-28	28	1224	9	-28	28	1224	9	-28	28	1224	9	-28	28	1224
10	-313	115	1339	10	-313	115	1339	10	-313	115	1339	10	-313	115	1339	10	-313	115	1339	10	-313	115	1339	10	-313	115	1339
11	-76	76	1415	11	-76	76	1415	11	-76	76	1415	11	-76	76	1415	11	-76	76	1415	11	-76	76	1415	11	-76	76	1415
12	-31	31	1446	12	-31	31	1446	12	-31	31	1446	12	-31	31	1446	12	-31	31	1446	12	-31	31	1446	12	-31	31	1446
13	-42	42	1488	13	-42	42	1488	13	-42	42	1488	13	-42	42	1488	13	-42	42	1488	13	-42	42	1488	13	-42	42	1488
14	-23	23	1511	14	-23	23	1511	14	-23	23	1511	14	-23	23	1511	14	-23	23	1511	14	-23	23	1511	14	-23	23	1511
15	-70	70	1581	15	-70	70	1581	15	-70	70	1581	15	-70	70	1581	15	-70	70	1581	15	-70	70	1581	15	-70	70	1581
16	-33	33	1614	16	-33	33	1614	16	-33	33	1614	16	-33	33	1614	16	-33	33	1614	16	-33	33	1614	16	-33	33	1614
17	-63	63	1677	17	-63	63	1677	17	-63	63	1677	17	-63	63	1677	17	-63	63	1677	17	-63	63	1677	17	-63	63	1677
18	-17	17	1694	18	-17	17	1694	18	-17	17	1694	18	-17	17	1694	18	-17	17	1694	18	-17	17	1694	18	-17	17	1694
19	-58	58	1752	19	-58	58	1752	19	-58	58	1752	19	-58	58	1752	19	-58	58	1752	19	-58	58	1752	19	-58	58	1752
20	-147	48	1800	20	-147	48	1800	20	-147	48	1800	20	-147	48	1800	20	-147	48	1800	20	-147	48	1800	20	-147	48	1800
21	-44	44	1844	21	-44	44	1844	21	-44	44	1844	21	-44	44	1844	21	-44	44	1844	21	-44	44	1844	21	-44	44	1844
22	-39	39	1883	22	-39	39	1883	22	-39	39	1883	22	-39	39	1883	22	-39	39	1883	22	-39	39	1883	22	-39	39	1883
23	-30	30	1913	23	-30	30	1913	23	-30	30	1913	23	-30	30	1913	23	-30	30	1913	23	-30	30	1913	23	-30	30	1913
24	-32	32	1945	24	-32	32	1945	24	-32	32	1945	24	-32	32	1945	24	-32	32	1945	24	-32	32	1945	24	-32	32	1945
25	-21	21	1966	25	-21	21	1966	25	-21	21	1966	25	-21	21	1966	25	-21	21	1966	25	-21	21	1966	25	-21	21	1966
26	-25	25	1991	26	-25	25	1991	26	-25	25	1991	26	-25	25	1991	26	-25	25	1991	26	-25	25	1991	26	-25	25	1991
27	-22	22	2013	27	-22	22	2013	27	-22	22	2013	27	-22	22	2013	27	-22	22	2013	27	-22	22	2013	27	-22	22	2013
28	-132	33	2046	28	-132	33	2046	28	-132	33	2046	28	-132	33	2046	28	-132	33	2046	28	-132	33	2046	28	-132	33	2046
29	-47	47	2093	29	-47	47	2093	29	-47	47	2093	29	-47	47	2093	29	-47	47	2093	29	-47	47	2093	29	-47	47	2093
30	-17	17	2110	30	-17	17	2110	30	-17	17	2110	30	-17	17	2110	30	-17	17	2110	30	-17	17	2110	30	-17	17	2110
31	-17	17	2127	31	-17	17	2127	31	-17	17	2127	31	-17	17	2127	31	-17	17	2127	31	-17	17	2127	31	-17	17	2127
32	-28	28	2155	32	-28	28	2155	32	-28	28	2155	32	-28	28	2155	32	-28	28	2155	32	-28	28	2155	32	-28	28	2155
33	-28	28	2183	33	-28	28	2183	33	-28	28	2183	33	-28	28	2183	33	-28	28	2183	33	-28	28	2183	33	-28	28	2183
34	-157	58	2241	34	-157	58	2241	34	-157	58	2241	34	-157	58	2241	34	-157	58	2241	34	-157	58	2241	34	-157	58	2241
35	-19	19	2260	35	-19	19	2260	35	-19	19	2260	35	-19	19	2260	35	-19	19	2260	35	-19	19	2260	35	-19	19	2260
36	-33	33	2293	36	-33	33	2293	36	-33	33	2293	36	-33	33	2293	36	-33	33	2293	36	-33	33	2293	36	-33	33	2293
37	-19	19	2312	37	-19	19	2312	37	-19	19	2312	37	-19	19	2312	37	-19	19	2312	37	-19	19	2312	37	-19	19	2312
38	-34	34	2346	38	-34	34	2346	38	-34	34	2346	38	-34	34	2346	38	-34	34	2346	38	-34	34	2346	38	-34	34	2346
39	-16	16	2362	39	-16	16	2362	39	-16	16	2362	39	-16	16	2362	39	-16	16	2362	39	-16	16	2362	39	-16	16	2362
40	-15	15	2377	40	-15	15	2377	40	-15	15	2377	40	-15	15	2377	40	-15	15	2377	40	-15	15	2377	40	-15	15	2377
41	-18	18	2395	41	-18	18	2395	41	-18	18	2395	41	-18	18	2395	41	-18	18	2395	41	-18	18	2395	41	-18	18	2395
42	-24	24	2419	42	-24	24	2419	42	-24	24	2419	42	-24	24	2419	42	-24	24	2419	42	-24	24	2419	42	-24	24	2419
43	-21	21	2440	43	-21	21	2440	43	-21	21	2440	43	-21	21	2440	43	-21	21	2440	43	-21	21	2440	43	-21	21	2440
44	-254	56	2496	44	-254	56	2496	44	-254	56	2496	44	-254	56	2496	44	-254	56	2496	44	-254	56	2496	44	-254	56	2496
45	-14	14	2510	45	-14	14	2510	45	-14	14	2510	45	-14	14	2510	45	-14	14	2510	45	-14	14	2510	45	-14	14	2510
46	-15	15	2525	46	-15	15	2525	46	-15	15	2525	46	-15	15	2525	46	-15	15	2525	46	-15	15	2525	46	-15	15	2525
47	-16	16	2541	47	-16	16	2541	47	-16	16	2541	47	-16	16	2541	47	-16	16	2541	47	-16	16	2541	47	-16	16	2541
48	-123	24	2565	48	-123	24	2565	48	-123	24	2565	48	-123	24	2565	48	-123	24	2565	48	-123	24	2565	48	-123	24	2565
49	-127	28	2593	49	-127	28	2593	49	-127	28	2593	49	-127	28	2593	49	-127	28	2593	49	-127	28	2593	49	-127	28	2593
50	-21	21	2614	50	-21	21	2614	50	-21	21	2614	50	-21	21	2614	50	-21	21	2614	50	-21	21	2614	50	-21	21	2614
51	-27	27	2641	51	-27	27	2641	51	-27	27	2641	51	-27	27	2641	51	-27	27	2641	51	-27	27	2641	51	-27	27	2641
52	-229	31	2672	52	-229	31	2672	52	-229	31	2672	52	-229	31	2672	52	-229	31	2672	52	-229	31	2672	52	-229	31	2672
53	-16	16	2688	53	-16	16	2688	53	-16	16	2688	53	-16	16	2688	53	-16	16	2688	53	-16	16	2688	53	-16	16	2688
54	-19	19	2707	54	-19	19	2707	54	-19	19	2707	54	-19	19	2707	54	-19	19	2707	54	-19	19	2707	54	-19	19	2707
55	-225	27	2734	55	-225	27	2734	55	-225	27	2734	55	-225	27	2734	55	-225	27	2734	55	-225	27	2734	55	-225	27	2734
56	-19	19	2753	56	-19	19	2753	56	-19	19	2753	56	-19	19	2753	56	-19	19	2753	56	-19	19	2753	56	-19	19	2753
57	-13	13	2766	57	-13	13	2766	57	-13	13	2766	57	-13	13	2766	57	-13	13	2766	57	-13	13	2766	57	-13	13	2766
58	-13	13	2779	58	-13	13	2779	58	-13	13	2779	58	-13	13	2779	58	-13	13	2779	58	-13	13	2779	58	-13	13	2779
59	-13	13	2792	59	-13	13	2792	59	-13	13	2792	59	-13	13	2792	59	-13	13	2792	59	-13	13	2792	59	-13	13	2792
60	-14	14	2806	60	-14	14	2806	60	-14	14	2806	60	-14	14	2806	60	-14	14	2806	60	-14	14	2806	60	-14	14	2806
61	-30	30	2836	61	-30	30	2836	61	-30	30	2836	61	-30	30	2836	61	-30	30	2836	61	-30	30	2836	61	-30	30	2836
62	-120	21	2857	62	-120	21	2857	62	-120	21	2857	62	-120	21	2857	62	-120	21	2857	62	-120	21	2857	62	-120	21	2857
63	-13	13	2870	63	-13	13	2870	63	-13	13	2870	63	-13	13	2870	63	-13	13	2870	63	-13	13	2870	63	-13	13	2870
64	-13	13	2883	64	-13	13	2883	64	-13	13	2883	64	-13	13	2883	64	-13	13	2883	64	-13	13	2883	64	-13	13	2883
65	-19	19	2902	65	-19	19	2902	65	-19	19	2902	65	-19	19	2902	65	-19	19	2902	65	-19	19	2902	65	-19	19	2902
66	-13	13	2915	66	-13	13	2915	66	-13	13	2915	66	-13	13	2915	66	-13	13	2915	66	-13	13	2915	66	-13	13	2915
67	-13	13	2928	67	-13	13	2928	67	-13	13	2928	67	-13	13	2928	67	-13	13	2928	67	-13	13	2928	67	-13	13	2928
68	-18	18	2946	68	-18	18	2946	68	-18	18	2946	68	-18	18	2946	68	-18	18	2946	68	-18	18	2946	68	-18	18	2946
69	-13	13	2959	69	-13	13	2959	69	-13	13	2959	69	-13	13	2959	69	-13	13	2959	69	-13	13	2959	69	-13	13	2959
70	-16	16	2975	70	-16	16	2975	70	-16	16	2975	70	-16	16	2975	70	-16	16	2975	70	-16	16	2975	70	-16	16	2975
71	-20	20	2995	71	-20	20	2995	71	-20	20	2995	71	-20	20	2995	71	-20	20	2995	71	-20	20	2995	71	-20	20	2995
72	-118	19	3014	72	-118	19	3014	72	-118	19	3014	72	-118	19	3014	72	-118	19	3014	72	-118	19	3014	72	-118	19	3014
73	-116	17	3031	73	-116	17	3031	73	-116	17	3031	73	-116	17	3031	73	-116	17	3031	73	-116	17	3031	73	-116	17	3031
74	-14	14	3045	74	-14	14	3045	74	-14	14	3045	74	-14	14	3045	74	-14	14	3045	74	-14	14	3045	74	-14	14	3045
75	-17	17	3062	75	-17	17	3062	75	-17	17	3062	75	-17	17	3062	75	-17	17	3062	75	-17	17	3062	75	-17	17	3062
76	-13	13	3075	76	-13	13	3075	76	-13	13	3075	76	-13	13	3075	76	-13	13	3075	76	-13	13	3075	76	-13	13	3075
77	-13	13	3088	77	-13	13	3088	77	-13	13	3088	77	-13	13	3088	77	-13	13	3088	77	-13	13	3088	77	-13	13	3088
78	-14	14	3102	78	-14	14	3102	78	-14	14	3102	78	-14	14	3102	78	-14	14	3102	78	-14	14	3102	78	-14	14	3102
79	-121	22	3124	79	-121	22	3124	79	-121	22	3124	79	-121	22	3124	79	-121	22	3124	79	-121	22	3124	79	-121	22	3124
80	-21	21	3145	80	-21	21	3145	80	-21	21	3145	80	-21	21	3145	80	-21	21	3145	80	-21	21	3145	80	-21	21	3145
81	-13	13	3158	81	-13	13	3158	81	-13	13	3158	81	-13	13	3158	81	-13	13	3158	81	-13	13	3158	81	-13	13	3158
82	-17	17	3175	82	-17	17	3175	82	-17	17	3175	82	-17	17	3175	82	-17	17	3175	82	-17	17	3175	82	-17	17	3175
83	-120	21	3196	83	-120	21	3196	83	-120	21	3196	83	-120	21	3196	83	-120	21	3196	83	-120	21	3196	83	-120	21	3196
84	-15	15	3211	84	-15	15	3211	84	-15	15	3211	84	-15	15	3211	84	-15	15	3211	84	-15	15	3211	84	-15	15	3211
85	-15	15	3226	85	-15	15	3226	85	-15	15	3226	85	-15	15	3226	85	-15	15	3226	85	-15	15	3226	85	-15	15	3226
86	-13	13	3239	86	-13	13	3239	86	-13	13	3239	86	-13	13	3239	86	-13	13	3239	86	-13	13	3239	86	-13	13	3239
87	-15	15	3254	87	-15	15	3254	87	-15	15	3254	87	-15	15	3254	87	-15	15	3254	87	-15	15	3254	87	-15	15	3254
88	-17	17	3271	88	-17	17	3271	88	-17	17	3271	88	-17	17	3271	88	-17	17	3271	88	-17	17	3271	88	-17	17	3271
89	-224	26	3297	89	-224	26	3297	89	-224	26	3297	89	-224	26	3297	89	-224	26	3297	89	-224	26	3297	89	-224	26	3297
90	-13	13	3310	90	-13	13	3310	90	-13	13	3310	90	-13	13	3310	90	-13	13	3310	90	-13	13	3310	90	-13	13	3310
91	-13	13	3323	91	-13	13	3323	91	-13	13	3323	91	-13	13	3323	91	-13	13	3323	91	-13	13	3323	91	-13	13	3323
92	-16	16	3339	92	-16	16	3339	92	-16	16	3339	92	-16	16	3339	92	-16	16	3339	92	-16	16	3339	92	-16	16	3339
93	-13	13	3352	93	-13	13	3352	93	-13	13	3352	93	-13	13	3352	93	-13	13	3352	93	-13	13	3352	93	-13	13	3352
94	-118	19	3371	94	-118	19	3371	94	-118	19	3371	94	-118	19	3371	94	-118	19	3371	94	-118	19	3371	94	-118	19	3371
95	-122	23	3394	95	-122	23	3394	95	-122	23	3394	95	-122	23	3394	95	-122	23	3394	95	-122	23	3394	95	-122	23	3394
96	-13	13	3407	96	-13	13	3407	96	-13	13	3407	96	-13	13	3407	96	-13	13	3407	96	-13	13	3407	96	-13	13	3407
97	-13	13	3420	97	-13	13	3420	97	-13	13	3420	97	-13	13	3420	97	-13	13	3420	97	-13	13	3420	97	-13	13	3420
98	-13	13	3433	98	-13	13	3433	98	-13	13	3433	98	-13	13	3433	98	-13	13	3433	98	-13	13	3433	98	-13	13	3433
99	-13	13	3446	99	-13	13	3446	99	-13	13	3446	99	-13	13	3446	99	-13	13	3446	99	-13	13	3446	99	-13	13	3446
100	-18	18	3464	100	-18	18	3464	100	-18	18	3464	100	-18	18	3464	100	-18	18	3464	100	-18	18	3464	100	-18	18	3464
101	-15	15	3479	101	-15	15	3479	101	-15	15	3479	101	-15	15	3479	101	-15	15	3479	101	-15	15	3479	101	-15	15	3479
102	-13	13	3492	102	-13	13	3492	102	-13	13	3492	102	-13	13	3492	102	-13	13	3492	102	-13	13	3492	102	-13	13	3492
103	-13	13	3505	103	-13	13	3505	103	-13	13	3505	103	-13	13	3505	103	-13	13	3505	103	-13	13	3505	103	-13	13	3505
104	-15	15	3520	104	-15	15	3520	104	-15	15	3520	104	-15	15	3520	104	-15	15	3520	104	-15	15	3520	104	-15	15	3520
105	-13	13	3533	105	-13	13	3533	105	-13	13	3533	105	-13	13	3533	105	-13	13	3533	105	-13	13	3533	105	-13	13	3533
106	-13	13	3546	106	-13	13	3546	106	-13	13	3546	106	-13	13	3546	106	-13	13	3546	106	-13	13	3546	106	-13	13	3546
107	-15	15	3561	107	-15	15	3561	107	-15	15	3561	107	-15	15	3561	107	-15	15	3561	107	-15	15	3561	107	-15	15	3561
108	-13	13	3574	108	-13	13	3574	108	-13	13	3574	108	-13	13	3574	108	-13	13	3574	108	-13	13	3574	108	-13	13	3574
109	-15	15	3589	109	-15	15	3589	109	-15	15	3589	109	-15	15	3589	109	-15	15	3589	109	-15	15	3589	109	-15	15	3589
110	-17	17	3606	110	-17	17	3606	110	-17	17	3606	110	-17	17	3606	110	-17	17	3606	110	-17	17	3606	110	-17	17	3606
111	-15	15	3621	111	-15	15	3621	111	-15	15	3621	111	-15	15	3621	111	-15	15	3621	111	-15	15	3621	111	-15	15	3621
112	-13	13	3634	112	-13	13	3634	112	-13	13	3634	112	-13	13	3634	112	-13	13	3634	112	-13	13	3634	112	-13	13	3634
113	-18	18	3652	113	-18	18	3652	113	-18	18	3652	113	-18	18	3652	113	-18	18	3652	113	-18	18	3652	113	-18	18	3652
114	-13	13	3665	114	-13	13	3665	114	-13	13	3665	114	-13	13	3665	114	-13	13	3665	114	-13	13	3665	114	-13	13	3665
115	-228	30	3695	115	-228	30	3695	115	-228	30	3695	115	-228	30	3695	115	-228	30	3695	115	-228	30	3695	115	-228	30	3695
116	-123	24	3719	116	-123	24	3719	116	-123	24	3719	116	-123	24	3719	116	-123	24	3719	116	-123	24	3719	116	-123	24	3719
117	-13	13	3732	117	-13	13	3732	117	-13	13	3732	117	-13	13	3732	117	-13	13	3732	117	-13	13	3732	117	-13	13	3732
118	-19	19	3751	118	-19	19	3751	118	-19	19	3751	118	-19	19	3751	118	-19	19	3751	118	-19	19	3751	118	-19	19	3751
119	-429	33	3784	119	-429	33	3784	119	-429	33	3784	119	-429	33	3784	119	-429	33	3784	119	-429	33	3784	119	-429	33	3784
120	-14	14	3798	120	-14	14	3798	120	-14	14	3798	120	-14	14	3798	120	-14	14	3798	120	-14	14	3798	120	-14	14	3798
121	-17	17	3815	121	-17	17	3815	121	-17	17	3815	121	-17	17	3815	121	-17	17	3815	121	-17	17	3815	121	-17	17	3815
122	-15	15	3830	122	-15	15	3830	122	-15	15	3830	122	-15	15	3830	122	-15	15	3830	122	-15	15	3830	122	-15	15	3830
123	-22	22	3852	123	-22	22	3852	123	-22	22	3852	123	-22	22	3852	123	-22	22	3852	123	-22	22	3852	123	-22	22	3852
124	-121	22	3874	124	-121	22	3874	124	-121	22	3874	124	-121	22	3874	124	-121	22	3874	124	-121	22	3874	124	-121	22	3874
125	-17	17	3891	125	-17	17	3891	125	-17	17	3891	125	-17	17	3891	125	-17	17	3891	125	-17	17	3891	125	-17	17	3891
126	-15	15	3906	126	-15	15	3906	126	-15	15	3906	126	-15	15	3906	126	-15	15	3906	126	-15	15	3906	126	-15	15	3906
127	-15	15	3921	127	-15	15	3921	127	-15	15	3921	127	-15	15	3921	127	-15	15	3921	127	-15	15	3921	127	-15	15	3921
128	-128	29	3950	128	-128	29	3950	128	-128	29	3950	128	-128	29	3950	128	-128	29	3950	128	-128	29	3950	128	-128	29	3950
129	-13	13	3963	129	-13	13	3963	129	-13	13	3963	129	-13	13	3963	129	-13	13	3963	129	-13	13	3963	129	-13	13	3963
130	-22	22	3985	130	-22	22	3985	130	-22	22	3985	130	-22	22	3985	130	-22	22	3985	130	-22	22	3985	130	-22	22	3985
131	-14	14	3999	131	-14	14	3999	131	-14	14	3999	131	-14	14	3999	131	-14	14	3999	131	-14	14	3999	131	-14	14	3999
132	-13	13	4012	132	-13	13	4012	132	-13	13	4012	132	-13	13	4012	132	-13	13	4012	132	-13	13	4012	132	-13	13	4012
133	-13	13	4025	133	-13	13	4025	133	-13	13	4025	133	-13	13	4025	133	-13	13	4025	133	-13	13	4025	133	-13	13	4025
134	-235	37	4062	134	-235	37	4062	134	-235	37	4062	134	-235	37	4062	134	-235	37	4062	134	-235	37	4062	134	-235	37	4062
135	-15	15	4077	135	-15	15	4077	135	-15	15	4077	135	-15	15	4077	135	-15	15	4077	135	-15	15	4077	135	-15	15	4077
136	-15	15	4092	136	-15	15	4092	136	-15	15	4092	136	-15	15	4092	136	-15	15	4092	136	-15	15	4092	136	-15	15	4092
137	-15	15	4107	137	-15	15	4107	137	-15	15	4107	137	-15	15	4107	137	-15	15	4107	137	-15	15	4107	137	-15	15	4107
138	-122	23	4130	138	-122	23	4130	138	-122	23	4130	138	-122	23	4130	138	-122	23	4130	138	-122	23	4130	138	-122	23	4130
139	-226	28	4158	139	-226	28	4158	139	-226	28	4158	139	-226	28	4158	139	-226	28	4158	139	-226	28	4158	139	-226	28	4158
140	-19	19	4177	140	-19	19	4177	140	-19	19	4177	140	-19	19	4177	140	-19	19	4177	140	-19	19	4177	140	-19	19	4177
141	-17	17	4194	141	-17	17	4194	141	-17	17	4194	141	-17	17	4194	141	-17	17	4194	141	-17	17	4194	141	-17	17	4194
142	-21	21	4215	142	-21	21	4215	142	-21	21	4215	142	-21	21	4215	142	-21	21	4215	142	-21	21	4215	142	-21	21	4215
143	-13	13	4228	143	-13	13	4228	143	-13	13	4228	143	-13	13	4228	143	-13	13	4228	143	-13	13	4228	143	-13	13	4228
144	-13	13	4241	144	-13	13	4241	144	-13	13	4241	144	-13	13	4241	144	-13	13	4241	144	-13	13	4241	144	-13	13	4241
145	-13	13	4254	145	-13	13	4254	145	-13	13	4254	145	-13	13	4254	145	-13	13	4254	145	-13	13	4254	145	-13	13	4254
146	-17	17	4271	146	-17	17	4271	146	-17	17	4271	146	-17	17	4271	146	-17	17	4271	146	-17	17	4271	146	-17	17	4271
147	-13	13	4284	147	-13	13	4284	147	-13	13	4284	147	-13	13	4284	147	-13	13	4284	147	-13	13	4284	147	-13	13	4284
148	-233	35	4319	148	-233	35	4319	148	-233	35	4319	148	-233	35	4319	148	-233	35	4319	148	-233	35	4319	148	-233	35	4319
149	-20	20	4339	149	-20	20	4339	149	-20	20	4339	149	-20	20	4339	149	-20	20	4339	149	-20	20	4339	149	-20	20	4339
150	-15	15	4354	150	-15	15	4354	150	-15	15	4354	150	-15	15	4354	150	-15	15	4354	150	-15	15	4354	150	-15	15	4354
151	-13	13	4367	151	-13	13	4367	151	-13	13	4367	151	-13	13	4367	151	-13	13	4367	151	-13	13	4367	151	-13	13	4367
152	-122	23	4390	152	-122	23	4390	152	-122	23	4390	152	-122	23	4390	152	-122	23	4390	152	-122	23	4390	152	-122	23	4390
153	-13	13	4403	153	-13	13	4403	153	-13	13	4403	153	-13	13	4403	153	-13	13	4403	153	-13	13	4403	153	-13	13	4403
154	-13	13	4416	154	-13	13	4416	154	-13	13	4416	154	-13	13	4416	154	-13	13	4416	154	-13	13	4416	154	-13	13	4416
155	-116	17	4433	155	-116	17	4433	155	-116	17	4433	155	-116	17	4433	155	-116	17	4433	155	-116	17	4433	155	-116	17	4433
156	-113	14	4447	156	-113	14	4447	156	-113	14	4447	156	-113	14	4447	156	-113	14	4447	156	-113	14	4447	156	-113	14	4447
157	-13	13	4460	157	-13	13	4460	157	-13	13	4460	157	-13	13	4460	157	-13	13	4460	157	-13	13	4460	157	-13	13	4460
158	-13	13	4473	158	-13	13	4473	158	-13	13	4473	158	-13	13	4473	158	-13	13	4473	158	-13	13	4473	158	-13	13	4473
159	-13	13	4486	159	-13	13	4486	159	-13	13	4486	159	-13	13	4486	159	-13	13	4486	159	-13	13	4486	159	-13	13	4486
160	-15	15	4501	160	-15	15	4501	160	-15	15	4501	160	-15	15	4501	160	-15	15	4501	160	-15	15	4501	160	-15	15	4501
161	-15	15	4516	161	-15	15	4516	161	-15	15	4516	161	-15	15	4516	161	-15	15	4516	161	-15	15	4516	161	-15	15	4516
162	-21	21	4537	162	-21	21	4537	162	-21	21	4537	162	-21	21	4537	162	-21	21	4537	162	-21	21	4537	162	-21	21	4537
163	-230	32	4569	163	-230	32	4569	163	-230	32	4569	163	-230	32	4569	163	-230	32	4569	163	-230	32	4569	163	-230	32	4569
164	-13	13	4582	164	-13	13	4582	164	-13	13	4582	164	-13	13	4582	164	-13	13	4582	164	-13	13	4582	164	-13	13	4582
165	-123	24	4606	165	-123	24	4606	165	-123	24	4606	165	-123	24	4606	165	-123	24	4606	165	-123	24	4606	165	-123	24	4606
166	-22	22	4628	166	-22	22	4628	166	-22	22	4628	166	-22	22	4628	166	-22	22	4628	166	-22	22	4628	166	-22	22	4628
167	-226	28	4656	167	-226	28	4656	167	-226	28	4656	167	-226	28	4656	167	-226	28	4656	167	-226	28	4656	167	-226	28	4656
168	-13	13	4669	168	-13	13	4669	168	-13	13	4669	168	-13	13	4669	168	-13	13	4669	168	-13	13	4669	168	-13	13	4669
169	-15	15	4684	169	-15	15	4684	169	-15	15	4684	169	-15	15	4684	169	-15	15	4684	169	-15	15	4684	169	-15	15	4684
170	-227	29	4713	170	-227	29	4713	170	-227	29	4713	170	-227	29	4713	170	-227	29	4713	170	-227	29	4713	170	-227	29	4713
171	-13	13	4726	171	-13	13	4726	171	-13	13	4726	171	-13	13	4726	171	-13	13	4726	171	-13	13	4726	171	-13	13	4726
172	-19	19	4745	172	-19	19	4745	172	-19	19	4745	172	-19	19	4745	172	-19	19	4745	172	-19	19	4745	172	-19	19	4745
173	-14	14	4759	173	-14	14	4759	173	-14	14	4759	173	-14	14	4759	173	-14	14	4759	173	-14	14	4759	173	-14	14	4759
174	-13	13	4772	174	-13	13	4772	174	-13	13	4772	174	-13	13	4772	174	-13	13	4772	174	-13	13	4772	174	-13	13	4772
175	-17	17	4789	175	-17	17	4789	175	-17	17	4789	175	-17	17	4789	175	-17	17	4789	175	-17	17	4789	175	-17	17	4789
176	-15	15	4804	176	-15	15	4804	176	-15	15	4804	176	-15	15	4804	176	-15	15	4804	176	-15	15	4804	176	-15	15	4804
177	-13	13	4817	177	-13	13	4817	177	-13	13	4817	177	-13	13	4817	177	-13	13	4817	177	-13	13	4817	177	-13	13	4817
178	-232	34	4851	178	-232	34	4851	178	-232	34	4851	178	-232	34	4851	178	-232	34	4851	178	-232	34	4851	178	-232	34	4851
179	-13	13	4864	179	-13	13	4864	179	-13	13	4864	179	-13	13	4864	179	-13	13	4864	179	-13	13	4864	179	-13	13	4864
180	-13	13	4877	180	-13	13	4877	180	-13	13	4877	180	-13	13	4877	180	-13	13	4877	180	-13	13	4877	180	-13	13	4877
181	-15	15	4892	181	-15	15	4892	181	-15	15	4892	181	-15	15	4892	181	-15	15	4892	181	-15	15	4892	181	-15	15	4892
182	-21	21	4913	182	-21	21	4913	182	-21	21	4913	182	-21	21	4913	182	-21	21	4913	182	-21	21	4913	182	-21	21	4913
183	-16	16	4929	183	-16	16	4929	183	-16	16	4929	183	-16	16	4929	183	-16	16	4929	183	-16	16	4929	183	-16	16	4929
184	-13	13	4942	184	-13	13	4942	184	-13	13	4942	184	-13	13	4942	184	-13	13	4942	184	-13	13	4942	184	-13	13	4942
185	-27	27	4969	185	-27	27	4969	185	-27	27	4969	185	-27	27	4969	185	-27	27	4969	185	-27	27	4969	185	-27	27	4969
186	-15	15	4984	186	-15	15	4984	186	-15	15	4984	186	-15	15	4984	186	-15	15	4984	186	-15	15	4984	186	-15	15	4984
187	-16	16	5000	187	-16	16	5000	187	-16	16	5000	187	-16	16	5000	187	-16	16	5000	187	-16	16	5000	187	-16	16	5000
188	-15	15	5015	188	-15	15	5015	188	-15	15	5015	188	-15	15	5015	188	-15	15	5015	188	-15	15	5015	188	-15	15	5015
189	-13	13	5028	189	-13	13	5028	189	-13	13	5028	189	-13	13	5028	189	-13	13	5028	189	-13	13	5028	189	-13	13	5028
190	-15	15	5043	190	-15	15	5043	190	-15	15	5043	190	-15	15	5043	190	-15	15	5043	190	-15	15	5043	190	-15	15	5043
191	-226	28	5071	191	-226	28	5071	191	-226	28	5071	191	-226	28	5071	191	-226	28	5071	191	-226	28	5071	191	-226	28	5071
192	-15	15	5086	192	-15	15	5086	192	-15	15	5086	192	-15	15	5086	192	-15	15	5086	192	-15	15	5086	192	-15	15	5086
193	-13	13	5099	193	-13	13	5099	193	-13	13	5099	193	-13	13	5099	193	-13	13	5099	193	-13	13	5099	193	-13	13	5099
194	-13	13	5112	194	-13	13	5112	194	-13	13	5112	194	-13	13	5112	194	-13	13	5112	194	-13	13	5112	194	-13	13	5112
195	-13	13	5125	195	-13	13	5125	195	-13	13	5125	195	-13	13	5125	195	-13	13	5125	195	-13	13	5125	195	-13	13	5125
196	-13	13	5138	196	-13	13	5138	196	-13	13	5138	196	-13	13	5138	196	-13	13	5138	196	-13	13	5138	196	-13	13	5138
197	-117	18	5156	197	-117	18	5156	197	-117	18	5156	197	-117	18	5156	197	-117	18	5156	197	-117	18	5156	197	-117	18	5156
198	-14	14	5170	198	-14	14	5170	198	-14	14	5170	198	-14	14	5170	198	-14	14	5170	198	-14	14	5170	198	-14	14	5170
199	-13	13	5183	199	-13	13	5183	199	-13	13	5183	199	-13	13	5183	199	-13	13	5183	199	-13	13	5183	199	-13	13	5183
