Episode	Accumulated Reward	Length	Steps
0	-500.0	500	500
1	-500.0	500	1000
2	-500.0	500	1500
3	-500.0	500	2000
4	-329.0	329	2329
5	-479.0	479	2808
6	-222.0	222	3030
7	-308.0	308	3338
8	-276.0	276	3614
9	-305.0	305	3919
10	-218.0	218	4137
11	-200.0	200	4337
12	-267.0	267	4604
13	-232.0	232	4836
14	-243.0	243	5079
15	-197.0	197	5276
16	-163.0	163	5439
17	-191.0	191	5630
18	-151.0	151	5781
19	-223.0	223	6004
20	-210.0	210	6214
21	-179.0	179	6393
22	-200.0	200	6593
23	-160.0	160	6753
24	-127.0	127	6880
25	-216.0	216	7096
26	-191.0	191	7287
27	-173.0	173	7460
28	-227.0	227	7687
29	-236.0	236	7923
30	-148.0	148	8071
31	-223.0	223	8294
32	-181.0	181	8475
33	-216.0	216	8691
34	-236.0	236	8927
35	-141.0	141	9068
36	-149.0	149	9217
37	-153.0	153	9370
38	-187.0	187	9557
39	-157.0	157	9714
40	-149.0	149	9863
41	-114.0	114	9977
42	-154.0	154	10131
43	-149.0	149	10280
44	-149.0	149	10429
45	-135.0	135	10564
46	-110.0	110	10674
47	-141.0	141	10815
48	-144.0	144	10959
49	-150.0	150	11109
50	-183.0	183	11292
51	-148.0	148	11440
52	-191.0	191	11631
53	-146.0	146	11777
54	-144.0	144	11921
55	-150.0	150	12071
56	-147.0	147	12218
57	-153.0	153	12371
58	-127.0	127	12498
59	-149.0	149	12647
60	-137.0	137	12784
61	-138.0	138	12922
62	-174.0	174	13096
63	-136.0	136	13232
64	-136.0	136	13368
65	-127.0	127	13495
66	-178.0	178	13673
67	-210.0	210	13883
68	-183.0	183	14066
69	-183.0	183	14249
70	-149.0	149	14398
71	-178.0	178	14576
72	-150.0	150	14726
73	-155.0	155	14881
74	-178.0	178	15059
75	-194.0	194	15253
76	-175.0	175	15428
77	-148.0	148	15576
78	-143.0	143	15719
79	-141.0	141	15860
80	-135.0	135	15995
81	-133.0	133	16128
82	-185.0	185	16313
83	-138.0	138	16451
84	-138.0	138	16589
85	-176.0	176	16765
86	-141.0	141	16906
87	-135.0	135	17041
88	-141.0	141	17182
89	-137.0	137	17319
90	-142.0	142	17461
91	-138.0	138	17599
92	-182.0	182	17781
93	-180.0	180	17961
94	-181.0	181	18142
95	-175.0	175	18317
96	-147.0	147	18464
97	-184.0	184	18648
98	-151.0	151	18799
99	-138.0	138	18937
100	-211.0	211	19148
101	-208.0	208	19356
102	-143.0	143	19499
103	-140.0	140	19639
104	-124.0	124	19763
105	-112.0	112	19875
106	-107.0	107	19982
107	-110.0	110	20092
108	-93.0	93	20185
109	-170.0	170	20355
110	-155.0	155	20510
111	-136.0	136	20646
112	-139.0	139	20785
113	-165.0	165	20950
114	-146.0	146	21096
115	-107.0	107	21203
116	-108.0	108	21311
117	-109.0	109	21420
118	-156.0	156	21576
119	-149.0	149	21725
120	-146.0	146	21871
121	-182.0	182	22053
122	-174.0	174	22227
123	-134.0	134	22361
124	-137.0	137	22498
125	-158.0	158	22656
126	-214.0	214	22870
127	-143.0	143	23013
128	-201.0	201	23214
129	-114.0	114	23328
130	-112.0	112	23440
131	-156.0	156	23596
132	-113.0	113	23709
133	-148.0	148	23857
134	-143.0	143	24000
135	-139.0	139	24139
136	-115.0	115	24254
137	-110.0	110	24364
138	-139.0	139	24503
139	-115.0	115	24618
140	-89.0	89	24707
141	-129.0	129	24836
142	-107.0	107	24943
143	-159.0	159	25102
144	-159.0	159	25261
145	-147.0	147	25408
146	-106.0	106	25514
147	-140.0	140	25654
148	-137.0	137	25791
149	-136.0	136	25927
150	-105.0	105	26032
151	-138.0	138	26170
152	-148.0	148	26318
153	-114.0	114	26432
154	-136.0	136	26568
155	-136.0	136	26704
156	-135.0	135	26839
157	-134.0	134	26973
158	-149.0	149	27122
159	-166.0	166	27288
160	-140.0	140	27428
161	-150.0	150	27578
162	-147.0	147	27725
163	-141.0	141	27866
164	-146.0	146	28012
165	-144.0	144	28156
166	-117.0	117	28273
167	-153.0	153	28426
168	-108.0	108	28534
169	-108.0	108	28642
170	-113.0	113	28755
171	-152.0	152	28907
172	-111.0	111	29018
173	-142.0	142	29160
174	-137.0	137	29297
175	-136.0	136	29433
176	-109.0	109	29542
177	-138.0	138	29680
178	-136.0	136	29816
179	-141.0	141	29957
180	-137.0	137	30094
181	-107.0	107	30201
182	-137.0	137	30338
183	-133.0	133	30471
184	-112.0	112	30583
185	-107.0	107	30690
186	-135.0	135	30825
187	-132.0	132	30957
188	-137.0	137	31094
189	-102.0	102	31196
190	-141.0	141	31337
191	-141.0	141	31478
192	-138.0	138	31616
193	-137.0	137	31753
194	-139.0	139	31892
195	-134.0	134	32026
196	-152.0	152	32178
197	-100.0	100	32278
198	-112.0	112	32390
199	-155.0	155	32545
200	-142.0	142	32687
201	-129.0	129	32816
202	-137.0	137	32953
203	-134.0	134	33087
204	-136.0	136	33223
205	-106.0	106	33329
206	-127.0	127	33456
207	-135.0	135	33591
208	-132.0	132	33723
209	-133.0	133	33856
210	-126.0	126	33982
211	-108.0	108	34090
212	-111.0	111	34201
213	-107.0	107	34308
214	-134.0	134	34442
215	-111.0	111	34553
216	-107.0	107	34660
217	-137.0	137	34797
218	-108.0	108	34905
219	-108.0	108	35013
220	-107.0	107	35120
221	-124.0	124	35244
222	-136.0	136	35380
223	-135.0	135	35515
224	-135.0	135	35650
225	-110.0	110	35760
226	-137.0	137	35897
227	-135.0	135	36032
228	-110.0	110	36142
229	-139.0	139	36281
230	-108.0	108	36389
231	-135.0	135	36524
232	-136.0	136	36660
233	-137.0	137	36797
234	-141.0	141	36938
235	-140.0	140	37078
236	-146.0	146	37224
237	-148.0	148	37372
238	-142.0	142	37514
239	-148.0	148	37662
240	-107.0	107	37769
241	-169.0	169	37938
242	-155.0	155	38093
243	-111.0	111	38204
244	-105.0	105	38309
245	-106.0	106	38415
246	-107.0	107	38522
247	-97.0	97	38619
248	-104.0	104	38723
249	-108.0	108	38831
250	-106.0	106	38937
251	-107.0	107	39044
252	-166.0	166	39210
253	-107.0	107	39317
254	-111.0	111	39428
255	-151.0	151	39579
256	-147.0	147	39726
257	-139.0	139	39865
258	-140.0	140	40005
259	-134.0	134	40139
260	-133.0	133	40272
261	-138.0	138	40410
262	-116.0	116	40526
263	-122.0	122	40648
264	-135.0	135	40783
265	-138.0	138	40921
266	-133.0	133	41054
267	-136.0	136	41190
268	-113.0	113	41303
269	-138.0	138	41441
270	-143.0	143	41584
271	-118.0	118	41702
272	-138.0	138	41840
273	-136.0	136	41976
274	-122.0	122	42098
275	-118.0	118	42216
276	-110.0	110	42326
277	-109.0	109	42435
278	-135.0	135	42570
279	-137.0	137	42707
280	-133.0	133	42840
281	-157.0	157	42997
282	-105.0	105	43102
283	-100.0	100	43202
284	-108.0	108	43310
285	-106.0	106	43416
286	-111.0	111	43527
287	-119.0	119	43646
288	-181.0	181	43827
289	-140.0	140	43967
290	-136.0	136	44103
291	-132.0	132	44235
292	-134.0	134	44369
293	-109.0	109	44478
294	-131.0	131	44609
295	-139.0	139	44748
296	-135.0	135	44883
297	-140.0	140	45023
298	-148.0	148	45171
299	-136.0	136	45307
