Episode	Accumulated Reward	Length	Steps	Episode	Accumulated Reward	Length	Steps	Episode	Accumulated Reward	Length	Steps	Episode	Accumulated Reward	Length	Steps	Episode	Accumulated Reward	Length	Steps	Episode	Accumulated Reward	Length	Steps	Episode	Accumulated Reward	Length	Steps	Episode	Accumulated Reward	Length	Steps	Episode	Accumulated Reward	Length	Steps	Episode	Accumulated Reward	Length	Steps	Episode	Accumulated Reward	Length	Steps	Episode	Accumulated Reward	Length	Steps
0	-500.0	500	500	0	-500.0	500	500	0	-500.0	500	500	0	-500.0	500	500	0	-500.0	500	500	0	-500.0	500	500	0	-500.0	500	500	0	-500.0	500	500	0	-500.0	500	500	0	-500.0	500	500	0	-500.0	500	500	0	-500.0	500	500
1	-500.0	500	1000	1	-500.0	500	1000	1	-500.0	500	1000	1	-500.0	500	1000	1	-500.0	500	1000	1	-500.0	500	1000	1	-500.0	500	1000	1	-500.0	500	1000	1	-500.0	500	1000	1	-500.0	500	1000	1	-500.0	500	1000	1	-500.0	500	1000
2	-484.0	484	1484	2	-484.0	484	1484	2	-484.0	484	1484	2	-484.0	484	1484	2	-484.0	484	1484	2	-484.0	484	1484	2	-484.0	484	1484	2	-484.0	484	1484	2	-484.0	484	1484	2	-484.0	484	1484	2	-484.0	484	1484	2	-484.0	484	1484
3	-500.0	500	1984	3	-500.0	500	1984	3	-500.0	500	1984	3	-500.0	500	1984	3	-500.0	500	1984	3	-500.0	500	1984	3	-500.0	500	1984	3	-500.0	500	1984	3	-500.0	500	1984	3	-500.0	500	1984	3	-500.0	500	1984	3	-500.0	500	1984
4	-500.0	500	2484	4	-500.0	500	2484	4	-500.0	500	2484	4	-500.0	500	2484	4	-500.0	500	2484	4	-500.0	500	2484	4	-500.0	500	2484	4	-500.0	500	2484	4	-500.0	500	2484	4	-500.0	500	2484	4	-500.0	500	2484	4	-500.0	500	2484
5	-355.0	355	2839	5	-355.0	355	2839	5	-355.0	355	2839	5	-355.0	355	2839	5	-355.0	355	2839	5	-355.0	355	2839	5	-355.0	355	2839	5	-355.0	355	2839	5	-355.0	355	2839	5	-355.0	355	2839	5	-355.0	355	2839	5	-355.0	355	2839
6	-266.0	266	3105	6	-266.0	266	3105	6	-266.0	266	3105	6	-266.0	266	3105	6	-266.0	266	3105	6	-266.0	266	3105	6	-266.0	266	3105	6	-266.0	266	3105	6	-266.0	266	3105	6	-266.0	266	3105	6	-266.0	266	3105	6	-266.0	266	3105
7	-343.0	343	3448	7	-343.0	343	3448	7	-343.0	343	3448	7	-343.0	343	3448	7	-343.0	343	3448	7	-343.0	343	3448	7	-343.0	343	3448	7	-343.0	343	3448	7	-343.0	343	3448	7	-343.0	343	3448	7	-343.0	343	3448	7	-343.0	343	3448
8	-327.0	327	3775	8	-327.0	327	3775	8	-327.0	327	3775	8	-327.0	327	3775	8	-327.0	327	3775	8	-327.0	327	3775	8	-327.0	327	3775	8	-327.0	327	3775	8	-327.0	327	3775	8	-327.0	327	3775	8	-327.0	327	3775	8	-327.0	327	3775
9	-239.0	239	4014	9	-239.0	239	4014	9	-239.0	239	4014	9	-239.0	239	4014	9	-239.0	239	4014	9	-239.0	239	4014	9	-239.0	239	4014	9	-239.0	239	4014	9	-239.0	239	4014	9	-239.0	239	4014	9	-239.0	239	4014	9	-239.0	239	4014
10	-245.0	245	4259	10	-245.0	245	4259	10	-245.0	245	4259	10	-245.0	245	4259	10	-245.0	245	4259	10	-245.0	245	4259	10	-245.0	245	4259	10	-245.0	245	4259	10	-245.0	245	4259	10	-245.0	245	4259	10	-245.0	245	4259	10	-245.0	245	4259
11	-245.0	245	4504	11	-245.0	245	4504	11	-245.0	245	4504	11	-245.0	245	4504	11	-245.0	245	4504	11	-245.0	245	4504	11	-245.0	245	4504	11	-245.0	245	4504	11	-245.0	245	4504	11	-245.0	245	4504	11	-245.0	245	4504	11	-245.0	245	4504
12	-233.0	233	4737	12	-233.0	233	4737	12	-233.0	233	4737	12	-233.0	233	4737	12	-233.0	233	4737	12	-233.0	233	4737	12	-233.0	233	4737	12	-233.0	233	4737	12	-233.0	233	4737	12	-233.0	233	4737	12	-233.0	233	4737	12	-233.0	233	4737
13	-190.0	190	4927	13	-190.0	190	4927	13	-190.0	190	4927	13	-190.0	190	4927	13	-190.0	190	4927	13	-190.0	190	4927	13	-190.0	190	4927	13	-190.0	190	4927	13	-190.0	190	4927	13	-190.0	190	4927	13	-190.0	190	4927	13	-190.0	190	4927
14	-158.0	158	5085	14	-158.0	158	5085	14	-158.0	158	5085	14	-158.0	158	5085	14	-158.0	158	5085	14	-158.0	158	5085	14	-158.0	158	5085	14	-158.0	158	5085	14	-158.0	158	5085	14	-158.0	158	5085	14	-158.0	158	5085	14	-158.0	158	5085
15	-274.0	274	5359	15	-274.0	274	5359	15	-274.0	274	5359	15	-274.0	274	5359	15	-274.0	274	5359	15	-274.0	274	5359	15	-274.0	274	5359	15	-274.0	274	5359	15	-274.0	274	5359	15	-274.0	274	5359	15	-274.0	274	5359	15	-274.0	274	5359
16	-188.0	188	5547	16	-188.0	188	5547	16	-188.0	188	5547	16	-188.0	188	5547	16	-188.0	188	5547	16	-188.0	188	5547	16	-188.0	188	5547	16	-188.0	188	5547	16	-188.0	188	5547	16	-188.0	188	5547	16	-188.0	188	5547	16	-188.0	188	5547
17	-228.0	228	5775	17	-228.0	228	5775	17	-228.0	228	5775	17	-228.0	228	5775	17	-228.0	228	5775	17	-228.0	228	5775	17	-228.0	228	5775	17	-228.0	228	5775	17	-228.0	228	5775	17	-228.0	228	5775	17	-228.0	228	5775	17	-228.0	228	5775
18	-161.0	161	5936	18	-161.0	161	5936	18	-161.0	161	5936	18	-161.0	161	5936	18	-161.0	161	5936	18	-161.0	161	5936	18	-161.0	161	5936	18	-161.0	161	5936	18	-161.0	161	5936	18	-161.0	161	5936	18	-161.0	161	5936	18	-161.0	161	5936
19	-233.0	233	6169	19	-233.0	233	6169	19	-233.0	233	6169	19	-233.0	233	6169	19	-233.0	233	6169	19	-233.0	233	6169	19	-233.0	233	6169	19	-233.0	233	6169	19	-233.0	233	6169	19	-233.0	233	6169	19	-233.0	233	6169	19	-233.0	233	6169
20	-160.0	160	6329	20	-160.0	160	6329	20	-160.0	160	6329	20	-160.0	160	6329	20	-160.0	160	6329	20	-160.0	160	6329	20	-160.0	160	6329	20	-160.0	160	6329	20	-160.0	160	6329	20	-160.0	160	6329	20	-160.0	160	6329	20	-160.0	160	6329
21	-223.0	223	6552	21	-223.0	223	6552	21	-223.0	223	6552	21	-223.0	223	6552	21	-223.0	223	6552	21	-223.0	223	6552	21	-223.0	223	6552	21	-223.0	223	6552	21	-223.0	223	6552	21	-223.0	223	6552	21	-223.0	223	6552	21	-223.0	223	6552
22	-189.0	189	6741	22	-189.0	189	6741	22	-189.0	189	6741	22	-189.0	189	6741	22	-189.0	189	6741	22	-189.0	189	6741	22	-189.0	189	6741	22	-189.0	189	6741	22	-189.0	189	6741	22	-189.0	189	6741	22	-189.0	189	6741	22	-189.0	189	6741
23	-181.0	181	6922	23	-181.0	181	6922	23	-181.0	181	6922	23	-181.0	181	6922	23	-181.0	181	6922	23	-181.0	181	6922	23	-181.0	181	6922	23	-181.0	181	6922	23	-181.0	181	6922	23	-181.0	181	6922	23	-181.0	181	6922	23	-181.0	181	6922
24	-217.0	217	7139	24	-217.0	217	7139	24	-217.0	217	7139	24	-217.0	217	7139	24	-217.0	217	7139	24	-217.0	217	7139	24	-217.0	217	7139	24	-217.0	217	7139	24	-217.0	217	7139	24	-217.0	217	7139	24	-217.0	217	7139	24	-217.0	217	7139
25	-192.0	192	7331	25	-192.0	192	7331	25	-192.0	192	7331	25	-192.0	192	7331	25	-192.0	192	7331	25	-192.0	192	7331	25	-192.0	192	7331	25	-192.0	192	7331	25	-192.0	192	7331	25	-192.0	192	7331	25	-192.0	192	7331	25	-192.0	192	7331
26	-183.0	183	7514	26	-183.0	183	7514	26	-183.0	183	7514	26	-183.0	183	7514	26	-183.0	183	7514	26	-183.0	183	7514	26	-183.0	183	7514	26	-183.0	183	7514	26	-183.0	183	7514	26	-183.0	183	7514	26	-183.0	183	7514	26	-183.0	183	7514
27	-188.0	188	7702	27	-188.0	188	7702	27	-188.0	188	7702	27	-188.0	188	7702	27	-188.0	188	7702	27	-188.0	188	7702	27	-188.0	188	7702	27	-188.0	188	7702	27	-188.0	188	7702	27	-188.0	188	7702	27	-188.0	188	7702	27	-188.0	188	7702
28	-122.0	122	7824	28	-122.0	122	7824	28	-122.0	122	7824	28	-122.0	122	7824	28	-122.0	122	7824	28	-122.0	122	7824	28	-122.0	122	7824	28	-122.0	122	7824	28	-122.0	122	7824	28	-122.0	122	7824	28	-122.0	122	7824	28	-122.0	122	7824
29	-190.0	190	8014	29	-190.0	190	8014	29	-190.0	190	8014	29	-190.0	190	8014	29	-190.0	190	8014	29	-190.0	190	8014	29	-190.0	190	8014	29	-190.0	190	8014	29	-190.0	190	8014	29	-190.0	190	8014	29	-190.0	190	8014	29	-190.0	190	8014
30	-167.0	167	8181	30	-167.0	167	8181	30	-167.0	167	8181	30	-167.0	167	8181	30	-167.0	167	8181	30	-167.0	167	8181	30	-167.0	167	8181	30	-167.0	167	8181	30	-167.0	167	8181	30	-167.0	167	8181	30	-167.0	167	8181	30	-167.0	167	8181
31	-147.0	147	8328	31	-147.0	147	8328	31	-147.0	147	8328	31	-147.0	147	8328	31	-147.0	147	8328	31	-147.0	147	8328	31	-147.0	147	8328	31	-147.0	147	8328	31	-147.0	147	8328	31	-147.0	147	8328	31	-147.0	147	8328	31	-147.0	147	8328
32	-216.0	216	8544	32	-216.0	216	8544	32	-216.0	216	8544	32	-216.0	216	8544	32	-216.0	216	8544	32	-216.0	216	8544	32	-216.0	216	8544	32	-216.0	216	8544	32	-216.0	216	8544	32	-216.0	216	8544	32	-216.0	216	8544	32	-216.0	216	8544
33	-173.0	173	8717	33	-173.0	173	8717	33	-173.0	173	8717	33	-173.0	173	8717	33	-173.0	173	8717	33	-173.0	173	8717	33	-173.0	173	8717	33	-173.0	173	8717	33	-173.0	173	8717	33	-173.0	173	8717	33	-173.0	173	8717	33	-173.0	173	8717
34	-251.0	251	8968	34	-251.0	251	8968	34	-251.0	251	8968	34	-251.0	251	8968	34	-251.0	251	8968	34	-251.0	251	8968	34	-251.0	251	8968	34	-251.0	251	8968	34	-251.0	251	8968	34	-251.0	251	8968	34	-251.0	251	8968	34	-251.0	251	8968
35	-186.0	186	9154	35	-186.0	186	9154	35	-186.0	186	9154	35	-186.0	186	9154	35	-186.0	186	9154	35	-186.0	186	9154	35	-186.0	186	9154	35	-186.0	186	9154	35	-186.0	186	9154	35	-186.0	186	9154	35	-186.0	186	9154	35	-186.0	186	9154
36	-122.0	122	9276	36	-122.0	122	9276	36	-122.0	122	9276	36	-122.0	122	9276	36	-122.0	122	9276	36	-122.0	122	9276	36	-122.0	122	9276	36	-122.0	122	9276	36	-122.0	122	9276	36	-122.0	122	9276	36	-122.0	122	9276	36	-122.0	122	9276
37	-173.0	173	9449	37	-173.0	173	9449	37	-173.0	173	9449	37	-173.0	173	9449	37	-173.0	173	9449	37	-173.0	173	9449	37	-173.0	173	9449	37	-173.0	173	9449	37	-173.0	173	9449	37	-173.0	173	9449	37	-173.0	173	9449	37	-173.0	173	9449
38	-174.0	174	9623	38	-174.0	174	9623	38	-174.0	174	9623	38	-174.0	174	9623	38	-174.0	174	9623	38	-174.0	174	9623	38	-174.0	174	9623	38	-174.0	174	9623	38	-174.0	174	9623	38	-174.0	174	9623	38	-174.0	174	9623	38	-174.0	174	9623
39	-158.0	158	9781	39	-158.0	158	9781	39	-158.0	158	9781	39	-158.0	158	9781	39	-158.0	158	9781	39	-158.0	158	9781	39	-158.0	158	9781	39	-158.0	158	9781	39	-158.0	158	9781	39	-158.0	158	9781	39	-158.0	158	9781	39	-158.0	158	9781
40	-208.0	208	9989	40	-208.0	208	9989	40	-208.0	208	9989	40	-208.0	208	9989	40	-208.0	208	9989	40	-208.0	208	9989	40	-208.0	208	9989	40	-208.0	208	9989	40	-208.0	208	9989	40	-208.0	208	9989	40	-208.0	208	9989	40	-208.0	208	9989
41	-143.0	143	10132	41	-143.0	143	10132	41	-143.0	143	10132	41	-143.0	143	10132	41	-143.0	143	10132	41	-143.0	143	10132	41	-143.0	143	10132	41	-143.0	143	10132	41	-143.0	143	10132	41	-143.0	143	10132	41	-143.0	143	10132	41	-143.0	143	10132
42	-137.0	137	10269	42	-137.0	137	10269	42	-137.0	137	10269	42	-137.0	137	10269	42	-137.0	137	10269	42	-137.0	137	10269	42	-137.0	137	10269	42	-137.0	137	10269	42	-137.0	137	10269	42	-137.0	137	10269	42	-137.0	137	10269	42	-137.0	137	10269
43	-144.0	144	10413	43	-144.0	144	10413	43	-144.0	144	10413	43	-144.0	144	10413	43	-144.0	144	10413	43	-144.0	144	10413	43	-144.0	144	10413	43	-144.0	144	10413	43	-144.0	144	10413	43	-144.0	144	10413	43	-144.0	144	10413	43	-144.0	144	10413
44	-173.0	173	10586	44	-173.0	173	10586	44	-173.0	173	10586	44	-173.0	173	10586	44	-173.0	173	10586	44	-173.0	173	10586	44	-173.0	173	10586	44	-173.0	173	10586	44	-173.0	173	10586	44	-173.0	173	10586	44	-173.0	173	10586	44	-173.0	173	10586
45	-141.0	141	10727	45	-141.0	141	10727	45	-141.0	141	10727	45	-141.0	141	10727	45	-141.0	141	10727	45	-141.0	141	10727	45	-141.0	141	10727	45	-141.0	141	10727	45	-141.0	141	10727	45	-141.0	141	10727	45	-141.0	141	10727	45	-141.0	141	10727
46	-138.0	138	10865	46	-138.0	138	10865	46	-138.0	138	10865	46	-138.0	138	10865	46	-138.0	138	10865	46	-138.0	138	10865	46	-138.0	138	10865	46	-138.0	138	10865	46	-138.0	138	10865	46	-138.0	138	10865	46	-138.0	138	10865	46	-138.0	138	10865
47	-136.0	136	11001	47	-136.0	136	11001	47	-136.0	136	11001	47	-136.0	136	11001	47	-136.0	136	11001	47	-136.0	136	11001	47	-136.0	136	11001	47	-136.0	136	11001	47	-136.0	136	11001	47	-136.0	136	11001	47	-136.0	136	11001	47	-136.0	136	11001
48	-155.0	155	11156	48	-155.0	155	11156	48	-155.0	155	11156	48	-155.0	155	11156	48	-155.0	155	11156	48	-155.0	155	11156	48	-155.0	155	11156	48	-155.0	155	11156	48	-155.0	155	11156	48	-155.0	155	11156	48	-155.0	155	11156	48	-155.0	155	11156
49	-104.0	104	11260	49	-104.0	104	11260	49	-104.0	104	11260	49	-104.0	104	11260	49	-104.0	104	11260	49	-104.0	104	11260	49	-104.0	104	11260	49	-104.0	104	11260	49	-104.0	104	11260	49	-104.0	104	11260	49	-104.0	104	11260	49	-104.0	104	11260
50	-113.0	113	11373	50	-113.0	113	11373	50	-113.0	113	11373	50	-113.0	113	11373	50	-113.0	113	11373	50	-113.0	113	11373	50	-113.0	113	11373	50	-113.0	113	11373	50	-113.0	113	11373	50	-113.0	113	11373	50	-113.0	113	11373	50	-113.0	113	11373
51	-105.0	105	11478	51	-105.0	105	11478	51	-105.0	105	11478	51	-105.0	105	11478	51	-105.0	105	11478	51	-105.0	105	11478	51	-105.0	105	11478	51	-105.0	105	11478	51	-105.0	105	11478	51	-105.0	105	11478	51	-105.0	105	11478	51	-105.0	105	11478
52	-148.0	148	11626	52	-148.0	148	11626	52	-148.0	148	11626	52	-148.0	148	11626	52	-148.0	148	11626	52	-148.0	148	11626	52	-148.0	148	11626	52	-148.0	148	11626	52	-148.0	148	11626	52	-148.0	148	11626	52	-148.0	148	11626	52	-148.0	148	11626
53	-144.0	144	11770	53	-144.0	144	11770	53	-144.0	144	11770	53	-144.0	144	11770	53	-144.0	144	11770	53	-144.0	144	11770	53	-144.0	144	11770	53	-144.0	144	11770	53	-144.0	144	11770	53	-144.0	144	11770	53	-144.0	144	11770	53	-144.0	144	11770
54	-145.0	145	11915	54	-145.0	145	11915	54	-145.0	145	11915	54	-145.0	145	11915	54	-145.0	145	11915	54	-145.0	145	11915	54	-145.0	145	11915	54	-145.0	145	11915	54	-145.0	145	11915	54	-145.0	145	11915	54	-145.0	145	11915	54	-145.0	145	11915
55	-152.0	152	12067	55	-152.0	152	12067	55	-152.0	152	12067	55	-152.0	152	12067	55	-152.0	152	12067	55	-152.0	152	12067	55	-152.0	152	12067	55	-152.0	152	12067	55	-152.0	152	12067	55	-152.0	152	12067	55	-152.0	152	12067	55	-152.0	152	12067
56	-144.0	144	12211	56	-144.0	144	12211	56	-144.0	144	12211	56	-144.0	144	12211	56	-144.0	144	12211	56	-144.0	144	12211	56	-144.0	144	12211	56	-144.0	144	12211	56	-144.0	144	12211	56	-144.0	144	12211	56	-144.0	144	12211	56	-144.0	144	12211
57	-134.0	134	12345	57	-134.0	134	12345	57	-134.0	134	12345	57	-134.0	134	12345	57	-134.0	134	12345	57	-134.0	134	12345	57	-134.0	134	12345	57	-134.0	134	12345	57	-134.0	134	12345	57	-134.0	134	12345	57	-134.0	134	12345	57	-134.0	134	12345
58	-119.0	119	12464	58	-119.0	119	12464	58	-119.0	119	12464	58	-119.0	119	12464	58	-119.0	119	12464	58	-119.0	119	12464	58	-119.0	119	12464	58	-119.0	119	12464	58	-119.0	119	12464	58	-119.0	119	12464	58	-119.0	119	12464	58	-119.0	119	12464
59	-144.0	144	12608	59	-144.0	144	12608	59	-144.0	144	12608	59	-144.0	144	12608	59	-144.0	144	12608	59	-144.0	144	12608	59	-144.0	144	12608	59	-144.0	144	12608	59	-144.0	144	12608	59	-144.0	144	12608	59	-144.0	144	12608	59	-144.0	144	12608
60	-105.0	105	12713	60	-105.0	105	12713	60	-105.0	105	12713	60	-105.0	105	12713	60	-105.0	105	12713	60	-105.0	105	12713	60	-105.0	105	12713	60	-105.0	105	12713	60	-105.0	105	12713	60	-105.0	105	12713	60	-105.0	105	12713	60	-105.0	105	12713
61	-147.0	147	12860	61	-147.0	147	12860	61	-147.0	147	12860	61	-147.0	147	12860	61	-147.0	147	12860	61	-147.0	147	12860	61	-147.0	147	12860	61	-147.0	147	12860	61	-147.0	147	12860	61	-147.0	147	12860	61	-147.0	147	12860	61	-147.0	147	12860
62	-146.0	146	13006	62	-146.0	146	13006	62	-146.0	146	13006	62	-146.0	146	13006	62	-146.0	146	13006	62	-146.0	146	13006	62	-146.0	146	13006	62	-146.0	146	13006	62	-146.0	146	13006	62	-146.0	146	13006	62	-146.0	146	13006	62	-146.0	146	13006
63	-140.0	140	13146	63	-140.0	140	13146	63	-140.0	140	13146	63	-140.0	140	13146	63	-140.0	140	13146	63	-140.0	140	13146	63	-140.0	140	13146	63	-140.0	140	13146	63	-140.0	140	13146	63	-140.0	140	13146	63	-140.0	140	13146	63	-140.0	140	13146
64	-143.0	143	13289	64	-143.0	143	13289	64	-143.0	143	13289	64	-143.0	143	13289	64	-143.0	143	13289	64	-143.0	143	13289	64	-143.0	143	13289	64	-143.0	143	13289	64	-143.0	143	13289	64	-143.0	143	13289	64	-143.0	143	13289	64	-143.0	143	13289
65	-136.0	136	13425	65	-136.0	136	13425	65	-136.0	136	13425	65	-136.0	136	13425	65	-136.0	136	13425	65	-136.0	136	13425	65	-136.0	136	13425	65	-136.0	136	13425	65	-136.0	136	13425	65	-136.0	136	13425	65	-136.0	136	13425	65	-136.0	136	13425
66	-147.0	147	13572	66	-147.0	147	13572	66	-147.0	147	13572	66	-147.0	147	13572	66	-147.0	147	13572	66	-147.0	147	13572	66	-147.0	147	13572	66	-147.0	147	13572	66	-147.0	147	13572	66	-147.0	147	13572	66	-147.0	147	13572	66	-147.0	147	13572
67	-126.0	126	13698	67	-126.0	126	13698	67	-126.0	126	13698	67	-126.0	126	13698	67	-126.0	126	13698	67	-126.0	126	13698	67	-126.0	126	13698	67	-126.0	126	13698	67	-126.0	126	13698	67	-126.0	126	13698	67	-126.0	126	13698	67	-126.0	126	13698
68	-152.0	152	13850	68	-152.0	152	13850	68	-152.0	152	13850	68	-152.0	152	13850	68	-152.0	152	13850	68	-152.0	152	13850	68	-152.0	152	13850	68	-152.0	152	13850	68	-152.0	152	13850	68	-152.0	152	13850	68	-152.0	152	13850	68	-152.0	152	13850
69	-147.0	147	13997	69	-147.0	147	13997	69	-147.0	147	13997	69	-147.0	147	13997	69	-147.0	147	13997	69	-147.0	147	13997	69	-147.0	147	13997	69	-147.0	147	13997	69	-147.0	147	13997	69	-147.0	147	13997	69	-147.0	147	13997	69	-147.0	147	13997
70	-143.0	143	14140	70	-143.0	143	14140	70	-143.0	143	14140	70	-143.0	143	14140	70	-143.0	143	14140	70	-143.0	143	14140	70	-143.0	143	14140	70	-143.0	143	14140	70	-143.0	143	14140	70	-143.0	143	14140	70	-143.0	143	14140	70	-143.0	143	14140
71	-149.0	149	14289	71	-149.0	149	14289	71	-149.0	149	14289	71	-149.0	149	14289	71	-149.0	149	14289	71	-149.0	149	14289	71	-149.0	149	14289	71	-149.0	149	14289	71	-149.0	149	14289	71	-149.0	149	14289	71	-149.0	149	14289	71	-149.0	149	14289
72	-108.0	108	14397	72	-108.0	108	14397	72	-108.0	108	14397	72	-108.0	108	14397	72	-108.0	108	14397	72	-108.0	108	14397	72	-108.0	108	14397	72	-108.0	108	14397	72	-108.0	108	14397	72	-108.0	108	14397	72	-108.0	108	14397	72	-108.0	108	14397
73	-155.0	155	14552	73	-155.0	155	14552	73	-155.0	155	14552	73	-155.0	155	14552	73	-155.0	155	14552	73	-155.0	155	14552	73	-155.0	155	14552	73	-155.0	155	14552	73	-155.0	155	14552	73	-155.0	155	14552	73	-155.0	155	14552	73	-155.0	155	14552
74	-148.0	148	14700	74	-148.0	148	14700	74	-148.0	148	14700	74	-148.0	148	14700	74	-148.0	148	14700	74	-148.0	148	14700	74	-148.0	148	14700	74	-148.0	148	14700	74	-148.0	148	14700	74	-148.0	148	14700	74	-148.0	148	14700	74	-148.0	148	14700
75	-105.0	105	14805	75	-105.0	105	14805	75	-105.0	105	14805	75	-105.0	105	14805	75	-105.0	105	14805	75	-105.0	105	14805	75	-105.0	105	14805	75	-105.0	105	14805	75	-105.0	105	14805	75	-105.0	105	14805	75	-105.0	105	14805	75	-105.0	105	14805
76	-150.0	150	14955	76	-150.0	150	14955	76	-150.0	150	14955	76	-150.0	150	14955	76	-150.0	150	14955	76	-150.0	150	14955	76	-150.0	150	14955	76	-150.0	150	14955	76	-150.0	150	14955	76	-150.0	150	14955	76	-150.0	150	14955	76	-150.0	150	14955
77	-145.0	145	15100	77	-145.0	145	15100	77	-145.0	145	15100	77	-145.0	145	15100	77	-145.0	145	15100	77	-145.0	145	15100	77	-145.0	145	15100	77	-145.0	145	15100	77	-145.0	145	15100	77	-145.0	145	15100	77	-145.0	145	15100	77	-145.0	145	15100
78	-141.0	141	15241	78	-141.0	141	15241	78	-141.0	141	15241	78	-141.0	141	15241	78	-141.0	141	15241	78	-141.0	141	15241	78	-141.0	141	15241	78	-141.0	141	15241	78	-141.0	141	15241	78	-141.0	141	15241	78	-141.0	141	15241	78	-141.0	141	15241
79	-139.0	139	15380	79	-139.0	139	15380	79	-139.0	139	15380	79	-139.0	139	15380	79	-139.0	139	15380	79	-139.0	139	15380	79	-139.0	139	15380	79	-139.0	139	15380	79	-139.0	139	15380	79	-139.0	139	15380	79	-139.0	139	15380	79	-139.0	139	15380
80	-187.0	187	15567	80	-187.0	187	15567	80	-187.0	187	15567	80	-187.0	187	15567	80	-187.0	187	15567	80	-187.0	187	15567	80	-187.0	187	15567	80	-187.0	187	15567	80	-187.0	187	15567	80	-187.0	187	15567	80	-187.0	187	15567	80	-187.0	187	15567
81	-167.0	167	15734	81	-167.0	167	15734	81	-167.0	167	15734	81	-167.0	167	15734	81	-167.0	167	15734	81	-167.0	167	15734	81	-167.0	167	15734	81	-167.0	167	15734	81	-167.0	167	15734	81	-167.0	167	15734	81	-167.0	167	15734	81	-167.0	167	15734
82	-146.0	146	15880	82	-146.0	146	15880	82	-146.0	146	15880	82	-146.0	146	15880	82	-146.0	146	15880	82	-146.0	146	15880	82	-146.0	146	15880	82	-146.0	146	15880	82	-146.0	146	15880	82	-146.0	146	15880	82	-146.0	146	15880	82	-146.0	146	15880
83	-171.0	171	16051	83	-171.0	171	16051	83	-171.0	171	16051	83	-171.0	171	16051	83	-171.0	171	16051	83	-171.0	171	16051	83	-171.0	171	16051	83	-171.0	171	16051	83	-171.0	171	16051	83	-171.0	171	16051	83	-171.0	171	16051	83	-171.0	171	16051
84	-139.0	139	16190	84	-139.0	139	16190	84	-139.0	139	16190	84	-139.0	139	16190	84	-139.0	139	16190	84	-139.0	139	16190	84	-139.0	139	16190	84	-139.0	139	16190	84	-139.0	139	16190	84	-139.0	139	16190	84	-139.0	139	16190	84	-139.0	139	16190
85	-240.0	240	16430	85	-240.0	240	16430	85	-240.0	240	16430	85	-240.0	240	16430	85	-240.0	240	16430	85	-240.0	240	16430	85	-240.0	240	16430	85	-240.0	240	16430	85	-240.0	240	16430	85	-240.0	240	16430	85	-240.0	240	16430	85	-240.0	240	16430
86	-277.0	277	16707	86	-277.0	277	16707	86	-277.0	277	16707	86	-277.0	277	16707	86	-277.0	277	16707	86	-277.0	277	16707	86	-277.0	277	16707	86	-277.0	277	16707	86	-277.0	277	16707	86	-277.0	277	16707	86	-277.0	277	16707	86	-277.0	277	16707
87	-138.0	138	16845	87	-138.0	138	16845	87	-138.0	138	16845	87	-138.0	138	16845	87	-138.0	138	16845	87	-138.0	138	16845	87	-138.0	138	16845	87	-138.0	138	16845	87	-138.0	138	16845	87	-138.0	138	16845	87	-138.0	138	16845	87	-138.0	138	16845
88	-142.0	142	16987	88	-142.0	142	16987	88	-142.0	142	16987	88	-142.0	142	16987	88	-142.0	142	16987	88	-142.0	142	16987	88	-142.0	142	16987	88	-142.0	142	16987	88	-142.0	142	16987	88	-142.0	142	16987	88	-142.0	142	16987	88	-142.0	142	16987
89	-146.0	146	17133	89	-146.0	146	17133	89	-146.0	146	17133	89	-146.0	146	17133	89	-146.0	146	17133	89	-146.0	146	17133	89	-146.0	146	17133	89	-146.0	146	17133	89	-146.0	146	17133	89	-146.0	146	17133	89	-146.0	146	17133	89	-146.0	146	17133
90	-152.0	152	17285	90	-152.0	152	17285	90	-152.0	152	17285	90	-152.0	152	17285	90	-152.0	152	17285	90	-152.0	152	17285	90	-152.0	152	17285	90	-152.0	152	17285	90	-152.0	152	17285	90	-152.0	152	17285	90	-152.0	152	17285	90	-152.0	152	17285
91	-148.0	148	17433	91	-148.0	148	17433	91	-148.0	148	17433	91	-148.0	148	17433	91	-148.0	148	17433	91	-148.0	148	17433	91	-148.0	148	17433	91	-148.0	148	17433	91	-148.0	148	17433	91	-148.0	148	17433	91	-148.0	148	17433	91	-148.0	148	17433
92	-145.0	145	17578	92	-145.0	145	17578	92	-145.0	145	17578	92	-145.0	145	17578	92	-145.0	145	17578	92	-145.0	145	17578	92	-145.0	145	17578	92	-145.0	145	17578	92	-145.0	145	17578	92	-145.0	145	17578	92	-145.0	145	17578	92	-145.0	145	17578
93	-140.0	140	17718	93	-140.0	140	17718	93	-140.0	140	17718	93	-140.0	140	17718	93	-140.0	140	17718	93	-140.0	140	17718	93	-140.0	140	17718	93	-140.0	140	17718	93	-140.0	140	17718	93	-140.0	140	17718	93	-140.0	140	17718	93	-140.0	140	17718
94	-139.0	139	17857	94	-139.0	139	17857	94	-139.0	139	17857	94	-139.0	139	17857	94	-139.0	139	17857	94	-139.0	139	17857	94	-139.0	139	17857	94	-139.0	139	17857	94	-139.0	139	17857	94	-139.0	139	17857	94	-139.0	139	17857	94	-139.0	139	17857
95	-140.0	140	17997	95	-140.0	140	17997	95	-140.0	140	17997	95	-140.0	140	17997	95	-140.0	140	17997	95	-140.0	140	17997	95	-140.0	140	17997	95	-140.0	140	17997	95	-140.0	140	17997	95	-140.0	140	17997	95	-140.0	140	17997	95	-140.0	140	17997
96	-137.0	137	18134	96	-137.0	137	18134	96	-137.0	137	18134	96	-137.0	137	18134	96	-137.0	137	18134	96	-137.0	137	18134	96	-137.0	137	18134	96	-137.0	137	18134	96	-137.0	137	18134	96	-137.0	137	18134	96	-137.0	137	18134	96	-137.0	137	18134
97	-133.0	133	18267	97	-133.0	133	18267	97	-133.0	133	18267	97	-133.0	133	18267	97	-133.0	133	18267	97	-133.0	133	18267	97	-133.0	133	18267	97	-133.0	133	18267	97	-133.0	133	18267	97	-133.0	133	18267	97	-133.0	133	18267	97	-133.0	133	18267
98	-135.0	135	18402	98	-135.0	135	18402	98	-135.0	135	18402	98	-135.0	135	18402	98	-135.0	135	18402	98	-135.0	135	18402	98	-135.0	135	18402	98	-135.0	135	18402	98	-135.0	135	18402	98	-135.0	135	18402	98	-135.0	135	18402	98	-135.0	135	18402
99	-135.0	135	18537	99	-135.0	135	18537	99	-135.0	135	18537	99	-135.0	135	18537	99	-135.0	135	18537	99	-135.0	135	18537	99	-135.0	135	18537	99	-135.0	135	18537	99	-135.0	135	18537	99	-135.0	135	18537	99	-135.0	135	18537	99	-135.0	135	18537
100	-135.0	135	18672	100	-135.0	135	18672	100	-135.0	135	18672	100	-135.0	135	18672	100	-135.0	135	18672	100	-135.0	135	18672	100	-135.0	135	18672	100	-135.0	135	18672	100	-135.0	135	18672	100	-135.0	135	18672	100	-135.0	135	18672	100	-135.0	135	18672
101	-169.0	169	18841	101	-169.0	169	18841	101	-169.0	169	18841	101	-169.0	169	18841	101	-169.0	169	18841	101	-169.0	169	18841	101	-169.0	169	18841	101	-169.0	169	18841	101	-169.0	169	18841	101	-169.0	169	18841	101	-169.0	169	18841	101	-169.0	169	18841
102	-160.0	160	19001	102	-160.0	160	19001	102	-160.0	160	19001	102	-160.0	160	19001	102	-160.0	160	19001	102	-160.0	160	19001	102	-160.0	160	19001	102	-160.0	160	19001	102	-160.0	160	19001	102	-160.0	160	19001	102	-160.0	160	19001	102	-160.0	160	19001
103	-136.0	136	19137	103	-136.0	136	19137	103	-136.0	136	19137	103	-136.0	136	19137	103	-136.0	136	19137	103	-136.0	136	19137	103	-136.0	136	19137	103	-136.0	136	19137	103	-136.0	136	19137	103	-136.0	136	19137	103	-136.0	136	19137	103	-136.0	136	19137
104	-139.0	139	19276	104	-139.0	139	19276	104	-139.0	139	19276	104	-139.0	139	19276	104	-139.0	139	19276	104	-139.0	139	19276	104	-139.0	139	19276	104	-139.0	139	19276	104	-139.0	139	19276	104	-139.0	139	19276	104	-139.0	139	19276	104	-139.0	139	19276
105	-145.0	145	19421	105	-145.0	145	19421	105	-145.0	145	19421	105	-145.0	145	19421	105	-145.0	145	19421	105	-145.0	145	19421	105	-145.0	145	19421	105	-145.0	145	19421	105	-145.0	145	19421	105	-145.0	145	19421	105	-145.0	145	19421	105	-145.0	145	19421
106	-141.0	141	19562	106	-141.0	141	19562	106	-141.0	141	19562	106	-141.0	141	19562	106	-141.0	141	19562	106	-141.0	141	19562	106	-141.0	141	19562	106	-141.0	141	19562	106	-141.0	141	19562	106	-141.0	141	19562	106	-141.0	141	19562	106	-141.0	141	19562
107	-144.0	144	19706	107	-144.0	144	19706	107	-144.0	144	19706	107	-144.0	144	19706	107	-144.0	144	19706	107	-144.0	144	19706	107	-144.0	144	19706	107	-144.0	144	19706	107	-144.0	144	19706	107	-144.0	144	19706	107	-144.0	144	19706	107	-144.0	144	19706
108	-145.0	145	19851	108	-145.0	145	19851	108	-145.0	145	19851	108	-145.0	145	19851	108	-145.0	145	19851	108	-145.0	145	19851	108	-145.0	145	19851	108	-145.0	145	19851	108	-145.0	145	19851	108	-145.0	145	19851	108	-145.0	145	19851	108	-145.0	145	19851
109	-139.0	139	19990	109	-139.0	139	19990	109	-139.0	139	19990	109	-139.0	139	19990	109	-139.0	139	19990	109	-139.0	139	19990	109	-139.0	139	19990	109	-139.0	139	19990	109	-139.0	139	19990	109	-139.0	139	19990	109	-139.0	139	19990	109	-139.0	139	19990
110	-141.0	141	20131	110	-141.0	141	20131	110	-141.0	141	20131	110	-141.0	141	20131	110	-141.0	141	20131	110	-141.0	141	20131	110	-141.0	141	20131	110	-141.0	141	20131	110	-141.0	141	20131	110	-141.0	141	20131	110	-141.0	141	20131	110	-141.0	141	20131
111	-144.0	144	20275	111	-144.0	144	20275	111	-144.0	144	20275	111	-144.0	144	20275	111	-144.0	144	20275	111	-144.0	144	20275	111	-144.0	144	20275	111	-144.0	144	20275	111	-144.0	144	20275	111	-144.0	144	20275	111	-144.0	144	20275	111	-144.0	144	20275
112	-145.0	145	20420	112	-145.0	145	20420	112	-145.0	145	20420	112	-145.0	145	20420	112	-145.0	145	20420	112	-145.0	145	20420	112	-145.0	145	20420	112	-145.0	145	20420	112	-145.0	145	20420	112	-145.0	145	20420	112	-145.0	145	20420	112	-145.0	145	20420
113	-138.0	138	20558	113	-138.0	138	20558	113	-138.0	138	20558	113	-138.0	138	20558	113	-138.0	138	20558	113	-138.0	138	20558	113	-138.0	138	20558	113	-138.0	138	20558	113	-138.0	138	20558	113	-138.0	138	20558	113	-138.0	138	20558	113	-138.0	138	20558
114	-132.0	132	20690	114	-132.0	132	20690	114	-132.0	132	20690	114	-132.0	132	20690	114	-132.0	132	20690	114	-132.0	132	20690	114	-132.0	132	20690	114	-132.0	132	20690	114	-132.0	132	20690	114	-132.0	132	20690	114	-132.0	132	20690	114	-132.0	132	20690
115	-141.0	141	20831	115	-141.0	141	20831	115	-141.0	141	20831	115	-141.0	141	20831	115	-141.0	141	20831	115	-141.0	141	20831	115	-141.0	141	20831	115	-141.0	141	20831	115	-141.0	141	20831	115	-141.0	141	20831	115	-141.0	141	20831	115	-141.0	141	20831
116	-142.0	142	20973	116	-142.0	142	20973	116	-142.0	142	20973	116	-142.0	142	20973	116	-142.0	142	20973	116	-142.0	142	20973	116	-142.0	142	20973	116	-142.0	142	20973	116	-142.0	142	20973	116	-142.0	142	20973	116	-142.0	142	20973	116	-142.0	142	20973
117	-144.0	144	21117	117	-144.0	144	21117	117	-144.0	144	21117	117	-144.0	144	21117	117	-144.0	144	21117	117	-144.0	144	21117	117	-144.0	144	21117	117	-144.0	144	21117	117	-144.0	144	21117	117	-144.0	144	21117	117	-144.0	144	21117	117	-144.0	144	21117
118	-132.0	132	21249	118	-132.0	132	21249	118	-132.0	132	21249	118	-132.0	132	21249	118	-132.0	132	21249	118	-132.0	132	21249	118	-132.0	132	21249	118	-132.0	132	21249	118	-132.0	132	21249	118	-132.0	132	21249	118	-132.0	132	21249	118	-132.0	132	21249
119	-146.0	146	21395	119	-146.0	146	21395	119	-146.0	146	21395	119	-146.0	146	21395	119	-146.0	146	21395	119	-146.0	146	21395	119	-146.0	146	21395	119	-146.0	146	21395	119	-146.0	146	21395	119	-146.0	146	21395	119	-146.0	146	21395	119	-146.0	146	21395
120	-111.0	111	21506	120	-111.0	111	21506	120	-111.0	111	21506	120	-111.0	111	21506	120	-111.0	111	21506	120	-111.0	111	21506	120	-111.0	111	21506	120	-111.0	111	21506	120	-111.0	111	21506	120	-111.0	111	21506	120	-111.0	111	21506	120	-111.0	111	21506
121	-167.0	167	21673	121	-167.0	167	21673	121	-167.0	167	21673	121	-167.0	167	21673	121	-167.0	167	21673	121	-167.0	167	21673	121	-167.0	167	21673	121	-167.0	167	21673	121	-167.0	167	21673	121	-167.0	167	21673	121	-167.0	167	21673	121	-167.0	167	21673
122	-140.0	140	21813	122	-140.0	140	21813	122	-140.0	140	21813	122	-140.0	140	21813	122	-140.0	140	21813	122	-140.0	140	21813	122	-140.0	140	21813	122	-140.0	140	21813	122	-140.0	140	21813	122	-140.0	140	21813	122	-140.0	140	21813	122	-140.0	140	21813
123	-135.0	135	21948	123	-135.0	135	21948	123	-135.0	135	21948	123	-135.0	135	21948	123	-135.0	135	21948	123	-135.0	135	21948	123	-135.0	135	21948	123	-135.0	135	21948	123	-135.0	135	21948	123	-135.0	135	21948	123	-135.0	135	21948	123	-135.0	135	21948
124	-143.0	143	22091	124	-143.0	143	22091	124	-143.0	143	22091	124	-143.0	143	22091	124	-143.0	143	22091	124	-143.0	143	22091	124	-143.0	143	22091	124	-143.0	143	22091	124	-143.0	143	22091	124	-143.0	143	22091	124	-143.0	143	22091	124	-143.0	143	22091
125	-134.0	134	22225	125	-134.0	134	22225	125	-134.0	134	22225	125	-134.0	134	22225	125	-134.0	134	22225	125	-134.0	134	22225	125	-134.0	134	22225	125	-134.0	134	22225	125	-134.0	134	22225	125	-134.0	134	22225	125	-134.0	134	22225	125	-134.0	134	22225
126	-139.0	139	22364	126	-139.0	139	22364	126	-139.0	139	22364	126	-139.0	139	22364	126	-139.0	139	22364	126	-139.0	139	22364	126	-139.0	139	22364	126	-139.0	139	22364	126	-139.0	139	22364	126	-139.0	139	22364	126	-139.0	139	22364	126	-139.0	139	22364
127	-107.0	107	22471	127	-107.0	107	22471	127	-107.0	107	22471	127	-107.0	107	22471	127	-107.0	107	22471	127	-107.0	107	22471	127	-107.0	107	22471	127	-107.0	107	22471	127	-107.0	107	22471	127	-107.0	107	22471	127	-107.0	107	22471	127	-107.0	107	22471
128	-150.0	150	22621	128	-150.0	150	22621	128	-150.0	150	22621	128	-150.0	150	22621	128	-150.0	150	22621	128	-150.0	150	22621	128	-150.0	150	22621	128	-150.0	150	22621	128	-150.0	150	22621	128	-150.0	150	22621	128	-150.0	150	22621	128	-150.0	150	22621
129	-140.0	140	22761	129	-140.0	140	22761	129	-140.0	140	22761	129	-140.0	140	22761	129	-140.0	140	22761	129	-140.0	140	22761	129	-140.0	140	22761	129	-140.0	140	22761	129	-140.0	140	22761	129	-140.0	140	22761	129	-140.0	140	22761	129	-140.0	140	22761
130	-119.0	119	22880	130	-119.0	119	22880	130	-119.0	119	22880	130	-119.0	119	22880	130	-119.0	119	22880	130	-119.0	119	22880	130	-119.0	119	22880	130	-119.0	119	22880	130	-119.0	119	22880	130	-119.0	119	22880	130	-119.0	119	22880	130	-119.0	119	22880
131	-107.0	107	22987	131	-107.0	107	22987	131	-107.0	107	22987	131	-107.0	107	22987	131	-107.0	107	22987	131	-107.0	107	22987	131	-107.0	107	22987	131	-107.0	107	22987	131	-107.0	107	22987	131	-107.0	107	22987	131	-107.0	107	22987	131	-107.0	107	22987
132	-146.0	146	23133	132	-146.0	146	23133	132	-146.0	146	23133	132	-146.0	146	23133	132	-146.0	146	23133	132	-146.0	146	23133	132	-146.0	146	23133	132	-146.0	146	23133	132	-146.0	146	23133	132	-146.0	146	23133	132	-146.0	146	23133	132	-146.0	146	23133
133	-110.0	110	23243	133	-110.0	110	23243	133	-110.0	110	23243	133	-110.0	110	23243	133	-110.0	110	23243	133	-110.0	110	23243	133	-110.0	110	23243	133	-110.0	110	23243	133	-110.0	110	23243	133	-110.0	110	23243	133	-110.0	110	23243	133	-110.0	110	23243
134	-109.0	109	23352	134	-109.0	109	23352	134	-109.0	109	23352	134	-109.0	109	23352	134	-109.0	109	23352	134	-109.0	109	23352	134	-109.0	109	23352	134	-109.0	109	23352	134	-109.0	109	23352	134	-109.0	109	23352	134	-109.0	109	23352	134	-109.0	109	23352
135	-117.0	117	23469	135	-117.0	117	23469	135	-117.0	117	23469	135	-117.0	117	23469	135	-117.0	117	23469	135	-117.0	117	23469	135	-117.0	117	23469	135	-117.0	117	23469	135	-117.0	117	23469	135	-117.0	117	23469	135	-117.0	117	23469	135	-117.0	117	23469
136	-109.0	109	23578	136	-109.0	109	23578	136	-109.0	109	23578	136	-109.0	109	23578	136	-109.0	109	23578	136	-109.0	109	23578	136	-109.0	109	23578	136	-109.0	109	23578	136	-109.0	109	23578	136	-109.0	109	23578	136	-109.0	109	23578	136	-109.0	109	23578
137	-166.0	166	23744	137	-166.0	166	23744	137	-166.0	166	23744	137	-166.0	166	23744	137	-166.0	166	23744	137	-166.0	166	23744	137	-166.0	166	23744	137	-166.0	166	23744	137	-166.0	166	23744	137	-166.0	166	23744	137	-166.0	166	23744	137	-166.0	166	23744
138	-108.0	108	23852	138	-108.0	108	23852	138	-108.0	108	23852	138	-108.0	108	23852	138	-108.0	108	23852	138	-108.0	108	23852	138	-108.0	108	23852	138	-108.0	108	23852	138	-108.0	108	23852	138	-108.0	108	23852	138	-108.0	108	23852	138	-108.0	108	23852
139	-151.0	151	24003	139	-151.0	151	24003	139	-151.0	151	24003	139	-151.0	151	24003	139	-151.0	151	24003	139	-151.0	151	24003	139	-151.0	151	24003	139	-151.0	151	24003	139	-151.0	151	24003	139	-151.0	151	24003	139	-151.0	151	24003	139	-151.0	151	24003
140	-106.0	106	24109	140	-106.0	106	24109	140	-106.0	106	24109	140	-106.0	106	24109	140	-106.0	106	24109	140	-106.0	106	24109	140	-106.0	106	24109	140	-106.0	106	24109	140	-106.0	106	24109	140	-106.0	106	24109	140	-106.0	106	24109	140	-106.0	106	24109
141	-150.0	150	24259	141	-150.0	150	24259	141	-150.0	150	24259	141	-150.0	150	24259	141	-150.0	150	24259	141	-150.0	150	24259	141	-150.0	150	24259	141	-150.0	150	24259	141	-150.0	150	24259	141	-150.0	150	24259	141	-150.0	150	24259	141	-150.0	150	24259
142	-148.0	148	24407	142	-148.0	148	24407	142	-148.0	148	24407	142	-148.0	148	24407	142	-148.0	148	24407	142	-148.0	148	24407	142	-148.0	148	24407	142	-148.0	148	24407	142	-148.0	148	24407	142	-148.0	148	24407	142	-148.0	148	24407	142	-148.0	148	24407
143	-142.0	142	24549	143	-142.0	142	24549	143	-142.0	142	24549	143	-142.0	142	24549	143	-142.0	142	24549	143	-142.0	142	24549	143	-142.0	142	24549	143	-142.0	142	24549	143	-142.0	142	24549	143	-142.0	142	24549	143	-142.0	142	24549	143	-142.0	142	24549
144	-143.0	143	24692	144	-143.0	143	24692	144	-143.0	143	24692	144	-143.0	143	24692	144	-143.0	143	24692	144	-143.0	143	24692	144	-143.0	143	24692	144	-143.0	143	24692	144	-143.0	143	24692	144	-143.0	143	24692	144	-143.0	143	24692	144	-143.0	143	24692
145	-109.0	109	24801	145	-109.0	109	24801	145	-109.0	109	24801	145	-109.0	109	24801	145	-109.0	109	24801	145	-109.0	109	24801	145	-109.0	109	24801	145	-109.0	109	24801	145	-109.0	109	24801	145	-109.0	109	24801	145	-109.0	109	24801	145	-109.0	109	24801
146	-104.0	104	24905	146	-104.0	104	24905	146	-104.0	104	24905	146	-104.0	104	24905	146	-104.0	104	24905	146	-104.0	104	24905	146	-104.0	104	24905	146	-104.0	104	24905	146	-104.0	104	24905	146	-104.0	104	24905	146	-104.0	104	24905	146	-104.0	104	24905
147	-108.0	108	25013	147	-108.0	108	25013	147	-108.0	108	25013	147	-108.0	108	25013	147	-108.0	108	25013	147	-108.0	108	25013	147	-108.0	108	25013	147	-108.0	108	25013	147	-108.0	108	25013	147	-108.0	108	25013	147	-108.0	108	25013	147	-108.0	108	25013
148	-105.0	105	25118	148	-105.0	105	25118	148	-105.0	105	25118	148	-105.0	105	25118	148	-105.0	105	25118	148	-105.0	105	25118	148	-105.0	105	25118	148	-105.0	105	25118	148	-105.0	105	25118	148	-105.0	105	25118	148	-105.0	105	25118	148	-105.0	105	25118
149	-122.0	122	25240	149	-122.0	122	25240	149	-122.0	122	25240	149	-122.0	122	25240	149	-122.0	122	25240	149	-122.0	122	25240	149	-122.0	122	25240	149	-122.0	122	25240	149	-122.0	122	25240	149	-122.0	122	25240	149	-122.0	122	25240	149	-122.0	122	25240
150	-111.0	111	25351	150	-111.0	111	25351	150	-111.0	111	25351	150	-111.0	111	25351	150	-111.0	111	25351	150	-111.0	111	25351	150	-111.0	111	25351	150	-111.0	111	25351	150	-111.0	111	25351	150	-111.0	111	25351	150	-111.0	111	25351	150	-111.0	111	25351
151	-105.0	105	25456	151	-105.0	105	25456	151	-105.0	105	25456	151	-105.0	105	25456	151	-105.0	105	25456	151	-105.0	105	25456	151	-105.0	105	25456	151	-105.0	105	25456	151	-105.0	105	25456	151	-105.0	105	25456	151	-105.0	105	25456	151	-105.0	105	25456
152	-107.0	107	25563	152	-107.0	107	25563	152	-107.0	107	25563	152	-107.0	107	25563	152	-107.0	107	25563	152	-107.0	107	25563	152	-107.0	107	25563	152	-107.0	107	25563	152	-107.0	107	25563	152	-107.0	107	25563	152	-107.0	107	25563	152	-107.0	107	25563
153	-106.0	106	25669	153	-106.0	106	25669	153	-106.0	106	25669	153	-106.0	106	25669	153	-106.0	106	25669	153	-106.0	106	25669	153	-106.0	106	25669	153	-106.0	106	25669	153	-106.0	106	25669	153	-106.0	106	25669	153	-106.0	106	25669	153	-106.0	106	25669
154	-148.0	148	25817	154	-148.0	148	25817	154	-148.0	148	25817	154	-148.0	148	25817	154	-148.0	148	25817	154	-148.0	148	25817	154	-148.0	148	25817	154	-148.0	148	25817	154	-148.0	148	25817	154	-148.0	148	25817	154	-148.0	148	25817	154	-148.0	148	25817
155	-147.0	147	25964	155	-147.0	147	25964	155	-147.0	147	25964	155	-147.0	147	25964	155	-147.0	147	25964	155	-147.0	147	25964	155	-147.0	147	25964	155	-147.0	147	25964	155	-147.0	147	25964	155	-147.0	147	25964	155	-147.0	147	25964	155	-147.0	147	25964
156	-105.0	105	26069	156	-105.0	105	26069	156	-105.0	105	26069	156	-105.0	105	26069	156	-105.0	105	26069	156	-105.0	105	26069	156	-105.0	105	26069	156	-105.0	105	26069	156	-105.0	105	26069	156	-105.0	105	26069	156	-105.0	105	26069	156	-105.0	105	26069
157	-144.0	144	26213	157	-144.0	144	26213	157	-144.0	144	26213	157	-144.0	144	26213	157	-144.0	144	26213	157	-144.0	144	26213	157	-144.0	144	26213	157	-144.0	144	26213	157	-144.0	144	26213	157	-144.0	144	26213	157	-144.0	144	26213	157	-144.0	144	26213
158	-109.0	109	26322	158	-109.0	109	26322	158	-109.0	109	26322	158	-109.0	109	26322	158	-109.0	109	26322	158	-109.0	109	26322	158	-109.0	109	26322	158	-109.0	109	26322	158	-109.0	109	26322	158	-109.0	109	26322	158	-109.0	109	26322	158	-109.0	109	26322
159	-111.0	111	26433	159	-111.0	111	26433	159	-111.0	111	26433	159	-111.0	111	26433	159	-111.0	111	26433	159	-111.0	111	26433	159	-111.0	111	26433	159	-111.0	111	26433	159	-111.0	111	26433	159	-111.0	111	26433	159	-111.0	111	26433	159	-111.0	111	26433
160	-115.0	115	26548	160	-115.0	115	26548	160	-115.0	115	26548	160	-115.0	115	26548	160	-115.0	115	26548	160	-115.0	115	26548	160	-115.0	115	26548	160	-115.0	115	26548	160	-115.0	115	26548	160	-115.0	115	26548	160	-115.0	115	26548	160	-115.0	115	26548
161	-111.0	111	26659	161	-111.0	111	26659	161	-111.0	111	26659	161	-111.0	111	26659	161	-111.0	111	26659	161	-111.0	111	26659	161	-111.0	111	26659	161	-111.0	111	26659	161	-111.0	111	26659	161	-111.0	111	26659	161	-111.0	111	26659	161	-111.0	111	26659
162	-114.0	114	26773	162	-114.0	114	26773	162	-114.0	114	26773	162	-114.0	114	26773	162	-114.0	114	26773	162	-114.0	114	26773	162	-114.0	114	26773	162	-114.0	114	26773	162	-114.0	114	26773	162	-114.0	114	26773	162	-114.0	114	26773	162	-114.0	114	26773
163	-147.0	147	26920	163	-147.0	147	26920	163	-147.0	147	26920	163	-147.0	147	26920	163	-147.0	147	26920	163	-147.0	147	26920	163	-147.0	147	26920	163	-147.0	147	26920	163	-147.0	147	26920	163	-147.0	147	26920	163	-147.0	147	26920	163	-147.0	147	26920
164	-149.0	149	27069	164	-149.0	149	27069	164	-149.0	149	27069	164	-149.0	149	27069	164	-149.0	149	27069	164	-149.0	149	27069	164	-149.0	149	27069	164	-149.0	149	27069	164	-149.0	149	27069	164	-149.0	149	27069	164	-149.0	149	27069	164	-149.0	149	27069
165	-149.0	149	27218	165	-149.0	149	27218	165	-149.0	149	27218	165	-149.0	149	27218	165	-149.0	149	27218	165	-149.0	149	27218	165	-149.0	149	27218	165	-149.0	149	27218	165	-149.0	149	27218	165	-149.0	149	27218	165	-149.0	149	27218	165	-149.0	149	27218
166	-114.0	114	27332	166	-114.0	114	27332	166	-114.0	114	27332	166	-114.0	114	27332	166	-114.0	114	27332	166	-114.0	114	27332	166	-114.0	114	27332	166	-114.0	114	27332	166	-114.0	114	27332	166	-114.0	114	27332	166	-114.0	114	27332	166	-114.0	114	27332
167	-110.0	110	27442	167	-110.0	110	27442	167	-110.0	110	27442	167	-110.0	110	27442	167	-110.0	110	27442	167	-110.0	110	27442	167	-110.0	110	27442	167	-110.0	110	27442	167	-110.0	110	27442	167	-110.0	110	27442	167	-110.0	110	27442	167	-110.0	110	27442
168	-145.0	145	27587	168	-145.0	145	27587	168	-145.0	145	27587	168	-145.0	145	27587	168	-145.0	145	27587	168	-145.0	145	27587	168	-145.0	145	27587	168	-145.0	145	27587	168	-145.0	145	27587	168	-145.0	145	27587	168	-145.0	145	27587	168	-145.0	145	27587
169	-133.0	133	27720	169	-133.0	133	27720	169	-133.0	133	27720	169	-133.0	133	27720	169	-133.0	133	27720	169	-133.0	133	27720	169	-133.0	133	27720	169	-133.0	133	27720	169	-133.0	133	27720	169	-133.0	133	27720	169	-133.0	133	27720	169	-133.0	133	27720
170	-190.0	190	27910	170	-190.0	190	27910	170	-190.0	190	27910	170	-190.0	190	27910	170	-190.0	190	27910	170	-190.0	190	27910	170	-190.0	190	27910	170	-190.0	190	27910	170	-190.0	190	27910	170	-190.0	190	27910	170	-190.0	190	27910	170	-190.0	190	27910
171	-144.0	144	28054	171	-144.0	144	28054	171	-144.0	144	28054	171	-144.0	144	28054	171	-144.0	144	28054	171	-144.0	144	28054	171	-144.0	144	28054	171	-144.0	144	28054	171	-144.0	144	28054	171	-144.0	144	28054	171	-144.0	144	28054	171	-144.0	144	28054
172	-130.0	130	28184	172	-130.0	130	28184	172	-130.0	130	28184	172	-130.0	130	28184	172	-130.0	130	28184	172	-130.0	130	28184	172	-130.0	130	28184	172	-130.0	130	28184	172	-130.0	130	28184	172	-130.0	130	28184	172	-130.0	130	28184	172	-130.0	130	28184
173	-140.0	140	28324	173	-140.0	140	28324	173	-140.0	140	28324	173	-140.0	140	28324	173	-140.0	140	28324	173	-140.0	140	28324	173	-140.0	140	28324	173	-140.0	140	28324	173	-140.0	140	28324	173	-140.0	140	28324	173	-140.0	140	28324	173	-140.0	140	28324
174	-146.0	146	28470	174	-146.0	146	28470	174	-146.0	146	28470	174	-146.0	146	28470	174	-146.0	146	28470	174	-146.0	146	28470	174	-146.0	146	28470	174	-146.0	146	28470	174	-146.0	146	28470	174	-146.0	146	28470	174	-146.0	146	28470	174	-146.0	146	28470
175	-145.0	145	28615	175	-145.0	145	28615	175	-145.0	145	28615	175	-145.0	145	28615	175	-145.0	145	28615	175	-145.0	145	28615	175	-145.0	145	28615	175	-145.0	145	28615	175	-145.0	145	28615	175	-145.0	145	28615	175	-145.0	145	28615	175	-145.0	145	28615
176	-109.0	109	28724	176	-109.0	109	28724	176	-109.0	109	28724	176	-109.0	109	28724	176	-109.0	109	28724	176	-109.0	109	28724	176	-109.0	109	28724	176	-109.0	109	28724	176	-109.0	109	28724	176	-109.0	109	28724	176	-109.0	109	28724	176	-109.0	109	28724
177	-127.0	127	28851	177	-127.0	127	28851	177	-127.0	127	28851	177	-127.0	127	28851	177	-127.0	127	28851	177	-127.0	127	28851	177	-127.0	127	28851	177	-127.0	127	28851	177	-127.0	127	28851	177	-127.0	127	28851	177	-127.0	127	28851	177	-127.0	127	28851
178	-134.0	134	28985	178	-134.0	134	28985	178	-134.0	134	28985	178	-134.0	134	28985	178	-134.0	134	28985	178	-134.0	134	28985	178	-134.0	134	28985	178	-134.0	134	28985	178	-134.0	134	28985	178	-134.0	134	28985	178	-134.0	134	28985	178	-134.0	134	28985
179	-145.0	145	29130	179	-145.0	145	29130	179	-145.0	145	29130	179	-145.0	145	29130	179	-145.0	145	29130	179	-145.0	145	29130	179	-145.0	145	29130	179	-145.0	145	29130	179	-145.0	145	29130	179	-145.0	145	29130	179	-145.0	145	29130	179	-145.0	145	29130
180	-144.0	144	29274	180	-144.0	144	29274	180	-144.0	144	29274	180	-144.0	144	29274	180	-144.0	144	29274	180	-144.0	144	29274	180	-144.0	144	29274	180	-144.0	144	29274	180	-144.0	144	29274	180	-144.0	144	29274	180	-144.0	144	29274	180	-144.0	144	29274
181	-140.0	140	29414	181	-140.0	140	29414	181	-140.0	140	29414	181	-140.0	140	29414	181	-140.0	140	29414	181	-140.0	140	29414	181	-140.0	140	29414	181	-140.0	140	29414	181	-140.0	140	29414	181	-140.0	140	29414	181	-140.0	140	29414	181	-140.0	140	29414
182	-141.0	141	29555	182	-141.0	141	29555	182	-141.0	141	29555	182	-141.0	141	29555	182	-141.0	141	29555	182	-141.0	141	29555	182	-141.0	141	29555	182	-141.0	141	29555	182	-141.0	141	29555	182	-141.0	141	29555	182	-141.0	141	29555	182	-141.0	141	29555
183	-136.0	136	29691	183	-136.0	136	29691	183	-136.0	136	29691	183	-136.0	136	29691	183	-136.0	136	29691	183	-136.0	136	29691	183	-136.0	136	29691	183	-136.0	136	29691	183	-136.0	136	29691	183	-136.0	136	29691	183	-136.0	136	29691	183	-136.0	136	29691
184	-137.0	137	29828	184	-137.0	137	29828	184	-137.0	137	29828	184	-137.0	137	29828	184	-137.0	137	29828	184	-137.0	137	29828	184	-137.0	137	29828	184	-137.0	137	29828	184	-137.0	137	29828	184	-137.0	137	29828	184	-137.0	137	29828	184	-137.0	137	29828
185	-116.0	116	29944	185	-116.0	116	29944	185	-116.0	116	29944	185	-116.0	116	29944	185	-116.0	116	29944	185	-116.0	116	29944	185	-116.0	116	29944	185	-116.0	116	29944	185	-116.0	116	29944	185	-116.0	116	29944	185	-116.0	116	29944	185	-116.0	116	29944
186	-131.0	131	30075	186	-131.0	131	30075	186	-131.0	131	30075	186	-131.0	131	30075	186	-131.0	131	30075	186	-131.0	131	30075	186	-131.0	131	30075	186	-131.0	131	30075	186	-131.0	131	30075	186	-131.0	131	30075	186	-131.0	131	30075	186	-131.0	131	30075
187	-157.0	157	30232	187	-157.0	157	30232	187	-157.0	157	30232	187	-157.0	157	30232	187	-157.0	157	30232	187	-157.0	157	30232	187	-157.0	157	30232	187	-157.0	157	30232	187	-157.0	157	30232	187	-157.0	157	30232	187	-157.0	157	30232	187	-157.0	157	30232
188	-138.0	138	30370	188	-138.0	138	30370	188	-138.0	138	30370	188	-138.0	138	30370	188	-138.0	138	30370	188	-138.0	138	30370	188	-138.0	138	30370	188	-138.0	138	30370	188	-138.0	138	30370	188	-138.0	138	30370	188	-138.0	138	30370	188	-138.0	138	30370
189	-139.0	139	30509	189	-139.0	139	30509	189	-139.0	139	30509	189	-139.0	139	30509	189	-139.0	139	30509	189	-139.0	139	30509	189	-139.0	139	30509	189	-139.0	139	30509	189	-139.0	139	30509	189	-139.0	139	30509	189	-139.0	139	30509	189	-139.0	139	30509
190	-175.0	175	30684	190	-175.0	175	30684	190	-175.0	175	30684	190	-175.0	175	30684	190	-175.0	175	30684	190	-175.0	175	30684	190	-175.0	175	30684	190	-175.0	175	30684	190	-175.0	175	30684	190	-175.0	175	30684	190	-175.0	175	30684	190	-175.0	175	30684
191	-136.0	136	30820	191	-136.0	136	30820	191	-136.0	136	30820	191	-136.0	136	30820	191	-136.0	136	30820	191	-136.0	136	30820	191	-136.0	136	30820	191	-136.0	136	30820	191	-136.0	136	30820	191	-136.0	136	30820	191	-136.0	136	30820	191	-136.0	136	30820
192	-142.0	142	30962	192	-142.0	142	30962	192	-142.0	142	30962	192	-142.0	142	30962	192	-142.0	142	30962	192	-142.0	142	30962	192	-142.0	142	30962	192	-142.0	142	30962	192	-142.0	142	30962	192	-142.0	142	30962	192	-142.0	142	30962	192	-142.0	142	30962
193	-135.0	135	31097	193	-135.0	135	31097	193	-135.0	135	31097	193	-135.0	135	31097	193	-135.0	135	31097	193	-135.0	135	31097	193	-135.0	135	31097	193	-135.0	135	31097	193	-135.0	135	31097	193	-135.0	135	31097	193	-135.0	135	31097	193	-135.0	135	31097
194	-139.0	139	31236	194	-139.0	139	31236	194	-139.0	139	31236	194	-139.0	139	31236	194	-139.0	139	31236	194	-139.0	139	31236	194	-139.0	139	31236	194	-139.0	139	31236	194	-139.0	139	31236	194	-139.0	139	31236	194	-139.0	139	31236	194	-139.0	139	31236
195	-105.0	105	31341	195	-105.0	105	31341	195	-105.0	105	31341	195	-105.0	105	31341	195	-105.0	105	31341	195	-105.0	105	31341	195	-105.0	105	31341	195	-105.0	105	31341	195	-105.0	105	31341	195	-105.0	105	31341	195	-105.0	105	31341	195	-105.0	105	31341
196	-104.0	104	31445	196	-104.0	104	31445	196	-104.0	104	31445	196	-104.0	104	31445	196	-104.0	104	31445	196	-104.0	104	31445	196	-104.0	104	31445	196	-104.0	104	31445	196	-104.0	104	31445	196	-104.0	104	31445	196	-104.0	104	31445	196	-104.0	104	31445
197	-105.0	105	31550	197	-105.0	105	31550	197	-105.0	105	31550	197	-105.0	105	31550	197	-105.0	105	31550	197	-105.0	105	31550	197	-105.0	105	31550	197	-105.0	105	31550	197	-105.0	105	31550	197	-105.0	105	31550	197	-105.0	105	31550	197	-105.0	105	31550
198	-84.0	84	31634	198	-84.0	84	31634	198	-84.0	84	31634	198	-84.0	84	31634	198	-84.0	84	31634	198	-84.0	84	31634	198	-84.0	84	31634	198	-84.0	84	31634	198	-84.0	84	31634	198	-84.0	84	31634	198	-84.0	84	31634	198	-84.0	84	31634
199	-104.0	104	31738	199	-104.0	104	31738	199	-104.0	104	31738	199	-104.0	104	31738	199	-104.0	104	31738	199	-104.0	104	31738	199	-104.0	104	31738	199	-104.0	104	31738	199	-104.0	104	31738	199	-104.0	104	31738	199	-104.0	104	31738	199	-104.0	104	31738
200	-96.0	96	31834	200	-96.0	96	31834	200	-96.0	96	31834	200	-96.0	96	31834	200	-96.0	96	31834	200	-96.0	96	31834	200	-96.0	96	31834	200	-96.0	96	31834	200	-96.0	96	31834	200	-96.0	96	31834	200	-96.0	96	31834	200	-96.0	96	31834
201	-149.0	149	31983	201	-149.0	149	31983	201	-149.0	149	31983	201	-149.0	149	31983	201	-149.0	149	31983	201	-149.0	149	31983	201	-149.0	149	31983	201	-149.0	149	31983	201	-149.0	149	31983	201	-149.0	149	31983	201	-149.0	149	31983	201	-149.0	149	31983
202	-143.0	143	32126	202	-143.0	143	32126	202	-143.0	143	32126	202	-143.0	143	32126	202	-143.0	143	32126	202	-143.0	143	32126	202	-143.0	143	32126	202	-143.0	143	32126	202	-143.0	143	32126	202	-143.0	143	32126	202	-143.0	143	32126	202	-143.0	143	32126
203	-137.0	137	32263	203	-137.0	137	32263	203	-137.0	137	32263	203	-137.0	137	32263	203	-137.0	137	32263	203	-137.0	137	32263	203	-137.0	137	32263	203	-137.0	137	32263	203	-137.0	137	32263	203	-137.0	137	32263	203	-137.0	137	32263	203	-137.0	137	32263
204	-138.0	138	32401	204	-138.0	138	32401	204	-138.0	138	32401	204	-138.0	138	32401	204	-138.0	138	32401	204	-138.0	138	32401	204	-138.0	138	32401	204	-138.0	138	32401	204	-138.0	138	32401	204	-138.0	138	32401	204	-138.0	138	32401	204	-138.0	138	32401
205	-135.0	135	32536	205	-135.0	135	32536	205	-135.0	135	32536	205	-135.0	135	32536	205	-135.0	135	32536	205	-135.0	135	32536	205	-135.0	135	32536	205	-135.0	135	32536	205	-135.0	135	32536	205	-135.0	135	32536	205	-135.0	135	32536	205	-135.0	135	32536
206	-163.0	163	32699	206	-163.0	163	32699	206	-163.0	163	32699	206	-163.0	163	32699	206	-163.0	163	32699	206	-163.0	163	32699	206	-163.0	163	32699	206	-163.0	163	32699	206	-163.0	163	32699	206	-163.0	163	32699	206	-163.0	163	32699	206	-163.0	163	32699
207	-164.0	164	32863	207	-164.0	164	32863	207	-164.0	164	32863	207	-164.0	164	32863	207	-164.0	164	32863	207	-164.0	164	32863	207	-164.0	164	32863	207	-164.0	164	32863	207	-164.0	164	32863	207	-164.0	164	32863	207	-164.0	164	32863	207	-164.0	164	32863
208	-134.0	134	32997	208	-134.0	134	32997	208	-134.0	134	32997	208	-134.0	134	32997	208	-134.0	134	32997	208	-134.0	134	32997	208	-134.0	134	32997	208	-134.0	134	32997	208	-134.0	134	32997	208	-134.0	134	32997	208	-134.0	134	32997	208	-134.0	134	32997
209	-130.0	130	33127	209	-130.0	130	33127	209	-130.0	130	33127	209	-130.0	130	33127	209	-130.0	130	33127	209	-130.0	130	33127	209	-130.0	130	33127	209	-130.0	130	33127	209	-130.0	130	33127	209	-130.0	130	33127	209	-130.0	130	33127	209	-130.0	130	33127
210	-167.0	167	33294	210	-167.0	167	33294	210	-167.0	167	33294	210	-167.0	167	33294	210	-167.0	167	33294	210	-167.0	167	33294	210	-167.0	167	33294	210	-167.0	167	33294	210	-167.0	167	33294	210	-167.0	167	33294	210	-167.0	167	33294	210	-167.0	167	33294
211	-134.0	134	33428	211	-134.0	134	33428	211	-134.0	134	33428	211	-134.0	134	33428	211	-134.0	134	33428	211	-134.0	134	33428	211	-134.0	134	33428	211	-134.0	134	33428	211	-134.0	134	33428	211	-134.0	134	33428	211	-134.0	134	33428	211	-134.0	134	33428
212	-112.0	112	33540	212	-112.0	112	33540	212	-112.0	112	33540	212	-112.0	112	33540	212	-112.0	112	33540	212	-112.0	112	33540	212	-112.0	112	33540	212	-112.0	112	33540	212	-112.0	112	33540	212	-112.0	112	33540	212	-112.0	112	33540	212	-112.0	112	33540
213	-118.0	118	33658	213	-118.0	118	33658	213	-118.0	118	33658	213	-118.0	118	33658	213	-118.0	118	33658	213	-118.0	118	33658	213	-118.0	118	33658	213	-118.0	118	33658	213	-118.0	118	33658	213	-118.0	118	33658	213	-118.0	118	33658	213	-118.0	118	33658
214	-110.0	110	33768	214	-110.0	110	33768	214	-110.0	110	33768	214	-110.0	110	33768	214	-110.0	110	33768	214	-110.0	110	33768	214	-110.0	110	33768	214	-110.0	110	33768	214	-110.0	110	33768	214	-110.0	110	33768	214	-110.0	110	33768	214	-110.0	110	33768
215	-121.0	121	33889	215	-121.0	121	33889	215	-121.0	121	33889	215	-121.0	121	33889	215	-121.0	121	33889	215	-121.0	121	33889	215	-121.0	121	33889	215	-121.0	121	33889	215	-121.0	121	33889	215	-121.0	121	33889	215	-121.0	121	33889	215	-121.0	121	33889
216	-113.0	113	34002	216	-113.0	113	34002	216	-113.0	113	34002	216	-113.0	113	34002	216	-113.0	113	34002	216	-113.0	113	34002	216	-113.0	113	34002	216	-113.0	113	34002	216	-113.0	113	34002	216	-113.0	113	34002	216	-113.0	113	34002	216	-113.0	113	34002
217	-133.0	133	34135	217	-133.0	133	34135	217	-133.0	133	34135	217	-133.0	133	34135	217	-133.0	133	34135	217	-133.0	133	34135	217	-133.0	133	34135	217	-133.0	133	34135	217	-133.0	133	34135	217	-133.0	133	34135	217	-133.0	133	34135	217	-133.0	133	34135
218	-118.0	118	34253	218	-118.0	118	34253	218	-118.0	118	34253	218	-118.0	118	34253	218	-118.0	118	34253	218	-118.0	118	34253	218	-118.0	118	34253	218	-118.0	118	34253	218	-118.0	118	34253	218	-118.0	118	34253	218	-118.0	118	34253	218	-118.0	118	34253
219	-180.0	180	34433	219	-180.0	180	34433	219	-180.0	180	34433	219	-180.0	180	34433	219	-180.0	180	34433	219	-180.0	180	34433	219	-180.0	180	34433	219	-180.0	180	34433	219	-180.0	180	34433	219	-180.0	180	34433	219	-180.0	180	34433	219	-180.0	180	34433
220	-133.0	133	34566	220	-133.0	133	34566	220	-133.0	133	34566	220	-133.0	133	34566	220	-133.0	133	34566	220	-133.0	133	34566	220	-133.0	133	34566	220	-133.0	133	34566	220	-133.0	133	34566	220	-133.0	133	34566	220	-133.0	133	34566	220	-133.0	133	34566
221	-190.0	190	34756	221	-190.0	190	34756	221	-190.0	190	34756	221	-190.0	190	34756	221	-190.0	190	34756	221	-190.0	190	34756	221	-190.0	190	34756	221	-190.0	190	34756	221	-190.0	190	34756	221	-190.0	190	34756	221	-190.0	190	34756	221	-190.0	190	34756
222	-131.0	131	34887	222	-131.0	131	34887	222	-131.0	131	34887	222	-131.0	131	34887	222	-131.0	131	34887	222	-131.0	131	34887	222	-131.0	131	34887	222	-131.0	131	34887	222	-131.0	131	34887	222	-131.0	131	34887	222	-131.0	131	34887	222	-131.0	131	34887
223	-142.0	142	35029	223	-142.0	142	35029	223	-142.0	142	35029	223	-142.0	142	35029	223	-142.0	142	35029	223	-142.0	142	35029	223	-142.0	142	35029	223	-142.0	142	35029	223	-142.0	142	35029	223	-142.0	142	35029	223	-142.0	142	35029	223	-142.0	142	35029
224	-155.0	155	35184	224	-155.0	155	35184	224	-155.0	155	35184	224	-155.0	155	35184	224	-155.0	155	35184	224	-155.0	155	35184	224	-155.0	155	35184	224	-155.0	155	35184	224	-155.0	155	35184	224	-155.0	155	35184	224	-155.0	155	35184	224	-155.0	155	35184
225	-157.0	157	35341	225	-157.0	157	35341	225	-157.0	157	35341	225	-157.0	157	35341	225	-157.0	157	35341	225	-157.0	157	35341	225	-157.0	157	35341	225	-157.0	157	35341	225	-157.0	157	35341	225	-157.0	157	35341	225	-157.0	157	35341	225	-157.0	157	35341
226	-221.0	221	35562	226	-221.0	221	35562	226	-221.0	221	35562	226	-221.0	221	35562	226	-221.0	221	35562	226	-221.0	221	35562	226	-221.0	221	35562	226	-221.0	221	35562	226	-221.0	221	35562	226	-221.0	221	35562	226	-221.0	221	35562	226	-221.0	221	35562
227	-155.0	155	35717	227	-155.0	155	35717	227	-155.0	155	35717	227	-155.0	155	35717	227	-155.0	155	35717	227	-155.0	155	35717	227	-155.0	155	35717	227	-155.0	155	35717	227	-155.0	155	35717	227	-155.0	155	35717	227	-155.0	155	35717	227	-155.0	155	35717
228	-142.0	142	35859	228	-142.0	142	35859	228	-142.0	142	35859	228	-142.0	142	35859	228	-142.0	142	35859	228	-142.0	142	35859	228	-142.0	142	35859	228	-142.0	142	35859	228	-142.0	142	35859	228	-142.0	142	35859	228	-142.0	142	35859	228	-142.0	142	35859
229	-134.0	134	35993	229	-134.0	134	35993	229	-134.0	134	35993	229	-134.0	134	35993	229	-134.0	134	35993	229	-134.0	134	35993	229	-134.0	134	35993	229	-134.0	134	35993	229	-134.0	134	35993	229	-134.0	134	35993	229	-134.0	134	35993	229	-134.0	134	35993
230	-138.0	138	36131	230	-138.0	138	36131	230	-138.0	138	36131	230	-138.0	138	36131	230	-138.0	138	36131	230	-138.0	138	36131	230	-138.0	138	36131	230	-138.0	138	36131	230	-138.0	138	36131	230	-138.0	138	36131	230	-138.0	138	36131	230	-138.0	138	36131
231	-109.0	109	36240	231	-109.0	109	36240	231	-109.0	109	36240	231	-109.0	109	36240	231	-109.0	109	36240	231	-109.0	109	36240	231	-109.0	109	36240	231	-109.0	109	36240	231	-109.0	109	36240	231	-109.0	109	36240	231	-109.0	109	36240	231	-109.0	109	36240
232	-107.0	107	36347	232	-107.0	107	36347	232	-107.0	107	36347	232	-107.0	107	36347	232	-107.0	107	36347	232	-107.0	107	36347	232	-107.0	107	36347	232	-107.0	107	36347	232	-107.0	107	36347	232	-107.0	107	36347	232	-107.0	107	36347	232	-107.0	107	36347
233	-136.0	136	36483	233	-136.0	136	36483	233	-136.0	136	36483	233	-136.0	136	36483	233	-136.0	136	36483	233	-136.0	136	36483	233	-136.0	136	36483	233	-136.0	136	36483	233	-136.0	136	36483	233	-136.0	136	36483	233	-136.0	136	36483	233	-136.0	136	36483
234	-107.0	107	36590	234	-107.0	107	36590	234	-107.0	107	36590	234	-107.0	107	36590	234	-107.0	107	36590	234	-107.0	107	36590	234	-107.0	107	36590	234	-107.0	107	36590	234	-107.0	107	36590	234	-107.0	107	36590	234	-107.0	107	36590	234	-107.0	107	36590
235	-106.0	106	36696	235	-106.0	106	36696	235	-106.0	106	36696	235	-106.0	106	36696	235	-106.0	106	36696	235	-106.0	106	36696	235	-106.0	106	36696	235	-106.0	106	36696	235	-106.0	106	36696	235	-106.0	106	36696	235	-106.0	106	36696	235	-106.0	106	36696
236	-104.0	104	36800	236	-104.0	104	36800	236	-104.0	104	36800	236	-104.0	104	36800	236	-104.0	104	36800	236	-104.0	104	36800	236	-104.0	104	36800	236	-104.0	104	36800	236	-104.0	104	36800	236	-104.0	104	36800	236	-104.0	104	36800	236	-104.0	104	36800
237	-127.0	127	36927	237	-127.0	127	36927	237	-127.0	127	36927	237	-127.0	127	36927	237	-127.0	127	36927	237	-127.0	127	36927	237	-127.0	127	36927	237	-127.0	127	36927	237	-127.0	127	36927	237	-127.0	127	36927	237	-127.0	127	36927	237	-127.0	127	36927
238	-132.0	132	37059	238	-132.0	132	37059	238	-132.0	132	37059	238	-132.0	132	37059	238	-132.0	132	37059	238	-132.0	132	37059	238	-132.0	132	37059	238	-132.0	132	37059	238	-132.0	132	37059	238	-132.0	132	37059	238	-132.0	132	37059	238	-132.0	132	37059
239	-130.0	130	37189	239	-130.0	130	37189	239	-130.0	130	37189	239	-130.0	130	37189	239	-130.0	130	37189	239	-130.0	130	37189	239	-130.0	130	37189	239	-130.0	130	37189	239	-130.0	130	37189	239	-130.0	130	37189	239	-130.0	130	37189	239	-130.0	130	37189
240	-127.0	127	37316	240	-127.0	127	37316	240	-127.0	127	37316	240	-127.0	127	37316	240	-127.0	127	37316	240	-127.0	127	37316	240	-127.0	127	37316	240	-127.0	127	37316	240	-127.0	127	37316	240	-127.0	127	37316	240	-127.0	127	37316	240	-127.0	127	37316
241	-161.0	161	37477	241	-161.0	161	37477	241	-161.0	161	37477	241	-161.0	161	37477	241	-161.0	161	37477	241	-161.0	161	37477	241	-161.0	161	37477	241	-161.0	161	37477	241	-161.0	161	37477	241	-161.0	161	37477	241	-161.0	161	37477	241	-161.0	161	37477
242	-138.0	138	37615	242	-138.0	138	37615	242	-138.0	138	37615	242	-138.0	138	37615	242	-138.0	138	37615	242	-138.0	138	37615	242	-138.0	138	37615	242	-138.0	138	37615	242	-138.0	138	37615	242	-138.0	138	37615	242	-138.0	138	37615	242	-138.0	138	37615
243	-108.0	108	37723	243	-108.0	108	37723	243	-108.0	108	37723	243	-108.0	108	37723	243	-108.0	108	37723	243	-108.0	108	37723	243	-108.0	108	37723	243	-108.0	108	37723	243	-108.0	108	37723	243	-108.0	108	37723	243	-108.0	108	37723	243	-108.0	108	37723
244	-136.0	136	37859	244	-136.0	136	37859	244	-136.0	136	37859	244	-136.0	136	37859	244	-136.0	136	37859	244	-136.0	136	37859	244	-136.0	136	37859	244	-136.0	136	37859	244	-136.0	136	37859	244	-136.0	136	37859	244	-136.0	136	37859	244	-136.0	136	37859
245	-139.0	139	37998	245	-139.0	139	37998	245	-139.0	139	37998	245	-139.0	139	37998	245	-139.0	139	37998	245	-139.0	139	37998	245	-139.0	139	37998	245	-139.0	139	37998	245	-139.0	139	37998	245	-139.0	139	37998	245	-139.0	139	37998	245	-139.0	139	37998
246	-133.0	133	38131	246	-133.0	133	38131	246	-133.0	133	38131	246	-133.0	133	38131	246	-133.0	133	38131	246	-133.0	133	38131	246	-133.0	133	38131	246	-133.0	133	38131	246	-133.0	133	38131	246	-133.0	133	38131	246	-133.0	133	38131	246	-133.0	133	38131
247	-129.0	129	38260	247	-129.0	129	38260	247	-129.0	129	38260	247	-129.0	129	38260	247	-129.0	129	38260	247	-129.0	129	38260	247	-129.0	129	38260	247	-129.0	129	38260	247	-129.0	129	38260	247	-129.0	129	38260	247	-129.0	129	38260	247	-129.0	129	38260
248	-134.0	134	38394	248	-134.0	134	38394	248	-134.0	134	38394	248	-134.0	134	38394	248	-134.0	134	38394	248	-134.0	134	38394	248	-134.0	134	38394	248	-134.0	134	38394	248	-134.0	134	38394	248	-134.0	134	38394	248	-134.0	134	38394	248	-134.0	134	38394
249	-133.0	133	38527	249	-133.0	133	38527	249	-133.0	133	38527	249	-133.0	133	38527	249	-133.0	133	38527	249	-133.0	133	38527	249	-133.0	133	38527	249	-133.0	133	38527	249	-133.0	133	38527	249	-133.0	133	38527	249	-133.0	133	38527	249	-133.0	133	38527
250	-134.0	134	38661	250	-134.0	134	38661	250	-134.0	134	38661	250	-134.0	134	38661	250	-134.0	134	38661	250	-134.0	134	38661	250	-134.0	134	38661	250	-134.0	134	38661	250	-134.0	134	38661	250	-134.0	134	38661	250	-134.0	134	38661	250	-134.0	134	38661
251	-136.0	136	38797	251	-136.0	136	38797	251	-136.0	136	38797	251	-136.0	136	38797	251	-136.0	136	38797	251	-136.0	136	38797	251	-136.0	136	38797	251	-136.0	136	38797	251	-136.0	136	38797	251	-136.0	136	38797	251	-136.0	136	38797	251	-136.0	136	38797
252	-141.0	141	38938	252	-141.0	141	38938	252	-141.0	141	38938	252	-141.0	141	38938	252	-141.0	141	38938	252	-141.0	141	38938	252	-141.0	141	38938	252	-141.0	141	38938	252	-141.0	141	38938	252	-141.0	141	38938	252	-141.0	141	38938	252	-141.0	141	38938
253	-140.0	140	39078	253	-140.0	140	39078	253	-140.0	140	39078	253	-140.0	140	39078	253	-140.0	140	39078	253	-140.0	140	39078	253	-140.0	140	39078	253	-140.0	140	39078	253	-140.0	140	39078	253	-140.0	140	39078	253	-140.0	140	39078	253	-140.0	140	39078
254	-140.0	140	39218	254	-140.0	140	39218	254	-140.0	140	39218	254	-140.0	140	39218	254	-140.0	140	39218	254	-140.0	140	39218	254	-140.0	140	39218	254	-140.0	140	39218	254	-140.0	140	39218	254	-140.0	140	39218	254	-140.0	140	39218	254	-140.0	140	39218
255	-133.0	133	39351	255	-133.0	133	39351	255	-133.0	133	39351	255	-133.0	133	39351	255	-133.0	133	39351	255	-133.0	133	39351	255	-133.0	133	39351	255	-133.0	133	39351	255	-133.0	133	39351	255	-133.0	133	39351	255	-133.0	133	39351	255	-133.0	133	39351
256	-136.0	136	39487	256	-136.0	136	39487	256	-136.0	136	39487	256	-136.0	136	39487	256	-136.0	136	39487	256	-136.0	136	39487	256	-136.0	136	39487	256	-136.0	136	39487	256	-136.0	136	39487	256	-136.0	136	39487	256	-136.0	136	39487	256	-136.0	136	39487
257	-144.0	144	39631	257	-144.0	144	39631	257	-144.0	144	39631	257	-144.0	144	39631	257	-144.0	144	39631	257	-144.0	144	39631	257	-144.0	144	39631	257	-144.0	144	39631	257	-144.0	144	39631	257	-144.0	144	39631	257	-144.0	144	39631	257	-144.0	144	39631
258	-139.0	139	39770	258	-139.0	139	39770	258	-139.0	139	39770	258	-139.0	139	39770	258	-139.0	139	39770	258	-139.0	139	39770	258	-139.0	139	39770	258	-139.0	139	39770	258	-139.0	139	39770	258	-139.0	139	39770	258	-139.0	139	39770	258	-139.0	139	39770
259	-123.0	123	39893	259	-123.0	123	39893	259	-123.0	123	39893	259	-123.0	123	39893	259	-123.0	123	39893	259	-123.0	123	39893	259	-123.0	123	39893	259	-123.0	123	39893	259	-123.0	123	39893	259	-123.0	123	39893	259	-123.0	123	39893	259	-123.0	123	39893
260	-138.0	138	40031	260	-138.0	138	40031	260	-138.0	138	40031	260	-138.0	138	40031	260	-138.0	138	40031	260	-138.0	138	40031	260	-138.0	138	40031	260	-138.0	138	40031	260	-138.0	138	40031	260	-138.0	138	40031	260	-138.0	138	40031	260	-138.0	138	40031
261	-136.0	136	40167	261	-136.0	136	40167	261	-136.0	136	40167	261	-136.0	136	40167	261	-136.0	136	40167	261	-136.0	136	40167	261	-136.0	136	40167	261	-136.0	136	40167	261	-136.0	136	40167	261	-136.0	136	40167	261	-136.0	136	40167	261	-136.0	136	40167
262	-139.0	139	40306	262	-139.0	139	40306	262	-139.0	139	40306	262	-139.0	139	40306	262	-139.0	139	40306	262	-139.0	139	40306	262	-139.0	139	40306	262	-139.0	139	40306	262	-139.0	139	40306	262	-139.0	139	40306	262	-139.0	139	40306	262	-139.0	139	40306
263	-135.0	135	40441	263	-135.0	135	40441	263	-135.0	135	40441	263	-135.0	135	40441	263	-135.0	135	40441	263	-135.0	135	40441	263	-135.0	135	40441	263	-135.0	135	40441	263	-135.0	135	40441	263	-135.0	135	40441	263	-135.0	135	40441	263	-135.0	135	40441
264	-126.0	126	40567	264	-126.0	126	40567	264	-126.0	126	40567	264	-126.0	126	40567	264	-126.0	126	40567	264	-126.0	126	40567	264	-126.0	126	40567	264	-126.0	126	40567	264	-126.0	126	40567	264	-126.0	126	40567	264	-126.0	126	40567	264	-126.0	126	40567
265	-85.0	85	40652	265	-85.0	85	40652	265	-85.0	85	40652	265	-85.0	85	40652	265	-85.0	85	40652	265	-85.0	85	40652	265	-85.0	85	40652	265	-85.0	85	40652	265	-85.0	85	40652	265	-85.0	85	40652	265	-85.0	85	40652	265	-85.0	85	40652
266	-136.0	136	40788	266	-136.0	136	40788	266	-136.0	136	40788	266	-136.0	136	40788	266	-136.0	136	40788	266	-136.0	136	40788	266	-136.0	136	40788	266	-136.0	136	40788	266	-136.0	136	40788	266	-136.0	136	40788	266	-136.0	136	40788	266	-136.0	136	40788
267	-104.0	104	40892	267	-104.0	104	40892	267	-104.0	104	40892	267	-104.0	104	40892	267	-104.0	104	40892	267	-104.0	104	40892	267	-104.0	104	40892	267	-104.0	104	40892	267	-104.0	104	40892	267	-104.0	104	40892	267	-104.0	104	40892	267	-104.0	104	40892
268	-138.0	138	41030	268	-138.0	138	41030	268	-138.0	138	41030	268	-138.0	138	41030	268	-138.0	138	41030	268	-138.0	138	41030	268	-138.0	138	41030	268	-138.0	138	41030	268	-138.0	138	41030	268	-138.0	138	41030	268	-138.0	138	41030	268	-138.0	138	41030
269	-104.0	104	41134	269	-104.0	104	41134	269	-104.0	104	41134	269	-104.0	104	41134	269	-104.0	104	41134	269	-104.0	104	41134	269	-104.0	104	41134	269	-104.0	104	41134	269	-104.0	104	41134	269	-104.0	104	41134	269	-104.0	104	41134	269	-104.0	104	41134
270	-143.0	143	41277	270	-143.0	143	41277	270	-143.0	143	41277	270	-143.0	143	41277	270	-143.0	143	41277	270	-143.0	143	41277	270	-143.0	143	41277	270	-143.0	143	41277	270	-143.0	143	41277	270	-143.0	143	41277	270	-143.0	143	41277	270	-143.0	143	41277
271	-144.0	144	41421	271	-144.0	144	41421	271	-144.0	144	41421	271	-144.0	144	41421	271	-144.0	144	41421	271	-144.0	144	41421	271	-144.0	144	41421	271	-144.0	144	41421	271	-144.0	144	41421	271	-144.0	144	41421	271	-144.0	144	41421	271	-144.0	144	41421
272	-141.0	141	41562	272	-141.0	141	41562	272	-141.0	141	41562	272	-141.0	141	41562	272	-141.0	141	41562	272	-141.0	141	41562	272	-141.0	141	41562	272	-141.0	141	41562	272	-141.0	141	41562	272	-141.0	141	41562	272	-141.0	141	41562	272	-141.0	141	41562
273	-131.0	131	41693	273	-131.0	131	41693	273	-131.0	131	41693	273	-131.0	131	41693	273	-131.0	131	41693	273	-131.0	131	41693	273	-131.0	131	41693	273	-131.0	131	41693	273	-131.0	131	41693	273	-131.0	131	41693	273	-131.0	131	41693	273	-131.0	131	41693
274	-107.0	107	41800	274	-107.0	107	41800	274	-107.0	107	41800	274	-107.0	107	41800	274	-107.0	107	41800	274	-107.0	107	41800	274	-107.0	107	41800	274	-107.0	107	41800	274	-107.0	107	41800	274	-107.0	107	41800	274	-107.0	107	41800	274	-107.0	107	41800
275	-135.0	135	41935	275	-135.0	135	41935	275	-135.0	135	41935	275	-135.0	135	41935	275	-135.0	135	41935	275	-135.0	135	41935	275	-135.0	135	41935	275	-135.0	135	41935	275	-135.0	135	41935	275	-135.0	135	41935	275	-135.0	135	41935	275	-135.0	135	41935
276	-162.0	162	42097	276	-162.0	162	42097	276	-162.0	162	42097	276	-162.0	162	42097	276	-162.0	162	42097	276	-162.0	162	42097	276	-162.0	162	42097	276	-162.0	162	42097	276	-162.0	162	42097	276	-162.0	162	42097	276	-162.0	162	42097	276	-162.0	162	42097
277	-132.0	132	42229	277	-132.0	132	42229	277	-132.0	132	42229	277	-132.0	132	42229	277	-132.0	132	42229	277	-132.0	132	42229	277	-132.0	132	42229	277	-132.0	132	42229	277	-132.0	132	42229	277	-132.0	132	42229	277	-132.0	132	42229	277	-132.0	132	42229
278	-114.0	114	42343	278	-114.0	114	42343	278	-114.0	114	42343	278	-114.0	114	42343	278	-114.0	114	42343	278	-114.0	114	42343	278	-114.0	114	42343	278	-114.0	114	42343	278	-114.0	114	42343	278	-114.0	114	42343	278	-114.0	114	42343	278	-114.0	114	42343
279	-154.0	154	42497	279	-154.0	154	42497	279	-154.0	154	42497	279	-154.0	154	42497	279	-154.0	154	42497	279	-154.0	154	42497	279	-154.0	154	42497	279	-154.0	154	42497	279	-154.0	154	42497	279	-154.0	154	42497	279	-154.0	154	42497	279	-154.0	154	42497
280	-136.0	136	42633	280	-136.0	136	42633	280	-136.0	136	42633	280	-136.0	136	42633	280	-136.0	136	42633	280	-136.0	136	42633	280	-136.0	136	42633	280	-136.0	136	42633	280	-136.0	136	42633	280	-136.0	136	42633	280	-136.0	136	42633	280	-136.0	136	42633
281	-134.0	134	42767	281	-134.0	134	42767	281	-134.0	134	42767	281	-134.0	134	42767	281	-134.0	134	42767	281	-134.0	134	42767	281	-134.0	134	42767	281	-134.0	134	42767	281	-134.0	134	42767	281	-134.0	134	42767	281	-134.0	134	42767	281	-134.0	134	42767
282	-119.0	119	42886	282	-119.0	119	42886	282	-119.0	119	42886	282	-119.0	119	42886	282	-119.0	119	42886	282	-119.0	119	42886	282	-119.0	119	42886	282	-119.0	119	42886	282	-119.0	119	42886	282	-119.0	119	42886	282	-119.0	119	42886	282	-119.0	119	42886
283	-169.0	169	43055	283	-169.0	169	43055	283	-169.0	169	43055	283	-169.0	169	43055	283	-169.0	169	43055	283	-169.0	169	43055	283	-169.0	169	43055	283	-169.0	169	43055	283	-169.0	169	43055	283	-169.0	169	43055	283	-169.0	169	43055	283	-169.0	169	43055
284	-129.0	129	43184	284	-129.0	129	43184	284	-129.0	129	43184	284	-129.0	129	43184	284	-129.0	129	43184	284	-129.0	129	43184	284	-129.0	129	43184	284	-129.0	129	43184	284	-129.0	129	43184	284	-129.0	129	43184	284	-129.0	129	43184	284	-129.0	129	43184
285	-114.0	114	43298	285	-114.0	114	43298	285	-114.0	114	43298	285	-114.0	114	43298	285	-114.0	114	43298	285	-114.0	114	43298	285	-114.0	114	43298	285	-114.0	114	43298	285	-114.0	114	43298	285	-114.0	114	43298	285	-114.0	114	43298	285	-114.0	114	43298
286	-112.0	112	43410	286	-112.0	112	43410	286	-112.0	112	43410	286	-112.0	112	43410	286	-112.0	112	43410	286	-112.0	112	43410	286	-112.0	112	43410	286	-112.0	112	43410	286	-112.0	112	43410	286	-112.0	112	43410	286	-112.0	112	43410	286	-112.0	112	43410
287	-137.0	137	43547	287	-137.0	137	43547	287	-137.0	137	43547	287	-137.0	137	43547	287	-137.0	137	43547	287	-137.0	137	43547	287	-137.0	137	43547	287	-137.0	137	43547	287	-137.0	137	43547	287	-137.0	137	43547	287	-137.0	137	43547	287	-137.0	137	43547
288	-133.0	133	43680	288	-133.0	133	43680	288	-133.0	133	43680	288	-133.0	133	43680	288	-133.0	133	43680	288	-133.0	133	43680	288	-133.0	133	43680	288	-133.0	133	43680	288	-133.0	133	43680	288	-133.0	133	43680	288	-133.0	133	43680	288	-133.0	133	43680
289	-113.0	113	43793	289	-113.0	113	43793	289	-113.0	113	43793	289	-113.0	113	43793	289	-113.0	113	43793	289	-113.0	113	43793	289	-113.0	113	43793	289	-113.0	113	43793	289	-113.0	113	43793	289	-113.0	113	43793	289	-113.0	113	43793	289	-113.0	113	43793
290	-133.0	133	43926	290	-133.0	133	43926	290	-133.0	133	43926	290	-133.0	133	43926	290	-133.0	133	43926	290	-133.0	133	43926	290	-133.0	133	43926	290	-133.0	133	43926	290	-133.0	133	43926	290	-133.0	133	43926	290	-133.0	133	43926	290	-133.0	133	43926
291	-135.0	135	44061	291	-135.0	135	44061	291	-135.0	135	44061	291	-135.0	135	44061	291	-135.0	135	44061	291	-135.0	135	44061	291	-135.0	135	44061	291	-135.0	135	44061	291	-135.0	135	44061	291	-135.0	135	44061	291	-135.0	135	44061	291	-135.0	135	44061
292	-107.0	107	44168	292	-107.0	107	44168	292	-107.0	107	44168	292	-107.0	107	44168	292	-107.0	107	44168	292	-107.0	107	44168	292	-107.0	107	44168	292	-107.0	107	44168	292	-107.0	107	44168	292	-107.0	107	44168	292	-107.0	107	44168	292	-107.0	107	44168
293	-150.0	150	44318	293	-150.0	150	44318	293	-150.0	150	44318	293	-150.0	150	44318	293	-150.0	150	44318	293	-150.0	150	44318	293	-150.0	150	44318	293	-150.0	150	44318	293	-150.0	150	44318	293	-150.0	150	44318	293	-150.0	150	44318	293	-150.0	150	44318
294	-108.0	108	44426	294	-108.0	108	44426	294	-108.0	108	44426	294	-108.0	108	44426	294	-108.0	108	44426	294	-108.0	108	44426	294	-108.0	108	44426	294	-108.0	108	44426	294	-108.0	108	44426	294	-108.0	108	44426	294	-108.0	108	44426	294	-108.0	108	44426
295	-109.0	109	44535	295	-109.0	109	44535	295	-109.0	109	44535	295	-109.0	109	44535	295	-109.0	109	44535	295	-109.0	109	44535	295	-109.0	109	44535	295	-109.0	109	44535	295	-109.0	109	44535	295	-109.0	109	44535	295	-109.0	109	44535	295	-109.0	109	44535
296	-106.0	106	44641	296	-106.0	106	44641	296	-106.0	106	44641	296	-106.0	106	44641	296	-106.0	106	44641	296	-106.0	106	44641	296	-106.0	106	44641	296	-106.0	106	44641	296	-106.0	106	44641	296	-106.0	106	44641	296	-106.0	106	44641	296	-106.0	106	44641
297	-107.0	107	44748	297	-107.0	107	44748	297	-107.0	107	44748	297	-107.0	107	44748	297	-107.0	107	44748	297	-107.0	107	44748	297	-107.0	107	44748	297	-107.0	107	44748	297	-107.0	107	44748	297	-107.0	107	44748	297	-107.0	107	44748	297	-107.0	107	44748
298	-107.0	107	44855	298	-107.0	107	44855	298	-107.0	107	44855	298	-107.0	107	44855	298	-107.0	107	44855	298	-107.0	107	44855	298	-107.0	107	44855	298	-107.0	107	44855	298	-107.0	107	44855	298	-107.0	107	44855	298	-107.0	107	44855	298	-107.0	107	44855
299	-107.0	107	44962	299	-107.0	107	44962	299	-107.0	107	44962	299	-107.0	107	44962	299	-107.0	107	44962	299	-107.0	107	44962	299	-107.0	107	44962	299	-107.0	107	44962	299	-107.0	107	44962	299	-107.0	107	44962	299	-107.0	107	44962	299	-107.0	107	44962
