Episode	Accumulated Reward	Length	Steps	Episode	Accumulated Reward	Length	Steps	Episode	Accumulated Reward	Length	Steps	Episode	Accumulated Reward	Length	Steps	Episode	Accumulated Reward	Length	Steps	Episode	Accumulated Reward	Length	Steps	Episode	Accumulated Reward	Length	Steps	Episode	Accumulated Reward	Length	Steps	Episode	Accumulated Reward	Length	Steps	Episode	Accumulated Reward	Length	Steps	Episode	Accumulated Reward	Length	Steps	Episode	Accumulated Reward	Length	Steps	Episode	Accumulated Reward	Length	Steps	Episode	Accumulated Reward	Length	Steps	Episode	Accumulated Reward	Length	Steps	Episode	Accumulated Reward	Length	Steps	Episode	Accumulated Reward	Length	Steps	Episode	Accumulated Reward	Length	Steps	Episode	Accumulated Reward	Length	Steps	Episode	Accumulated Reward	Length	Steps	Episode	Accumulated Reward	Length	Steps	Episode	Accumulated Reward	Length	Steps	Episode	Accumulated Reward	Length	Steps	Episode	Accumulated Reward	Length	Steps	Episode	Accumulated Reward	Length	Steps	Episode	Accumulated Reward	Length	Steps	Episode	Accumulated Reward	Length	Steps	Episode	Accumulated Reward	Length	Steps
0	-15	15	15	0	-15	15	15	0	-15	15	15	0	-15	15	15	0	-15	15	15	0	-15	15	15	0	-15	15	15	0	-15	15	15	0	-15	15	15	0	-15	15	15	0	-15	15	15	0	-15	15	15	0	-15	15	15	0	-15	15	15	0	-15	15	15	0	-15	15	15	0	-15	15	15	0	-15	15	15	0	-15	15	15	0	-15	15	15	0	-15	15	15	0	-15	15	15	0	-15	15	15	0	-15	15	15	0	-15	15	15	0	-15	15	15	0	-15	15	15	0	-15	15	15
1	-13	13	28	1	-13	13	28	1	-13	13	28	1	-13	13	28	1	-13	13	28	1	-13	13	28	1	-13	13	28	1	-13	13	28	1	-13	13	28	1	-13	13	28	1	-13	13	28	1	-13	13	28	1	-13	13	28	1	-13	13	28	1	-13	13	28	1	-13	13	28	1	-13	13	28	1	-13	13	28	1	-13	13	28	1	-13	13	28	1	-13	13	28	1	-13	13	28	1	-13	13	28	1	-13	13	28	1	-13	13	28	1	-13	13	28	1	-13	13	28	1	-13	13	28
2	-115	16	44	2	-115	16	44	2	-115	16	44	2	-115	16	44	2	-115	16	44	2	-115	16	44	2	-115	16	44	2	-115	16	44	2	-115	16	44	2	-115	16	44	2	-115	16	44	2	-115	16	44	2	-115	16	44	2	-115	16	44	2	-115	16	44	2	-115	16	44	2	-115	16	44	2	-115	16	44	2	-115	16	44	2	-115	16	44	2	-115	16	44	2	-115	16	44	2	-115	16	44	2	-115	16	44	2	-115	16	44	2	-115	16	44	2	-115	16	44	2	-115	16	44
3	-21	21	65	3	-21	21	65	3	-21	21	65	3	-21	21	65	3	-21	21	65	3	-21	21	65	3	-21	21	65	3	-21	21	65	3	-21	21	65	3	-21	21	65	3	-21	21	65	3	-21	21	65	3	-21	21	65	3	-21	21	65	3	-21	21	65	3	-21	21	65	3	-21	21	65	3	-21	21	65	3	-21	21	65	3	-21	21	65	3	-21	21	65	3	-21	21	65	3	-21	21	65	3	-21	21	65	3	-21	21	65	3	-21	21	65	3	-21	21	65	3	-21	21	65
4	-113	14	79	4	-113	14	79	4	-113	14	79	4	-113	14	79	4	-113	14	79	4	-113	14	79	4	-113	14	79	4	-113	14	79	4	-113	14	79	4	-113	14	79	4	-113	14	79	4	-113	14	79	4	-113	14	79	4	-113	14	79	4	-113	14	79	4	-113	14	79	4	-113	14	79	4	-113	14	79	4	-113	14	79	4	-113	14	79	4	-113	14	79	4	-113	14	79	4	-113	14	79	4	-113	14	79	4	-113	14	79	4	-113	14	79	4	-113	14	79	4	-113	14	79
5	-118	19	98	5	-118	19	98	5	-118	19	98	5	-118	19	98	5	-118	19	98	5	-118	19	98	5	-118	19	98	5	-118	19	98	5	-118	19	98	5	-118	19	98	5	-118	19	98	5	-118	19	98	5	-118	19	98	5	-118	19	98	5	-118	19	98	5	-118	19	98	5	-118	19	98	5	-118	19	98	5	-118	19	98	5	-118	19	98	5	-118	19	98	5	-118	19	98	5	-118	19	98	5	-118	19	98	5	-118	19	98	5	-118	19	98	5	-118	19	98	5	-118	19	98
6	-15	15	113	6	-15	15	113	6	-15	15	113	6	-15	15	113	6	-15	15	113	6	-15	15	113	6	-15	15	113	6	-15	15	113	6	-15	15	113	6	-15	15	113	6	-15	15	113	6	-15	15	113	6	-15	15	113	6	-15	15	113	6	-15	15	113	6	-15	15	113	6	-15	15	113	6	-15	15	113	6	-15	15	113	6	-15	15	113	6	-15	15	113	6	-15	15	113	6	-15	15	113	6	-15	15	113	6	-15	15	113	6	-15	15	113	6	-15	15	113	6	-15	15	113
7	-13	13	126	7	-13	13	126	7	-13	13	126	7	-13	13	126	7	-13	13	126	7	-13	13	126	7	-13	13	126	7	-13	13	126	7	-13	13	126	7	-13	13	126	7	-13	13	126	7	-13	13	126	7	-13	13	126	7	-13	13	126	7	-13	13	126	7	-13	13	126	7	-13	13	126	7	-13	13	126	7	-13	13	126	7	-13	13	126	7	-13	13	126	7	-13	13	126	7	-13	13	126	7	-13	13	126	7	-13	13	126	7	-13	13	126	7	-13	13	126	7	-13	13	126
8	-13	13	139	8	-13	13	139	8	-13	13	139	8	-13	13	139	8	-13	13	139	8	-13	13	139	8	-13	13	139	8	-13	13	139	8	-13	13	139	8	-13	13	139	8	-13	13	139	8	-13	13	139	8	-13	13	139	8	-13	13	139	8	-13	13	139	8	-13	13	139	8	-13	13	139	8	-13	13	139	8	-13	13	139	8	-13	13	139	8	-13	13	139	8	-13	13	139	8	-13	13	139	8	-13	13	139	8	-13	13	139	8	-13	13	139	8	-13	13	139	8	-13	13	139
9	-13	13	152	9	-13	13	152	9	-13	13	152	9	-13	13	152	9	-13	13	152	9	-13	13	152	9	-13	13	152	9	-13	13	152	9	-13	13	152	9	-13	13	152	9	-13	13	152	9	-13	13	152	9	-13	13	152	9	-13	13	152	9	-13	13	152	9	-13	13	152	9	-13	13	152	9	-13	13	152	9	-13	13	152	9	-13	13	152	9	-13	13	152	9	-13	13	152	9	-13	13	152	9	-13	13	152	9	-13	13	152	9	-13	13	152	9	-13	13	152	9	-13	13	152
10	-13	13	165	10	-13	13	165	10	-13	13	165	10	-13	13	165	10	-13	13	165	10	-13	13	165	10	-13	13	165	10	-13	13	165	10	-13	13	165	10	-13	13	165	10	-13	13	165	10	-13	13	165	10	-13	13	165	10	-13	13	165	10	-13	13	165	10	-13	13	165	10	-13	13	165	10	-13	13	165	10	-13	13	165	10	-13	13	165	10	-13	13	165	10	-13	13	165	10	-13	13	165	10	-13	13	165	10	-13	13	165	10	-13	13	165	10	-13	13	165	10	-13	13	165
11	-13	13	178	11	-13	13	178	11	-13	13	178	11	-13	13	178	11	-13	13	178	11	-13	13	178	11	-13	13	178	11	-13	13	178	11	-13	13	178	11	-13	13	178	11	-13	13	178	11	-13	13	178	11	-13	13	178	11	-13	13	178	11	-13	13	178	11	-13	13	178	11	-13	13	178	11	-13	13	178	11	-13	13	178	11	-13	13	178	11	-13	13	178	11	-13	13	178	11	-13	13	178	11	-13	13	178	11	-13	13	178	11	-13	13	178	11	-13	13	178	11	-13	13	178
12	-118	19	197	12	-118	19	197	12	-118	19	197	12	-118	19	197	12	-118	19	197	12	-118	19	197	12	-118	19	197	12	-118	19	197	12	-118	19	197	12	-118	19	197	12	-118	19	197	12	-118	19	197	12	-118	19	197	12	-118	19	197	12	-118	19	197	12	-118	19	197	12	-118	19	197	12	-118	19	197	12	-118	19	197	12	-118	19	197	12	-118	19	197	12	-118	19	197	12	-118	19	197	12	-118	19	197	12	-118	19	197	12	-118	19	197	12	-118	19	197	12	-118	19	197
13	-15	15	212	13	-15	15	212	13	-15	15	212	13	-15	15	212	13	-15	15	212	13	-15	15	212	13	-15	15	212	13	-15	15	212	13	-15	15	212	13	-15	15	212	13	-15	15	212	13	-15	15	212	13	-15	15	212	13	-15	15	212	13	-15	15	212	13	-15	15	212	13	-15	15	212	13	-15	15	212	13	-15	15	212	13	-15	15	212	13	-15	15	212	13	-15	15	212	13	-15	15	212	13	-15	15	212	13	-15	15	212	13	-15	15	212	13	-15	15	212	13	-15	15	212
14	-18	18	230	14	-18	18	230	14	-18	18	230	14	-18	18	230	14	-18	18	230	14	-18	18	230	14	-18	18	230	14	-18	18	230	14	-18	18	230	14	-18	18	230	14	-18	18	230	14	-18	18	230	14	-18	18	230	14	-18	18	230	14	-18	18	230	14	-18	18	230	14	-18	18	230	14	-18	18	230	14	-18	18	230	14	-18	18	230	14	-18	18	230	14	-18	18	230	14	-18	18	230	14	-18	18	230	14	-18	18	230	14	-18	18	230	14	-18	18	230	14	-18	18	230
15	-13	13	243	15	-13	13	243	15	-13	13	243	15	-13	13	243	15	-13	13	243	15	-13	13	243	15	-13	13	243	15	-13	13	243	15	-13	13	243	15	-13	13	243	15	-13	13	243	15	-13	13	243	15	-13	13	243	15	-13	13	243	15	-13	13	243	15	-13	13	243	15	-13	13	243	15	-13	13	243	15	-13	13	243	15	-13	13	243	15	-13	13	243	15	-13	13	243	15	-13	13	243	15	-13	13	243	15	-13	13	243	15	-13	13	243	15	-13	13	243	15	-13	13	243
16	-13	13	256	16	-13	13	256	16	-13	13	256	16	-13	13	256	16	-13	13	256	16	-13	13	256	16	-13	13	256	16	-13	13	256	16	-13	13	256	16	-13	13	256	16	-13	13	256	16	-13	13	256	16	-13	13	256	16	-13	13	256	16	-13	13	256	16	-13	13	256	16	-13	13	256	16	-13	13	256	16	-13	13	256	16	-13	13	256	16	-13	13	256	16	-13	13	256	16	-13	13	256	16	-13	13	256	16	-13	13	256	16	-13	13	256	16	-13	13	256	16	-13	13	256
17	-115	16	272	17	-115	16	272	17	-115	16	272	17	-115	16	272	17	-115	16	272	17	-115	16	272	17	-115	16	272	17	-115	16	272	17	-115	16	272	17	-115	16	272	17	-115	16	272	17	-115	16	272	17	-115	16	272	17	-115	16	272	17	-115	16	272	17	-115	16	272	17	-115	16	272	17	-115	16	272	17	-115	16	272	17	-115	16	272	17	-115	16	272	17	-115	16	272	17	-115	16	272	17	-115	16	272	17	-115	16	272	17	-115	16	272	17	-115	16	272	17	-115	16	272
18	-17	17	289	18	-17	17	289	18	-17	17	289	18	-17	17	289	18	-17	17	289	18	-17	17	289	18	-17	17	289	18	-17	17	289	18	-17	17	289	18	-17	17	289	18	-17	17	289	18	-17	17	289	18	-17	17	289	18	-17	17	289	18	-17	17	289	18	-17	17	289	18	-17	17	289	18	-17	17	289	18	-17	17	289	18	-17	17	289	18	-17	17	289	18	-17	17	289	18	-17	17	289	18	-17	17	289	18	-17	17	289	18	-17	17	289	18	-17	17	289	18	-17	17	289
19	-118	19	308	19	-118	19	308	19	-118	19	308	19	-118	19	308	19	-118	19	308	19	-118	19	308	19	-118	19	308	19	-118	19	308	19	-118	19	308	19	-118	19	308	19	-118	19	308	19	-118	19	308	19	-118	19	308	19	-118	19	308	19	-118	19	308	19	-118	19	308	19	-118	19	308	19	-118	19	308	19	-118	19	308	19	-118	19	308	19	-118	19	308	19	-118	19	308	19	-118	19	308	19	-118	19	308	19	-118	19	308	19	-118	19	308	19	-118	19	308	19	-118	19	308
20	-15	15	323	20	-15	15	323	20	-15	15	323	20	-15	15	323	20	-15	15	323	20	-15	15	323	20	-15	15	323	20	-15	15	323	20	-15	15	323	20	-15	15	323	20	-15	15	323	20	-15	15	323	20	-15	15	323	20	-15	15	323	20	-15	15	323	20	-15	15	323	20	-15	15	323	20	-15	15	323	20	-15	15	323	20	-15	15	323	20	-15	15	323	20	-15	15	323	20	-15	15	323	20	-15	15	323	20	-15	15	323	20	-15	15	323	20	-15	15	323	20	-15	15	323
21	-13	13	336	21	-13	13	336	21	-13	13	336	21	-13	13	336	21	-13	13	336	21	-13	13	336	21	-13	13	336	21	-13	13	336	21	-13	13	336	21	-13	13	336	21	-13	13	336	21	-13	13	336	21	-13	13	336	21	-13	13	336	21	-13	13	336	21	-13	13	336	21	-13	13	336	21	-13	13	336	21	-13	13	336	21	-13	13	336	21	-13	13	336	21	-13	13	336	21	-13	13	336	21	-13	13	336	21	-13	13	336	21	-13	13	336	21	-13	13	336	21	-13	13	336
22	-19	19	355	22	-19	19	355	22	-19	19	355	22	-19	19	355	22	-19	19	355	22	-19	19	355	22	-19	19	355	22	-19	19	355	22	-19	19	355	22	-19	19	355	22	-19	19	355	22	-19	19	355	22	-19	19	355	22	-19	19	355	22	-19	19	355	22	-19	19	355	22	-19	19	355	22	-19	19	355	22	-19	19	355	22	-19	19	355	22	-19	19	355	22	-19	19	355	22	-19	19	355	22	-19	19	355	22	-19	19	355	22	-19	19	355	22	-19	19	355	22	-19	19	355
23	-13	13	368	23	-13	13	368	23	-13	13	368	23	-13	13	368	23	-13	13	368	23	-13	13	368	23	-13	13	368	23	-13	13	368	23	-13	13	368	23	-13	13	368	23	-13	13	368	23	-13	13	368	23	-13	13	368	23	-13	13	368	23	-13	13	368	23	-13	13	368	23	-13	13	368	23	-13	13	368	23	-13	13	368	23	-13	13	368	23	-13	13	368	23	-13	13	368	23	-13	13	368	23	-13	13	368	23	-13	13	368	23	-13	13	368	23	-13	13	368	23	-13	13	368
24	-13	13	381	24	-13	13	381	24	-13	13	381	24	-13	13	381	24	-13	13	381	24	-13	13	381	24	-13	13	381	24	-13	13	381	24	-13	13	381	24	-13	13	381	24	-13	13	381	24	-13	13	381	24	-13	13	381	24	-13	13	381	24	-13	13	381	24	-13	13	381	24	-13	13	381	24	-13	13	381	24	-13	13	381	24	-13	13	381	24	-13	13	381	24	-13	13	381	24	-13	13	381	24	-13	13	381	24	-13	13	381	24	-13	13	381	24	-13	13	381	24	-13	13	381
25	-121	22	403	25	-121	22	403	25	-121	22	403	25	-121	22	403	25	-121	22	403	25	-121	22	403	25	-121	22	403	25	-121	22	403	25	-121	22	403	25	-121	22	403	25	-121	22	403	25	-121	22	403	25	-121	22	403	25	-121	22	403	25	-121	22	403	25	-121	22	403	25	-121	22	403	25	-121	22	403	25	-121	22	403	25	-121	22	403	25	-121	22	403	25	-121	22	403	25	-121	22	403	25	-121	22	403	25	-121	22	403	25	-121	22	403	25	-121	22	403	25	-121	22	403
26	-15	15	418	26	-15	15	418	26	-15	15	418	26	-15	15	418	26	-15	15	418	26	-15	15	418	26	-15	15	418	26	-15	15	418	26	-15	15	418	26	-15	15	418	26	-15	15	418	26	-15	15	418	26	-15	15	418	26	-15	15	418	26	-15	15	418	26	-15	15	418	26	-15	15	418	26	-15	15	418	26	-15	15	418	26	-15	15	418	26	-15	15	418	26	-15	15	418	26	-15	15	418	26	-15	15	418	26	-15	15	418	26	-15	15	418	26	-15	15	418	26	-15	15	418
27	-15	15	433	27	-15	15	433	27	-15	15	433	27	-15	15	433	27	-15	15	433	27	-15	15	433	27	-15	15	433	27	-15	15	433	27	-15	15	433	27	-15	15	433	27	-15	15	433	27	-15	15	433	27	-15	15	433	27	-15	15	433	27	-15	15	433	27	-15	15	433	27	-15	15	433	27	-15	15	433	27	-15	15	433	27	-15	15	433	27	-15	15	433	27	-15	15	433	27	-15	15	433	27	-15	15	433	27	-15	15	433	27	-15	15	433	27	-15	15	433	27	-15	15	433
28	-13	13	446	28	-13	13	446	28	-13	13	446	28	-13	13	446	28	-13	13	446	28	-13	13	446	28	-13	13	446	28	-13	13	446	28	-13	13	446	28	-13	13	446	28	-13	13	446	28	-13	13	446	28	-13	13	446	28	-13	13	446	28	-13	13	446	28	-13	13	446	28	-13	13	446	28	-13	13	446	28	-13	13	446	28	-13	13	446	28	-13	13	446	28	-13	13	446	28	-13	13	446	28	-13	13	446	28	-13	13	446	28	-13	13	446	28	-13	13	446	28	-13	13	446
29	-15	15	461	29	-15	15	461	29	-15	15	461	29	-15	15	461	29	-15	15	461	29	-15	15	461	29	-15	15	461	29	-15	15	461	29	-15	15	461	29	-15	15	461	29	-15	15	461	29	-15	15	461	29	-15	15	461	29	-15	15	461	29	-15	15	461	29	-15	15	461	29	-15	15	461	29	-15	15	461	29	-15	15	461	29	-15	15	461	29	-15	15	461	29	-15	15	461	29	-15	15	461	29	-15	15	461	29	-15	15	461	29	-15	15	461	29	-15	15	461	29	-15	15	461
30	-124	25	486	30	-124	25	486	30	-124	25	486	30	-124	25	486	30	-124	25	486	30	-124	25	486	30	-124	25	486	30	-124	25	486	30	-124	25	486	30	-124	25	486	30	-124	25	486	30	-124	25	486	30	-124	25	486	30	-124	25	486	30	-124	25	486	30	-124	25	486	30	-124	25	486	30	-124	25	486	30	-124	25	486	30	-124	25	486	30	-124	25	486	30	-124	25	486	30	-124	25	486	30	-124	25	486	30	-124	25	486	30	-124	25	486	30	-124	25	486	30	-124	25	486
31	-334	37	523	31	-334	37	523	31	-334	37	523	31	-334	37	523	31	-334	37	523	31	-334	37	523	31	-334	37	523	31	-334	37	523	31	-334	37	523	31	-334	37	523	31	-334	37	523	31	-334	37	523	31	-334	37	523	31	-334	37	523	31	-334	37	523	31	-334	37	523	31	-334	37	523	31	-334	37	523	31	-334	37	523	31	-334	37	523	31	-334	37	523	31	-334	37	523	31	-334	37	523	31	-334	37	523	31	-334	37	523	31	-334	37	523	31	-334	37	523	31	-334	37	523
32	-127	28	551	32	-127	28	551	32	-127	28	551	32	-127	28	551	32	-127	28	551	32	-127	28	551	32	-127	28	551	32	-127	28	551	32	-127	28	551	32	-127	28	551	32	-127	28	551	32	-127	28	551	32	-127	28	551	32	-127	28	551	32	-127	28	551	32	-127	28	551	32	-127	28	551	32	-127	28	551	32	-127	28	551	32	-127	28	551	32	-127	28	551	32	-127	28	551	32	-127	28	551	32	-127	28	551	32	-127	28	551	32	-127	28	551	32	-127	28	551	32	-127	28	551
33	-15	15	566	33	-15	15	566	33	-15	15	566	33	-15	15	566	33	-15	15	566	33	-15	15	566	33	-15	15	566	33	-15	15	566	33	-15	15	566	33	-15	15	566	33	-15	15	566	33	-15	15	566	33	-15	15	566	33	-15	15	566	33	-15	15	566	33	-15	15	566	33	-15	15	566	33	-15	15	566	33	-15	15	566	33	-15	15	566	33	-15	15	566	33	-15	15	566	33	-15	15	566	33	-15	15	566	33	-15	15	566	33	-15	15	566	33	-15	15	566	33	-15	15	566
34	-129	30	596	34	-129	30	596	34	-129	30	596	34	-129	30	596	34	-129	30	596	34	-129	30	596	34	-129	30	596	34	-129	30	596	34	-129	30	596	34	-129	30	596	34	-129	30	596	34	-129	30	596	34	-129	30	596	34	-129	30	596	34	-129	30	596	34	-129	30	596	34	-129	30	596	34	-129	30	596	34	-129	30	596	34	-129	30	596	34	-129	30	596	34	-129	30	596	34	-129	30	596	34	-129	30	596	34	-129	30	596	34	-129	30	596	34	-129	30	596	34	-129	30	596
35	-15	15	611	35	-15	15	611	35	-15	15	611	35	-15	15	611	35	-15	15	611	35	-15	15	611	35	-15	15	611	35	-15	15	611	35	-15	15	611	35	-15	15	611	35	-15	15	611	35	-15	15	611	35	-15	15	611	35	-15	15	611	35	-15	15	611	35	-15	15	611	35	-15	15	611	35	-15	15	611	35	-15	15	611	35	-15	15	611	35	-15	15	611	35	-15	15	611	35	-15	15	611	35	-15	15	611	35	-15	15	611	35	-15	15	611	35	-15	15	611	35	-15	15	611
36	-13	13	624	36	-13	13	624	36	-13	13	624	36	-13	13	624	36	-13	13	624	36	-13	13	624	36	-13	13	624	36	-13	13	624	36	-13	13	624	36	-13	13	624	36	-13	13	624	36	-13	13	624	36	-13	13	624	36	-13	13	624	36	-13	13	624	36	-13	13	624	36	-13	13	624	36	-13	13	624	36	-13	13	624	36	-13	13	624	36	-13	13	624	36	-13	13	624	36	-13	13	624	36	-13	13	624	36	-13	13	624	36	-13	13	624	36	-13	13	624	36	-13	13	624
37	-19	19	643	37	-19	19	643	37	-19	19	643	37	-19	19	643	37	-19	19	643	37	-19	19	643	37	-19	19	643	37	-19	19	643	37	-19	19	643	37	-19	19	643	37	-19	19	643	37	-19	19	643	37	-19	19	643	37	-19	19	643	37	-19	19	643	37	-19	19	643	37	-19	19	643	37	-19	19	643	37	-19	19	643	37	-19	19	643	37	-19	19	643	37	-19	19	643	37	-19	19	643	37	-19	19	643	37	-19	19	643	37	-19	19	643	37	-19	19	643	37	-19	19	643
38	-226	28	671	38	-226	28	671	38	-226	28	671	38	-226	28	671	38	-226	28	671	38	-226	28	671	38	-226	28	671	38	-226	28	671	38	-226	28	671	38	-226	28	671	38	-226	28	671	38	-226	28	671	38	-226	28	671	38	-226	28	671	38	-226	28	671	38	-226	28	671	38	-226	28	671	38	-226	28	671	38	-226	28	671	38	-226	28	671	38	-226	28	671	38	-226	28	671	38	-226	28	671	38	-226	28	671	38	-226	28	671	38	-226	28	671	38	-226	28	671	38	-226	28	671
39	-121	22	693	39	-121	22	693	39	-121	22	693	39	-121	22	693	39	-121	22	693	39	-121	22	693	39	-121	22	693	39	-121	22	693	39	-121	22	693	39	-121	22	693	39	-121	22	693	39	-121	22	693	39	-121	22	693	39	-121	22	693	39	-121	22	693	39	-121	22	693	39	-121	22	693	39	-121	22	693	39	-121	22	693	39	-121	22	693	39	-121	22	693	39	-121	22	693	39	-121	22	693	39	-121	22	693	39	-121	22	693	39	-121	22	693	39	-121	22	693	39	-121	22	693
40	-15	15	708	40	-15	15	708	40	-15	15	708	40	-15	15	708	40	-15	15	708	40	-15	15	708	40	-15	15	708	40	-15	15	708	40	-15	15	708	40	-15	15	708	40	-15	15	708	40	-15	15	708	40	-15	15	708	40	-15	15	708	40	-15	15	708	40	-15	15	708	40	-15	15	708	40	-15	15	708	40	-15	15	708	40	-15	15	708	40	-15	15	708	40	-15	15	708	40	-15	15	708	40	-15	15	708	40	-15	15	708	40	-15	15	708	40	-15	15	708	40	-15	15	708
41	-13	13	721	41	-13	13	721	41	-13	13	721	41	-13	13	721	41	-13	13	721	41	-13	13	721	41	-13	13	721	41	-13	13	721	41	-13	13	721	41	-13	13	721	41	-13	13	721	41	-13	13	721	41	-13	13	721	41	-13	13	721	41	-13	13	721	41	-13	13	721	41	-13	13	721	41	-13	13	721	41	-13	13	721	41	-13	13	721	41	-13	13	721	41	-13	13	721	41	-13	13	721	41	-13	13	721	41	-13	13	721	41	-13	13	721	41	-13	13	721	41	-13	13	721
42	-13	13	734	42	-13	13	734	42	-13	13	734	42	-13	13	734	42	-13	13	734	42	-13	13	734	42	-13	13	734	42	-13	13	734	42	-13	13	734	42	-13	13	734	42	-13	13	734	42	-13	13	734	42	-13	13	734	42	-13	13	734	42	-13	13	734	42	-13	13	734	42	-13	13	734	42	-13	13	734	42	-13	13	734	42	-13	13	734	42	-13	13	734	42	-13	13	734	42	-13	13	734	42	-13	13	734	42	-13	13	734	42	-13	13	734	42	-13	13	734	42	-13	13	734
43	-15	15	749	43	-15	15	749	43	-15	15	749	43	-15	15	749	43	-15	15	749	43	-15	15	749	43	-15	15	749	43	-15	15	749	43	-15	15	749	43	-15	15	749	43	-15	15	749	43	-15	15	749	43	-15	15	749	43	-15	15	749	43	-15	15	749	43	-15	15	749	43	-15	15	749	43	-15	15	749	43	-15	15	749	43	-15	15	749	43	-15	15	749	43	-15	15	749	43	-15	15	749	43	-15	15	749	43	-15	15	749	43	-15	15	749	43	-15	15	749	43	-15	15	749
44	-16	16	765	44	-16	16	765	44	-16	16	765	44	-16	16	765	44	-16	16	765	44	-16	16	765	44	-16	16	765	44	-16	16	765	44	-16	16	765	44	-16	16	765	44	-16	16	765	44	-16	16	765	44	-16	16	765	44	-16	16	765	44	-16	16	765	44	-16	16	765	44	-16	16	765	44	-16	16	765	44	-16	16	765	44	-16	16	765	44	-16	16	765	44	-16	16	765	44	-16	16	765	44	-16	16	765	44	-16	16	765	44	-16	16	765	44	-16	16	765	44	-16	16	765
45	-122	23	788	45	-122	23	788	45	-122	23	788	45	-122	23	788	45	-122	23	788	45	-122	23	788	45	-122	23	788	45	-122	23	788	45	-122	23	788	45	-122	23	788	45	-122	23	788	45	-122	23	788	45	-122	23	788	45	-122	23	788	45	-122	23	788	45	-122	23	788	45	-122	23	788	45	-122	23	788	45	-122	23	788	45	-122	23	788	45	-122	23	788	45	-122	23	788	45	-122	23	788	45	-122	23	788	45	-122	23	788	45	-122	23	788	45	-122	23	788	45	-122	23	788
46	-120	21	809	46	-120	21	809	46	-120	21	809	46	-120	21	809	46	-120	21	809	46	-120	21	809	46	-120	21	809	46	-120	21	809	46	-120	21	809	46	-120	21	809	46	-120	21	809	46	-120	21	809	46	-120	21	809	46	-120	21	809	46	-120	21	809	46	-120	21	809	46	-120	21	809	46	-120	21	809	46	-120	21	809	46	-120	21	809	46	-120	21	809	46	-120	21	809	46	-120	21	809	46	-120	21	809	46	-120	21	809	46	-120	21	809	46	-120	21	809	46	-120	21	809
47	-15	15	824	47	-15	15	824	47	-15	15	824	47	-15	15	824	47	-15	15	824	47	-15	15	824	47	-15	15	824	47	-15	15	824	47	-15	15	824	47	-15	15	824	47	-15	15	824	47	-15	15	824	47	-15	15	824	47	-15	15	824	47	-15	15	824	47	-15	15	824	47	-15	15	824	47	-15	15	824	47	-15	15	824	47	-15	15	824	47	-15	15	824	47	-15	15	824	47	-15	15	824	47	-15	15	824	47	-15	15	824	47	-15	15	824	47	-15	15	824	47	-15	15	824
48	-121	22	846	48	-121	22	846	48	-121	22	846	48	-121	22	846	48	-121	22	846	48	-121	22	846	48	-121	22	846	48	-121	22	846	48	-121	22	846	48	-121	22	846	48	-121	22	846	48	-121	22	846	48	-121	22	846	48	-121	22	846	48	-121	22	846	48	-121	22	846	48	-121	22	846	48	-121	22	846	48	-121	22	846	48	-121	22	846	48	-121	22	846	48	-121	22	846	48	-121	22	846	48	-121	22	846	48	-121	22	846	48	-121	22	846	48	-121	22	846	48	-121	22	846
49	-13	13	859	49	-13	13	859	49	-13	13	859	49	-13	13	859	49	-13	13	859	49	-13	13	859	49	-13	13	859	49	-13	13	859	49	-13	13	859	49	-13	13	859	49	-13	13	859	49	-13	13	859	49	-13	13	859	49	-13	13	859	49	-13	13	859	49	-13	13	859	49	-13	13	859	49	-13	13	859	49	-13	13	859	49	-13	13	859	49	-13	13	859	49	-13	13	859	49	-13	13	859	49	-13	13	859	49	-13	13	859	49	-13	13	859	49	-13	13	859	49	-13	13	859
50	-16	16	875	50	-16	16	875	50	-16	16	875	50	-16	16	875	50	-16	16	875	50	-16	16	875	50	-16	16	875	50	-16	16	875	50	-16	16	875	50	-16	16	875	50	-16	16	875	50	-16	16	875	50	-16	16	875	50	-16	16	875	50	-16	16	875	50	-16	16	875	50	-16	16	875	50	-16	16	875	50	-16	16	875	50	-16	16	875	50	-16	16	875	50	-16	16	875	50	-16	16	875	50	-16	16	875	50	-16	16	875	50	-16	16	875	50	-16	16	875	50	-16	16	875
51	-15	15	890	51	-15	15	890	51	-15	15	890	51	-15	15	890	51	-15	15	890	51	-15	15	890	51	-15	15	890	51	-15	15	890	51	-15	15	890	51	-15	15	890	51	-15	15	890	51	-15	15	890	51	-15	15	890	51	-15	15	890	51	-15	15	890	51	-15	15	890	51	-15	15	890	51	-15	15	890	51	-15	15	890	51	-15	15	890	51	-15	15	890	51	-15	15	890	51	-15	15	890	51	-15	15	890	51	-15	15	890	51	-15	15	890	51	-15	15	890	51	-15	15	890
52	-15	15	905	52	-15	15	905	52	-15	15	905	52	-15	15	905	52	-15	15	905	52	-15	15	905	52	-15	15	905	52	-15	15	905	52	-15	15	905	52	-15	15	905	52	-15	15	905	52	-15	15	905	52	-15	15	905	52	-15	15	905	52	-15	15	905	52	-15	15	905	52	-15	15	905	52	-15	15	905	52	-15	15	905	52	-15	15	905	52	-15	15	905	52	-15	15	905	52	-15	15	905	52	-15	15	905	52	-15	15	905	52	-15	15	905	52	-15	15	905	52	-15	15	905
53	-13	13	918	53	-13	13	918	53	-13	13	918	53	-13	13	918	53	-13	13	918	53	-13	13	918	53	-13	13	918	53	-13	13	918	53	-13	13	918	53	-13	13	918	53	-13	13	918	53	-13	13	918	53	-13	13	918	53	-13	13	918	53	-13	13	918	53	-13	13	918	53	-13	13	918	53	-13	13	918	53	-13	13	918	53	-13	13	918	53	-13	13	918	53	-13	13	918	53	-13	13	918	53	-13	13	918	53	-13	13	918	53	-13	13	918	53	-13	13	918	53	-13	13	918
54	-15	15	933	54	-15	15	933	54	-15	15	933	54	-15	15	933	54	-15	15	933	54	-15	15	933	54	-15	15	933	54	-15	15	933	54	-15	15	933	54	-15	15	933	54	-15	15	933	54	-15	15	933	54	-15	15	933	54	-15	15	933	54	-15	15	933	54	-15	15	933	54	-15	15	933	54	-15	15	933	54	-15	15	933	54	-15	15	933	54	-15	15	933	54	-15	15	933	54	-15	15	933	54	-15	15	933	54	-15	15	933	54	-15	15	933	54	-15	15	933	54	-15	15	933
55	-17	17	950	55	-17	17	950	55	-17	17	950	55	-17	17	950	55	-17	17	950	55	-17	17	950	55	-17	17	950	55	-17	17	950	55	-17	17	950	55	-17	17	950	55	-17	17	950	55	-17	17	950	55	-17	17	950	55	-17	17	950	55	-17	17	950	55	-17	17	950	55	-17	17	950	55	-17	17	950	55	-17	17	950	55	-17	17	950	55	-17	17	950	55	-17	17	950	55	-17	17	950	55	-17	17	950	55	-17	17	950	55	-17	17	950	55	-17	17	950	55	-17	17	950
56	-17	17	967	56	-17	17	967	56	-17	17	967	56	-17	17	967	56	-17	17	967	56	-17	17	967	56	-17	17	967	56	-17	17	967	56	-17	17	967	56	-17	17	967	56	-17	17	967	56	-17	17	967	56	-17	17	967	56	-17	17	967	56	-17	17	967	56	-17	17	967	56	-17	17	967	56	-17	17	967	56	-17	17	967	56	-17	17	967	56	-17	17	967	56	-17	17	967	56	-17	17	967	56	-17	17	967	56	-17	17	967	56	-17	17	967	56	-17	17	967	56	-17	17	967
57	-17	17	984	57	-17	17	984	57	-17	17	984	57	-17	17	984	57	-17	17	984	57	-17	17	984	57	-17	17	984	57	-17	17	984	57	-17	17	984	57	-17	17	984	57	-17	17	984	57	-17	17	984	57	-17	17	984	57	-17	17	984	57	-17	17	984	57	-17	17	984	57	-17	17	984	57	-17	17	984	57	-17	17	984	57	-17	17	984	57	-17	17	984	57	-17	17	984	57	-17	17	984	57	-17	17	984	57	-17	17	984	57	-17	17	984	57	-17	17	984	57	-17	17	984
58	-13	13	997	58	-13	13	997	58	-13	13	997	58	-13	13	997	58	-13	13	997	58	-13	13	997	58	-13	13	997	58	-13	13	997	58	-13	13	997	58	-13	13	997	58	-13	13	997	58	-13	13	997	58	-13	13	997	58	-13	13	997	58	-13	13	997	58	-13	13	997	58	-13	13	997	58	-13	13	997	58	-13	13	997	58	-13	13	997	58	-13	13	997	58	-13	13	997	58	-13	13	997	58	-13	13	997	58	-13	13	997	58	-13	13	997	58	-13	13	997	58	-13	13	997
59	-15	15	1012	59	-15	15	1012	59	-15	15	1012	59	-15	15	1012	59	-15	15	1012	59	-15	15	1012	59	-15	15	1012	59	-15	15	1012	59	-15	15	1012	59	-15	15	1012	59	-15	15	1012	59	-15	15	1012	59	-15	15	1012	59	-15	15	1012	59	-15	15	1012	59	-15	15	1012	59	-15	15	1012	59	-15	15	1012	59	-15	15	1012	59	-15	15	1012	59	-15	15	1012	59	-15	15	1012	59	-15	15	1012	59	-15	15	1012	59	-15	15	1012	59	-15	15	1012	59	-15	15	1012	59	-15	15	1012
60	-13	13	1025	60	-13	13	1025	60	-13	13	1025	60	-13	13	1025	60	-13	13	1025	60	-13	13	1025	60	-13	13	1025	60	-13	13	1025	60	-13	13	1025	60	-13	13	1025	60	-13	13	1025	60	-13	13	1025	60	-13	13	1025	60	-13	13	1025	60	-13	13	1025	60	-13	13	1025	60	-13	13	1025	60	-13	13	1025	60	-13	13	1025	60	-13	13	1025	60	-13	13	1025	60	-13	13	1025	60	-13	13	1025	60	-13	13	1025	60	-13	13	1025	60	-13	13	1025	60	-13	13	1025	60	-13	13	1025
61	-120	21	1046	61	-120	21	1046	61	-120	21	1046	61	-120	21	1046	61	-120	21	1046	61	-120	21	1046	61	-120	21	1046	61	-120	21	1046	61	-120	21	1046	61	-120	21	1046	61	-120	21	1046	61	-120	21	1046	61	-120	21	1046	61	-120	21	1046	61	-120	21	1046	61	-120	21	1046	61	-120	21	1046	61	-120	21	1046	61	-120	21	1046	61	-120	21	1046	61	-120	21	1046	61	-120	21	1046	61	-120	21	1046	61	-120	21	1046	61	-120	21	1046	61	-120	21	1046	61	-120	21	1046	61	-120	21	1046
62	-15	15	1061	62	-15	15	1061	62	-15	15	1061	62	-15	15	1061	62	-15	15	1061	62	-15	15	1061	62	-15	15	1061	62	-15	15	1061	62	-15	15	1061	62	-15	15	1061	62	-15	15	1061	62	-15	15	1061	62	-15	15	1061	62	-15	15	1061	62	-15	15	1061	62	-15	15	1061	62	-15	15	1061	62	-15	15	1061	62	-15	15	1061	62	-15	15	1061	62	-15	15	1061	62	-15	15	1061	62	-15	15	1061	62	-15	15	1061	62	-15	15	1061	62	-15	15	1061	62	-15	15	1061	62	-15	15	1061
63	-15	15	1076	63	-15	15	1076	63	-15	15	1076	63	-15	15	1076	63	-15	15	1076	63	-15	15	1076	63	-15	15	1076	63	-15	15	1076	63	-15	15	1076	63	-15	15	1076	63	-15	15	1076	63	-15	15	1076	63	-15	15	1076	63	-15	15	1076	63	-15	15	1076	63	-15	15	1076	63	-15	15	1076	63	-15	15	1076	63	-15	15	1076	63	-15	15	1076	63	-15	15	1076	63	-15	15	1076	63	-15	15	1076	63	-15	15	1076	63	-15	15	1076	63	-15	15	1076	63	-15	15	1076	63	-15	15	1076
64	-15	15	1091	64	-15	15	1091	64	-15	15	1091	64	-15	15	1091	64	-15	15	1091	64	-15	15	1091	64	-15	15	1091	64	-15	15	1091	64	-15	15	1091	64	-15	15	1091	64	-15	15	1091	64	-15	15	1091	64	-15	15	1091	64	-15	15	1091	64	-15	15	1091	64	-15	15	1091	64	-15	15	1091	64	-15	15	1091	64	-15	15	1091	64	-15	15	1091	64	-15	15	1091	64	-15	15	1091	64	-15	15	1091	64	-15	15	1091	64	-15	15	1091	64	-15	15	1091	64	-15	15	1091	64	-15	15	1091
65	-15	15	1106	65	-15	15	1106	65	-15	15	1106	65	-15	15	1106	65	-15	15	1106	65	-15	15	1106	65	-15	15	1106	65	-15	15	1106	65	-15	15	1106	65	-15	15	1106	65	-15	15	1106	65	-15	15	1106	65	-15	15	1106	65	-15	15	1106	65	-15	15	1106	65	-15	15	1106	65	-15	15	1106	65	-15	15	1106	65	-15	15	1106	65	-15	15	1106	65	-15	15	1106	65	-15	15	1106	65	-15	15	1106	65	-15	15	1106	65	-15	15	1106	65	-15	15	1106	65	-15	15	1106	65	-15	15	1106
66	-16	16	1122	66	-16	16	1122	66	-16	16	1122	66	-16	16	1122	66	-16	16	1122	66	-16	16	1122	66	-16	16	1122	66	-16	16	1122	66	-16	16	1122	66	-16	16	1122	66	-16	16	1122	66	-16	16	1122	66	-16	16	1122	66	-16	16	1122	66	-16	16	1122	66	-16	16	1122	66	-16	16	1122	66	-16	16	1122	66	-16	16	1122	66	-16	16	1122	66	-16	16	1122	66	-16	16	1122	66	-16	16	1122	66	-16	16	1122	66	-16	16	1122	66	-16	16	1122	66	-16	16	1122	66	-16	16	1122
67	-14	14	1136	67	-14	14	1136	67	-14	14	1136	67	-14	14	1136	67	-14	14	1136	67	-14	14	1136	67	-14	14	1136	67	-14	14	1136	67	-14	14	1136	67	-14	14	1136	67	-14	14	1136	67	-14	14	1136	67	-14	14	1136	67	-14	14	1136	67	-14	14	1136	67	-14	14	1136	67	-14	14	1136	67	-14	14	1136	67	-14	14	1136	67	-14	14	1136	67	-14	14	1136	67	-14	14	1136	67	-14	14	1136	67	-14	14	1136	67	-14	14	1136	67	-14	14	1136	67	-14	14	1136	67	-14	14	1136
68	-17	17	1153	68	-17	17	1153	68	-17	17	1153	68	-17	17	1153	68	-17	17	1153	68	-17	17	1153	68	-17	17	1153	68	-17	17	1153	68	-17	17	1153	68	-17	17	1153	68	-17	17	1153	68	-17	17	1153	68	-17	17	1153	68	-17	17	1153	68	-17	17	1153	68	-17	17	1153	68	-17	17	1153	68	-17	17	1153	68	-17	17	1153	68	-17	17	1153	68	-17	17	1153	68	-17	17	1153	68	-17	17	1153	68	-17	17	1153	68	-17	17	1153	68	-17	17	1153	68	-17	17	1153	68	-17	17	1153
69	-14	14	1167	69	-14	14	1167	69	-14	14	1167	69	-14	14	1167	69	-14	14	1167	69	-14	14	1167	69	-14	14	1167	69	-14	14	1167	69	-14	14	1167	69	-14	14	1167	69	-14	14	1167	69	-14	14	1167	69	-14	14	1167	69	-14	14	1167	69	-14	14	1167	69	-14	14	1167	69	-14	14	1167	69	-14	14	1167	69	-14	14	1167	69	-14	14	1167	69	-14	14	1167	69	-14	14	1167	69	-14	14	1167	69	-14	14	1167	69	-14	14	1167	69	-14	14	1167	69	-14	14	1167	69	-14	14	1167
70	-13	13	1180	70	-13	13	1180	70	-13	13	1180	70	-13	13	1180	70	-13	13	1180	70	-13	13	1180	70	-13	13	1180	70	-13	13	1180	70	-13	13	1180	70	-13	13	1180	70	-13	13	1180	70	-13	13	1180	70	-13	13	1180	70	-13	13	1180	70	-13	13	1180	70	-13	13	1180	70	-13	13	1180	70	-13	13	1180	70	-13	13	1180	70	-13	13	1180	70	-13	13	1180	70	-13	13	1180	70	-13	13	1180	70	-13	13	1180	70	-13	13	1180	70	-13	13	1180	70	-13	13	1180	70	-13	13	1180
71	-13	13	1193	71	-13	13	1193	71	-13	13	1193	71	-13	13	1193	71	-13	13	1193	71	-13	13	1193	71	-13	13	1193	71	-13	13	1193	71	-13	13	1193	71	-13	13	1193	71	-13	13	1193	71	-13	13	1193	71	-13	13	1193	71	-13	13	1193	71	-13	13	1193	71	-13	13	1193	71	-13	13	1193	71	-13	13	1193	71	-13	13	1193	71	-13	13	1193	71	-13	13	1193	71	-13	13	1193	71	-13	13	1193	71	-13	13	1193	71	-13	13	1193	71	-13	13	1193	71	-13	13	1193	71	-13	13	1193
72	-17	17	1210	72	-17	17	1210	72	-17	17	1210	72	-17	17	1210	72	-17	17	1210	72	-17	17	1210	72	-17	17	1210	72	-17	17	1210	72	-17	17	1210	72	-17	17	1210	72	-17	17	1210	72	-17	17	1210	72	-17	17	1210	72	-17	17	1210	72	-17	17	1210	72	-17	17	1210	72	-17	17	1210	72	-17	17	1210	72	-17	17	1210	72	-17	17	1210	72	-17	17	1210	72	-17	17	1210	72	-17	17	1210	72	-17	17	1210	72	-17	17	1210	72	-17	17	1210	72	-17	17	1210	72	-17	17	1210
73	-13	13	1223	73	-13	13	1223	73	-13	13	1223	73	-13	13	1223	73	-13	13	1223	73	-13	13	1223	73	-13	13	1223	73	-13	13	1223	73	-13	13	1223	73	-13	13	1223	73	-13	13	1223	73	-13	13	1223	73	-13	13	1223	73	-13	13	1223	73	-13	13	1223	73	-13	13	1223	73	-13	13	1223	73	-13	13	1223	73	-13	13	1223	73	-13	13	1223	73	-13	13	1223	73	-13	13	1223	73	-13	13	1223	73	-13	13	1223	73	-13	13	1223	73	-13	13	1223	73	-13	13	1223	73	-13	13	1223
74	-13	13	1236	74	-13	13	1236	74	-13	13	1236	74	-13	13	1236	74	-13	13	1236	74	-13	13	1236	74	-13	13	1236	74	-13	13	1236	74	-13	13	1236	74	-13	13	1236	74	-13	13	1236	74	-13	13	1236	74	-13	13	1236	74	-13	13	1236	74	-13	13	1236	74	-13	13	1236	74	-13	13	1236	74	-13	13	1236	74	-13	13	1236	74	-13	13	1236	74	-13	13	1236	74	-13	13	1236	74	-13	13	1236	74	-13	13	1236	74	-13	13	1236	74	-13	13	1236	74	-13	13	1236	74	-13	13	1236
75	-13	13	1249	75	-13	13	1249	75	-13	13	1249	75	-13	13	1249	75	-13	13	1249	75	-13	13	1249	75	-13	13	1249	75	-13	13	1249	75	-13	13	1249	75	-13	13	1249	75	-13	13	1249	75	-13	13	1249	75	-13	13	1249	75	-13	13	1249	75	-13	13	1249	75	-13	13	1249	75	-13	13	1249	75	-13	13	1249	75	-13	13	1249	75	-13	13	1249	75	-13	13	1249	75	-13	13	1249	75	-13	13	1249	75	-13	13	1249	75	-13	13	1249	75	-13	13	1249	75	-13	13	1249	75	-13	13	1249
76	-13	13	1262	76	-13	13	1262	76	-13	13	1262	76	-13	13	1262	76	-13	13	1262	76	-13	13	1262	76	-13	13	1262	76	-13	13	1262	76	-13	13	1262	76	-13	13	1262	76	-13	13	1262	76	-13	13	1262	76	-13	13	1262	76	-13	13	1262	76	-13	13	1262	76	-13	13	1262	76	-13	13	1262	76	-13	13	1262	76	-13	13	1262	76	-13	13	1262	76	-13	13	1262	76	-13	13	1262	76	-13	13	1262	76	-13	13	1262	76	-13	13	1262	76	-13	13	1262	76	-13	13	1262	76	-13	13	1262
77	-223	25	1287	77	-223	25	1287	77	-223	25	1287	77	-223	25	1287	77	-223	25	1287	77	-223	25	1287	77	-223	25	1287	77	-223	25	1287	77	-223	25	1287	77	-223	25	1287	77	-223	25	1287	77	-223	25	1287	77	-223	25	1287	77	-223	25	1287	77	-223	25	1287	77	-223	25	1287	77	-223	25	1287	77	-223	25	1287	77	-223	25	1287	77	-223	25	1287	77	-223	25	1287	77	-223	25	1287	77	-223	25	1287	77	-223	25	1287	77	-223	25	1287	77	-223	25	1287	77	-223	25	1287	77	-223	25	1287
78	-13	13	1300	78	-13	13	1300	78	-13	13	1300	78	-13	13	1300	78	-13	13	1300	78	-13	13	1300	78	-13	13	1300	78	-13	13	1300	78	-13	13	1300	78	-13	13	1300	78	-13	13	1300	78	-13	13	1300	78	-13	13	1300	78	-13	13	1300	78	-13	13	1300	78	-13	13	1300	78	-13	13	1300	78	-13	13	1300	78	-13	13	1300	78	-13	13	1300	78	-13	13	1300	78	-13	13	1300	78	-13	13	1300	78	-13	13	1300	78	-13	13	1300	78	-13	13	1300	78	-13	13	1300	78	-13	13	1300
79	-13	13	1313	79	-13	13	1313	79	-13	13	1313	79	-13	13	1313	79	-13	13	1313	79	-13	13	1313	79	-13	13	1313	79	-13	13	1313	79	-13	13	1313	79	-13	13	1313	79	-13	13	1313	79	-13	13	1313	79	-13	13	1313	79	-13	13	1313	79	-13	13	1313	79	-13	13	1313	79	-13	13	1313	79	-13	13	1313	79	-13	13	1313	79	-13	13	1313	79	-13	13	1313	79	-13	13	1313	79	-13	13	1313	79	-13	13	1313	79	-13	13	1313	79	-13	13	1313	79	-13	13	1313	79	-13	13	1313
80	-118	19	1332	80	-118	19	1332	80	-118	19	1332	80	-118	19	1332	80	-118	19	1332	80	-118	19	1332	80	-118	19	1332	80	-118	19	1332	80	-118	19	1332	80	-118	19	1332	80	-118	19	1332	80	-118	19	1332	80	-118	19	1332	80	-118	19	1332	80	-118	19	1332	80	-118	19	1332	80	-118	19	1332	80	-118	19	1332	80	-118	19	1332	80	-118	19	1332	80	-118	19	1332	80	-118	19	1332	80	-118	19	1332	80	-118	19	1332	80	-118	19	1332	80	-118	19	1332	80	-118	19	1332	80	-118	19	1332
81	-13	13	1345	81	-13	13	1345	81	-13	13	1345	81	-13	13	1345	81	-13	13	1345	81	-13	13	1345	81	-13	13	1345	81	-13	13	1345	81	-13	13	1345	81	-13	13	1345	81	-13	13	1345	81	-13	13	1345	81	-13	13	1345	81	-13	13	1345	81	-13	13	1345	81	-13	13	1345	81	-13	13	1345	81	-13	13	1345	81	-13	13	1345	81	-13	13	1345	81	-13	13	1345	81	-13	13	1345	81	-13	13	1345	81	-13	13	1345	81	-13	13	1345	81	-13	13	1345	81	-13	13	1345	81	-13	13	1345
82	-113	14	1359	82	-113	14	1359	82	-113	14	1359	82	-113	14	1359	82	-113	14	1359	82	-113	14	1359	82	-113	14	1359	82	-113	14	1359	82	-113	14	1359	82	-113	14	1359	82	-113	14	1359	82	-113	14	1359	82	-113	14	1359	82	-113	14	1359	82	-113	14	1359	82	-113	14	1359	82	-113	14	1359	82	-113	14	1359	82	-113	14	1359	82	-113	14	1359	82	-113	14	1359	82	-113	14	1359	82	-113	14	1359	82	-113	14	1359	82	-113	14	1359	82	-113	14	1359	82	-113	14	1359	82	-113	14	1359
83	-13	13	1372	83	-13	13	1372	83	-13	13	1372	83	-13	13	1372	83	-13	13	1372	83	-13	13	1372	83	-13	13	1372	83	-13	13	1372	83	-13	13	1372	83	-13	13	1372	83	-13	13	1372	83	-13	13	1372	83	-13	13	1372	83	-13	13	1372	83	-13	13	1372	83	-13	13	1372	83	-13	13	1372	83	-13	13	1372	83	-13	13	1372	83	-13	13	1372	83	-13	13	1372	83	-13	13	1372	83	-13	13	1372	83	-13	13	1372	83	-13	13	1372	83	-13	13	1372	83	-13	13	1372	83	-13	13	1372
84	-15	15	1387	84	-15	15	1387	84	-15	15	1387	84	-15	15	1387	84	-15	15	1387	84	-15	15	1387	84	-15	15	1387	84	-15	15	1387	84	-15	15	1387	84	-15	15	1387	84	-15	15	1387	84	-15	15	1387	84	-15	15	1387	84	-15	15	1387	84	-15	15	1387	84	-15	15	1387	84	-15	15	1387	84	-15	15	1387	84	-15	15	1387	84	-15	15	1387	84	-15	15	1387	84	-15	15	1387	84	-15	15	1387	84	-15	15	1387	84	-15	15	1387	84	-15	15	1387	84	-15	15	1387	84	-15	15	1387
85	-15	15	1402	85	-15	15	1402	85	-15	15	1402	85	-15	15	1402	85	-15	15	1402	85	-15	15	1402	85	-15	15	1402	85	-15	15	1402	85	-15	15	1402	85	-15	15	1402	85	-15	15	1402	85	-15	15	1402	85	-15	15	1402	85	-15	15	1402	85	-15	15	1402	85	-15	15	1402	85	-15	15	1402	85	-15	15	1402	85	-15	15	1402	85	-15	15	1402	85	-15	15	1402	85	-15	15	1402	85	-15	15	1402	85	-15	15	1402	85	-15	15	1402	85	-15	15	1402	85	-15	15	1402	85	-15	15	1402
86	-14	14	1416	86	-14	14	1416	86	-14	14	1416	86	-14	14	1416	86	-14	14	1416	86	-14	14	1416	86	-14	14	1416	86	-14	14	1416	86	-14	14	1416	86	-14	14	1416	86	-14	14	1416	86	-14	14	1416	86	-14	14	1416	86	-14	14	1416	86	-14	14	1416	86	-14	14	1416	86	-14	14	1416	86	-14	14	1416	86	-14	14	1416	86	-14	14	1416	86	-14	14	1416	86	-14	14	1416	86	-14	14	1416	86	-14	14	1416	86	-14	14	1416	86	-14	14	1416	86	-14	14	1416	86	-14	14	1416
87	-15	15	1431	87	-15	15	1431	87	-15	15	1431	87	-15	15	1431	87	-15	15	1431	87	-15	15	1431	87	-15	15	1431	87	-15	15	1431	87	-15	15	1431	87	-15	15	1431	87	-15	15	1431	87	-15	15	1431	87	-15	15	1431	87	-15	15	1431	87	-15	15	1431	87	-15	15	1431	87	-15	15	1431	87	-15	15	1431	87	-15	15	1431	87	-15	15	1431	87	-15	15	1431	87	-15	15	1431	87	-15	15	1431	87	-15	15	1431	87	-15	15	1431	87	-15	15	1431	87	-15	15	1431	87	-15	15	1431
88	-117	18	1449	88	-117	18	1449	88	-117	18	1449	88	-117	18	1449	88	-117	18	1449	88	-117	18	1449	88	-117	18	1449	88	-117	18	1449	88	-117	18	1449	88	-117	18	1449	88	-117	18	1449	88	-117	18	1449	88	-117	18	1449	88	-117	18	1449	88	-117	18	1449	88	-117	18	1449	88	-117	18	1449	88	-117	18	1449	88	-117	18	1449	88	-117	18	1449	88	-117	18	1449	88	-117	18	1449	88	-117	18	1449	88	-117	18	1449	88	-117	18	1449	88	-117	18	1449	88	-117	18	1449	88	-117	18	1449
89	-14	14	1463	89	-14	14	1463	89	-14	14	1463	89	-14	14	1463	89	-14	14	1463	89	-14	14	1463	89	-14	14	1463	89	-14	14	1463	89	-14	14	1463	89	-14	14	1463	89	-14	14	1463	89	-14	14	1463	89	-14	14	1463	89	-14	14	1463	89	-14	14	1463	89	-14	14	1463	89	-14	14	1463	89	-14	14	1463	89	-14	14	1463	89	-14	14	1463	89	-14	14	1463	89	-14	14	1463	89	-14	14	1463	89	-14	14	1463	89	-14	14	1463	89	-14	14	1463	89	-14	14	1463	89	-14	14	1463
90	-17	17	1480	90	-17	17	1480	90	-17	17	1480	90	-17	17	1480	90	-17	17	1480	90	-17	17	1480	90	-17	17	1480	90	-17	17	1480	90	-17	17	1480	90	-17	17	1480	90	-17	17	1480	90	-17	17	1480	90	-17	17	1480	90	-17	17	1480	90	-17	17	1480	90	-17	17	1480	90	-17	17	1480	90	-17	17	1480	90	-17	17	1480	90	-17	17	1480	90	-17	17	1480	90	-17	17	1480	90	-17	17	1480	90	-17	17	1480	90	-17	17	1480	90	-17	17	1480	90	-17	17	1480	90	-17	17	1480
91	-123	24	1504	91	-123	24	1504	91	-123	24	1504	91	-123	24	1504	91	-123	24	1504	91	-123	24	1504	91	-123	24	1504	91	-123	24	1504	91	-123	24	1504	91	-123	24	1504	91	-123	24	1504	91	-123	24	1504	91	-123	24	1504	91	-123	24	1504	91	-123	24	1504	91	-123	24	1504	91	-123	24	1504	91	-123	24	1504	91	-123	24	1504	91	-123	24	1504	91	-123	24	1504	91	-123	24	1504	91	-123	24	1504	91	-123	24	1504	91	-123	24	1504	91	-123	24	1504	91	-123	24	1504	91	-123	24	1504
92	-14	14	1518	92	-14	14	1518	92	-14	14	1518	92	-14	14	1518	92	-14	14	1518	92	-14	14	1518	92	-14	14	1518	92	-14	14	1518	92	-14	14	1518	92	-14	14	1518	92	-14	14	1518	92	-14	14	1518	92	-14	14	1518	92	-14	14	1518	92	-14	14	1518	92	-14	14	1518	92	-14	14	1518	92	-14	14	1518	92	-14	14	1518	92	-14	14	1518	92	-14	14	1518	92	-14	14	1518	92	-14	14	1518	92	-14	14	1518	92	-14	14	1518	92	-14	14	1518	92	-14	14	1518	92	-14	14	1518
93	-119	20	1538	93	-119	20	1538	93	-119	20	1538	93	-119	20	1538	93	-119	20	1538	93	-119	20	1538	93	-119	20	1538	93	-119	20	1538	93	-119	20	1538	93	-119	20	1538	93	-119	20	1538	93	-119	20	1538	93	-119	20	1538	93	-119	20	1538	93	-119	20	1538	93	-119	20	1538	93	-119	20	1538	93	-119	20	1538	93	-119	20	1538	93	-119	20	1538	93	-119	20	1538	93	-119	20	1538	93	-119	20	1538	93	-119	20	1538	93	-119	20	1538	93	-119	20	1538	93	-119	20	1538	93	-119	20	1538
94	-16	16	1554	94	-16	16	1554	94	-16	16	1554	94	-16	16	1554	94	-16	16	1554	94	-16	16	1554	94	-16	16	1554	94	-16	16	1554	94	-16	16	1554	94	-16	16	1554	94	-16	16	1554	94	-16	16	1554	94	-16	16	1554	94	-16	16	1554	94	-16	16	1554	94	-16	16	1554	94	-16	16	1554	94	-16	16	1554	94	-16	16	1554	94	-16	16	1554	94	-16	16	1554	94	-16	16	1554	94	-16	16	1554	94	-16	16	1554	94	-16	16	1554	94	-16	16	1554	94	-16	16	1554	94	-16	16	1554
95	-13	13	1567	95	-13	13	1567	95	-13	13	1567	95	-13	13	1567	95	-13	13	1567	95	-13	13	1567	95	-13	13	1567	95	-13	13	1567	95	-13	13	1567	95	-13	13	1567	95	-13	13	1567	95	-13	13	1567	95	-13	13	1567	95	-13	13	1567	95	-13	13	1567	95	-13	13	1567	95	-13	13	1567	95	-13	13	1567	95	-13	13	1567	95	-13	13	1567	95	-13	13	1567	95	-13	13	1567	95	-13	13	1567	95	-13	13	1567	95	-13	13	1567	95	-13	13	1567	95	-13	13	1567	95	-13	13	1567
96	-13	13	1580	96	-13	13	1580	96	-13	13	1580	96	-13	13	1580	96	-13	13	1580	96	-13	13	1580	96	-13	13	1580	96	-13	13	1580	96	-13	13	1580	96	-13	13	1580	96	-13	13	1580	96	-13	13	1580	96	-13	13	1580	96	-13	13	1580	96	-13	13	1580	96	-13	13	1580	96	-13	13	1580	96	-13	13	1580	96	-13	13	1580	96	-13	13	1580	96	-13	13	1580	96	-13	13	1580	96	-13	13	1580	96	-13	13	1580	96	-13	13	1580	96	-13	13	1580	96	-13	13	1580	96	-13	13	1580
97	-15	15	1595	97	-15	15	1595	97	-15	15	1595	97	-15	15	1595	97	-15	15	1595	97	-15	15	1595	97	-15	15	1595	97	-15	15	1595	97	-15	15	1595	97	-15	15	1595	97	-15	15	1595	97	-15	15	1595	97	-15	15	1595	97	-15	15	1595	97	-15	15	1595	97	-15	15	1595	97	-15	15	1595	97	-15	15	1595	97	-15	15	1595	97	-15	15	1595	97	-15	15	1595	97	-15	15	1595	97	-15	15	1595	97	-15	15	1595	97	-15	15	1595	97	-15	15	1595	97	-15	15	1595	97	-15	15	1595
98	-15	15	1610	98	-15	15	1610	98	-15	15	1610	98	-15	15	1610	98	-15	15	1610	98	-15	15	1610	98	-15	15	1610	98	-15	15	1610	98	-15	15	1610	98	-15	15	1610	98	-15	15	1610	98	-15	15	1610	98	-15	15	1610	98	-15	15	1610	98	-15	15	1610	98	-15	15	1610	98	-15	15	1610	98	-15	15	1610	98	-15	15	1610	98	-15	15	1610	98	-15	15	1610	98	-15	15	1610	98	-15	15	1610	98	-15	15	1610	98	-15	15	1610	98	-15	15	1610	98	-15	15	1610	98	-15	15	1610
99	-15	15	1625	99	-15	15	1625	99	-15	15	1625	99	-15	15	1625	99	-15	15	1625	99	-15	15	1625	99	-15	15	1625	99	-15	15	1625	99	-15	15	1625	99	-15	15	1625	99	-15	15	1625	99	-15	15	1625	99	-15	15	1625	99	-15	15	1625	99	-15	15	1625	99	-15	15	1625	99	-15	15	1625	99	-15	15	1625	99	-15	15	1625	99	-15	15	1625	99	-15	15	1625	99	-15	15	1625	99	-15	15	1625	99	-15	15	1625	99	-15	15	1625	99	-15	15	1625	99	-15	15	1625	99	-15	15	1625
100	-122	23	1648	100	-122	23	1648	100	-122	23	1648	100	-122	23	1648	100	-122	23	1648	100	-122	23	1648	100	-122	23	1648	100	-122	23	1648	100	-122	23	1648	100	-122	23	1648	100	-122	23	1648	100	-122	23	1648	100	-122	23	1648	100	-122	23	1648	100	-122	23	1648	100	-122	23	1648	100	-122	23	1648	100	-122	23	1648	100	-122	23	1648	100	-122	23	1648	100	-122	23	1648	100	-122	23	1648	100	-122	23	1648	100	-122	23	1648	100	-122	23	1648	100	-122	23	1648	100	-122	23	1648	100	-122	23	1648
101	-113	14	1662	101	-113	14	1662	101	-113	14	1662	101	-113	14	1662	101	-113	14	1662	101	-113	14	1662	101	-113	14	1662	101	-113	14	1662	101	-113	14	1662	101	-113	14	1662	101	-113	14	1662	101	-113	14	1662	101	-113	14	1662	101	-113	14	1662	101	-113	14	1662	101	-113	14	1662	101	-113	14	1662	101	-113	14	1662	101	-113	14	1662	101	-113	14	1662	101	-113	14	1662	101	-113	14	1662	101	-113	14	1662	101	-113	14	1662	101	-113	14	1662	101	-113	14	1662	101	-113	14	1662	101	-113	14	1662
102	-15	15	1677	102	-15	15	1677	102	-15	15	1677	102	-15	15	1677	102	-15	15	1677	102	-15	15	1677	102	-15	15	1677	102	-15	15	1677	102	-15	15	1677	102	-15	15	1677	102	-15	15	1677	102	-15	15	1677	102	-15	15	1677	102	-15	15	1677	102	-15	15	1677	102	-15	15	1677	102	-15	15	1677	102	-15	15	1677	102	-15	15	1677	102	-15	15	1677	102	-15	15	1677	102	-15	15	1677	102	-15	15	1677	102	-15	15	1677	102	-15	15	1677	102	-15	15	1677	102	-15	15	1677	102	-15	15	1677
103	-15	15	1692	103	-15	15	1692	103	-15	15	1692	103	-15	15	1692	103	-15	15	1692	103	-15	15	1692	103	-15	15	1692	103	-15	15	1692	103	-15	15	1692	103	-15	15	1692	103	-15	15	1692	103	-15	15	1692	103	-15	15	1692	103	-15	15	1692	103	-15	15	1692	103	-15	15	1692	103	-15	15	1692	103	-15	15	1692	103	-15	15	1692	103	-15	15	1692	103	-15	15	1692	103	-15	15	1692	103	-15	15	1692	103	-15	15	1692	103	-15	15	1692	103	-15	15	1692	103	-15	15	1692	103	-15	15	1692
104	-13	13	1705	104	-13	13	1705	104	-13	13	1705	104	-13	13	1705	104	-13	13	1705	104	-13	13	1705	104	-13	13	1705	104	-13	13	1705	104	-13	13	1705	104	-13	13	1705	104	-13	13	1705	104	-13	13	1705	104	-13	13	1705	104	-13	13	1705	104	-13	13	1705	104	-13	13	1705	104	-13	13	1705	104	-13	13	1705	104	-13	13	1705	104	-13	13	1705	104	-13	13	1705	104	-13	13	1705	104	-13	13	1705	104	-13	13	1705	104	-13	13	1705	104	-13	13	1705	104	-13	13	1705	104	-13	13	1705
105	-13	13	1718	105	-13	13	1718	105	-13	13	1718	105	-13	13	1718	105	-13	13	1718	105	-13	13	1718	105	-13	13	1718	105	-13	13	1718	105	-13	13	1718	105	-13	13	1718	105	-13	13	1718	105	-13	13	1718	105	-13	13	1718	105	-13	13	1718	105	-13	13	1718	105	-13	13	1718	105	-13	13	1718	105	-13	13	1718	105	-13	13	1718	105	-13	13	1718	105	-13	13	1718	105	-13	13	1718	105	-13	13	1718	105	-13	13	1718	105	-13	13	1718	105	-13	13	1718	105	-13	13	1718	105	-13	13	1718
106	-18	18	1736	106	-18	18	1736	106	-18	18	1736	106	-18	18	1736	106	-18	18	1736	106	-18	18	1736	106	-18	18	1736	106	-18	18	1736	106	-18	18	1736	106	-18	18	1736	106	-18	18	1736	106	-18	18	1736	106	-18	18	1736	106	-18	18	1736	106	-18	18	1736	106	-18	18	1736	106	-18	18	1736	106	-18	18	1736	106	-18	18	1736	106	-18	18	1736	106	-18	18	1736	106	-18	18	1736	106	-18	18	1736	106	-18	18	1736	106	-18	18	1736	106	-18	18	1736	106	-18	18	1736	106	-18	18	1736
107	-16	16	1752	107	-16	16	1752	107	-16	16	1752	107	-16	16	1752	107	-16	16	1752	107	-16	16	1752	107	-16	16	1752	107	-16	16	1752	107	-16	16	1752	107	-16	16	1752	107	-16	16	1752	107	-16	16	1752	107	-16	16	1752	107	-16	16	1752	107	-16	16	1752	107	-16	16	1752	107	-16	16	1752	107	-16	16	1752	107	-16	16	1752	107	-16	16	1752	107	-16	16	1752	107	-16	16	1752	107	-16	16	1752	107	-16	16	1752	107	-16	16	1752	107	-16	16	1752	107	-16	16	1752	107	-16	16	1752
108	-15	15	1767	108	-15	15	1767	108	-15	15	1767	108	-15	15	1767	108	-15	15	1767	108	-15	15	1767	108	-15	15	1767	108	-15	15	1767	108	-15	15	1767	108	-15	15	1767	108	-15	15	1767	108	-15	15	1767	108	-15	15	1767	108	-15	15	1767	108	-15	15	1767	108	-15	15	1767	108	-15	15	1767	108	-15	15	1767	108	-15	15	1767	108	-15	15	1767	108	-15	15	1767	108	-15	15	1767	108	-15	15	1767	108	-15	15	1767	108	-15	15	1767	108	-15	15	1767	108	-15	15	1767	108	-15	15	1767
109	-15	15	1782	109	-15	15	1782	109	-15	15	1782	109	-15	15	1782	109	-15	15	1782	109	-15	15	1782	109	-15	15	1782	109	-15	15	1782	109	-15	15	1782	109	-15	15	1782	109	-15	15	1782	109	-15	15	1782	109	-15	15	1782	109	-15	15	1782	109	-15	15	1782	109	-15	15	1782	109	-15	15	1782	109	-15	15	1782	109	-15	15	1782	109	-15	15	1782	109	-15	15	1782	109	-15	15	1782	109	-15	15	1782	109	-15	15	1782	109	-15	15	1782	109	-15	15	1782	109	-15	15	1782	109	-15	15	1782
110	-15	15	1797	110	-15	15	1797	110	-15	15	1797	110	-15	15	1797	110	-15	15	1797	110	-15	15	1797	110	-15	15	1797	110	-15	15	1797	110	-15	15	1797	110	-15	15	1797	110	-15	15	1797	110	-15	15	1797	110	-15	15	1797	110	-15	15	1797	110	-15	15	1797	110	-15	15	1797	110	-15	15	1797	110	-15	15	1797	110	-15	15	1797	110	-15	15	1797	110	-15	15	1797	110	-15	15	1797	110	-15	15	1797	110	-15	15	1797	110	-15	15	1797	110	-15	15	1797	110	-15	15	1797	110	-15	15	1797
111	-120	21	1818	111	-120	21	1818	111	-120	21	1818	111	-120	21	1818	111	-120	21	1818	111	-120	21	1818	111	-120	21	1818	111	-120	21	1818	111	-120	21	1818	111	-120	21	1818	111	-120	21	1818	111	-120	21	1818	111	-120	21	1818	111	-120	21	1818	111	-120	21	1818	111	-120	21	1818	111	-120	21	1818	111	-120	21	1818	111	-120	21	1818	111	-120	21	1818	111	-120	21	1818	111	-120	21	1818	111	-120	21	1818	111	-120	21	1818	111	-120	21	1818	111	-120	21	1818	111	-120	21	1818	111	-120	21	1818
112	-13	13	1831	112	-13	13	1831	112	-13	13	1831	112	-13	13	1831	112	-13	13	1831	112	-13	13	1831	112	-13	13	1831	112	-13	13	1831	112	-13	13	1831	112	-13	13	1831	112	-13	13	1831	112	-13	13	1831	112	-13	13	1831	112	-13	13	1831	112	-13	13	1831	112	-13	13	1831	112	-13	13	1831	112	-13	13	1831	112	-13	13	1831	112	-13	13	1831	112	-13	13	1831	112	-13	13	1831	112	-13	13	1831	112	-13	13	1831	112	-13	13	1831	112	-13	13	1831	112	-13	13	1831	112	-13	13	1831
113	-19	19	1850	113	-19	19	1850	113	-19	19	1850	113	-19	19	1850	113	-19	19	1850	113	-19	19	1850	113	-19	19	1850	113	-19	19	1850	113	-19	19	1850	113	-19	19	1850	113	-19	19	1850	113	-19	19	1850	113	-19	19	1850	113	-19	19	1850	113	-19	19	1850	113	-19	19	1850	113	-19	19	1850	113	-19	19	1850	113	-19	19	1850	113	-19	19	1850	113	-19	19	1850	113	-19	19	1850	113	-19	19	1850	113	-19	19	1850	113	-19	19	1850	113	-19	19	1850	113	-19	19	1850	113	-19	19	1850
114	-13	13	1863	114	-13	13	1863	114	-13	13	1863	114	-13	13	1863	114	-13	13	1863	114	-13	13	1863	114	-13	13	1863	114	-13	13	1863	114	-13	13	1863	114	-13	13	1863	114	-13	13	1863	114	-13	13	1863	114	-13	13	1863	114	-13	13	1863	114	-13	13	1863	114	-13	13	1863	114	-13	13	1863	114	-13	13	1863	114	-13	13	1863	114	-13	13	1863	114	-13	13	1863	114	-13	13	1863	114	-13	13	1863	114	-13	13	1863	114	-13	13	1863	114	-13	13	1863	114	-13	13	1863	114	-13	13	1863
115	-15	15	1878	115	-15	15	1878	115	-15	15	1878	115	-15	15	1878	115	-15	15	1878	115	-15	15	1878	115	-15	15	1878	115	-15	15	1878	115	-15	15	1878	115	-15	15	1878	115	-15	15	1878	115	-15	15	1878	115	-15	15	1878	115	-15	15	1878	115	-15	15	1878	115	-15	15	1878	115	-15	15	1878	115	-15	15	1878	115	-15	15	1878	115	-15	15	1878	115	-15	15	1878	115	-15	15	1878	115	-15	15	1878	115	-15	15	1878	115	-15	15	1878	115	-15	15	1878	115	-15	15	1878	115	-15	15	1878
116	-15	15	1893	116	-15	15	1893	116	-15	15	1893	116	-15	15	1893	116	-15	15	1893	116	-15	15	1893	116	-15	15	1893	116	-15	15	1893	116	-15	15	1893	116	-15	15	1893	116	-15	15	1893	116	-15	15	1893	116	-15	15	1893	116	-15	15	1893	116	-15	15	1893	116	-15	15	1893	116	-15	15	1893	116	-15	15	1893	116	-15	15	1893	116	-15	15	1893	116	-15	15	1893	116	-15	15	1893	116	-15	15	1893	116	-15	15	1893	116	-15	15	1893	116	-15	15	1893	116	-15	15	1893	116	-15	15	1893
117	-126	27	1920	117	-126	27	1920	117	-126	27	1920	117	-126	27	1920	117	-126	27	1920	117	-126	27	1920	117	-126	27	1920	117	-126	27	1920	117	-126	27	1920	117	-126	27	1920	117	-126	27	1920	117	-126	27	1920	117	-126	27	1920	117	-126	27	1920	117	-126	27	1920	117	-126	27	1920	117	-126	27	1920	117	-126	27	1920	117	-126	27	1920	117	-126	27	1920	117	-126	27	1920	117	-126	27	1920	117	-126	27	1920	117	-126	27	1920	117	-126	27	1920	117	-126	27	1920	117	-126	27	1920	117	-126	27	1920
118	-13	13	1933	118	-13	13	1933	118	-13	13	1933	118	-13	13	1933	118	-13	13	1933	118	-13	13	1933	118	-13	13	1933	118	-13	13	1933	118	-13	13	1933	118	-13	13	1933	118	-13	13	1933	118	-13	13	1933	118	-13	13	1933	118	-13	13	1933	118	-13	13	1933	118	-13	13	1933	118	-13	13	1933	118	-13	13	1933	118	-13	13	1933	118	-13	13	1933	118	-13	13	1933	118	-13	13	1933	118	-13	13	1933	118	-13	13	1933	118	-13	13	1933	118	-13	13	1933	118	-13	13	1933	118	-13	13	1933
119	-13	13	1946	119	-13	13	1946	119	-13	13	1946	119	-13	13	1946	119	-13	13	1946	119	-13	13	1946	119	-13	13	1946	119	-13	13	1946	119	-13	13	1946	119	-13	13	1946	119	-13	13	1946	119	-13	13	1946	119	-13	13	1946	119	-13	13	1946	119	-13	13	1946	119	-13	13	1946	119	-13	13	1946	119	-13	13	1946	119	-13	13	1946	119	-13	13	1946	119	-13	13	1946	119	-13	13	1946	119	-13	13	1946	119	-13	13	1946	119	-13	13	1946	119	-13	13	1946	119	-13	13	1946	119	-13	13	1946
120	-15	15	1961	120	-15	15	1961	120	-15	15	1961	120	-15	15	1961	120	-15	15	1961	120	-15	15	1961	120	-15	15	1961	120	-15	15	1961	120	-15	15	1961	120	-15	15	1961	120	-15	15	1961	120	-15	15	1961	120	-15	15	1961	120	-15	15	1961	120	-15	15	1961	120	-15	15	1961	120	-15	15	1961	120	-15	15	1961	120	-15	15	1961	120	-15	15	1961	120	-15	15	1961	120	-15	15	1961	120	-15	15	1961	120	-15	15	1961	120	-15	15	1961	120	-15	15	1961	120	-15	15	1961	120	-15	15	1961
121	-13	13	1974	121	-13	13	1974	121	-13	13	1974	121	-13	13	1974	121	-13	13	1974	121	-13	13	1974	121	-13	13	1974	121	-13	13	1974	121	-13	13	1974	121	-13	13	1974	121	-13	13	1974	121	-13	13	1974	121	-13	13	1974	121	-13	13	1974	121	-13	13	1974	121	-13	13	1974	121	-13	13	1974	121	-13	13	1974	121	-13	13	1974	121	-13	13	1974	121	-13	13	1974	121	-13	13	1974	121	-13	13	1974	121	-13	13	1974	121	-13	13	1974	121	-13	13	1974	121	-13	13	1974	121	-13	13	1974
122	-17	17	1991	122	-17	17	1991	122	-17	17	1991	122	-17	17	1991	122	-17	17	1991	122	-17	17	1991	122	-17	17	1991	122	-17	17	1991	122	-17	17	1991	122	-17	17	1991	122	-17	17	1991	122	-17	17	1991	122	-17	17	1991	122	-17	17	1991	122	-17	17	1991	122	-17	17	1991	122	-17	17	1991	122	-17	17	1991	122	-17	17	1991	122	-17	17	1991	122	-17	17	1991	122	-17	17	1991	122	-17	17	1991	122	-17	17	1991	122	-17	17	1991	122	-17	17	1991	122	-17	17	1991	122	-17	17	1991
123	-127	28	2019	123	-127	28	2019	123	-127	28	2019	123	-127	28	2019	123	-127	28	2019	123	-127	28	2019	123	-127	28	2019	123	-127	28	2019	123	-127	28	2019	123	-127	28	2019	123	-127	28	2019	123	-127	28	2019	123	-127	28	2019	123	-127	28	2019	123	-127	28	2019	123	-127	28	2019	123	-127	28	2019	123	-127	28	2019	123	-127	28	2019	123	-127	28	2019	123	-127	28	2019	123	-127	28	2019	123	-127	28	2019	123	-127	28	2019	123	-127	28	2019	123	-127	28	2019	123	-127	28	2019	123	-127	28	2019
124	-15	15	2034	124	-15	15	2034	124	-15	15	2034	124	-15	15	2034	124	-15	15	2034	124	-15	15	2034	124	-15	15	2034	124	-15	15	2034	124	-15	15	2034	124	-15	15	2034	124	-15	15	2034	124	-15	15	2034	124	-15	15	2034	124	-15	15	2034	124	-15	15	2034	124	-15	15	2034	124	-15	15	2034	124	-15	15	2034	124	-15	15	2034	124	-15	15	2034	124	-15	15	2034	124	-15	15	2034	124	-15	15	2034	124	-15	15	2034	124	-15	15	2034	124	-15	15	2034	124	-15	15	2034	124	-15	15	2034
125	-13	13	2047	125	-13	13	2047	125	-13	13	2047	125	-13	13	2047	125	-13	13	2047	125	-13	13	2047	125	-13	13	2047	125	-13	13	2047	125	-13	13	2047	125	-13	13	2047	125	-13	13	2047	125	-13	13	2047	125	-13	13	2047	125	-13	13	2047	125	-13	13	2047	125	-13	13	2047	125	-13	13	2047	125	-13	13	2047	125	-13	13	2047	125	-13	13	2047	125	-13	13	2047	125	-13	13	2047	125	-13	13	2047	125	-13	13	2047	125	-13	13	2047	125	-13	13	2047	125	-13	13	2047	125	-13	13	2047
126	-15	15	2062	126	-15	15	2062	126	-15	15	2062	126	-15	15	2062	126	-15	15	2062	126	-15	15	2062	126	-15	15	2062	126	-15	15	2062	126	-15	15	2062	126	-15	15	2062	126	-15	15	2062	126	-15	15	2062	126	-15	15	2062	126	-15	15	2062	126	-15	15	2062	126	-15	15	2062	126	-15	15	2062	126	-15	15	2062	126	-15	15	2062	126	-15	15	2062	126	-15	15	2062	126	-15	15	2062	126	-15	15	2062	126	-15	15	2062	126	-15	15	2062	126	-15	15	2062	126	-15	15	2062	126	-15	15	2062
127	-19	19	2081	127	-19	19	2081	127	-19	19	2081	127	-19	19	2081	127	-19	19	2081	127	-19	19	2081	127	-19	19	2081	127	-19	19	2081	127	-19	19	2081	127	-19	19	2081	127	-19	19	2081	127	-19	19	2081	127	-19	19	2081	127	-19	19	2081	127	-19	19	2081	127	-19	19	2081	127	-19	19	2081	127	-19	19	2081	127	-19	19	2081	127	-19	19	2081	127	-19	19	2081	127	-19	19	2081	127	-19	19	2081	127	-19	19	2081	127	-19	19	2081	127	-19	19	2081	127	-19	19	2081	127	-19	19	2081
128	-15	15	2096	128	-15	15	2096	128	-15	15	2096	128	-15	15	2096	128	-15	15	2096	128	-15	15	2096	128	-15	15	2096	128	-15	15	2096	128	-15	15	2096	128	-15	15	2096	128	-15	15	2096	128	-15	15	2096	128	-15	15	2096	128	-15	15	2096	128	-15	15	2096	128	-15	15	2096	128	-15	15	2096	128	-15	15	2096	128	-15	15	2096	128	-15	15	2096	128	-15	15	2096	128	-15	15	2096	128	-15	15	2096	128	-15	15	2096	128	-15	15	2096	128	-15	15	2096	128	-15	15	2096	128	-15	15	2096
129	-17	17	2113	129	-17	17	2113	129	-17	17	2113	129	-17	17	2113	129	-17	17	2113	129	-17	17	2113	129	-17	17	2113	129	-17	17	2113	129	-17	17	2113	129	-17	17	2113	129	-17	17	2113	129	-17	17	2113	129	-17	17	2113	129	-17	17	2113	129	-17	17	2113	129	-17	17	2113	129	-17	17	2113	129	-17	17	2113	129	-17	17	2113	129	-17	17	2113	129	-17	17	2113	129	-17	17	2113	129	-17	17	2113	129	-17	17	2113	129	-17	17	2113	129	-17	17	2113	129	-17	17	2113	129	-17	17	2113
130	-15	15	2128	130	-15	15	2128	130	-15	15	2128	130	-15	15	2128	130	-15	15	2128	130	-15	15	2128	130	-15	15	2128	130	-15	15	2128	130	-15	15	2128	130	-15	15	2128	130	-15	15	2128	130	-15	15	2128	130	-15	15	2128	130	-15	15	2128	130	-15	15	2128	130	-15	15	2128	130	-15	15	2128	130	-15	15	2128	130	-15	15	2128	130	-15	15	2128	130	-15	15	2128	130	-15	15	2128	130	-15	15	2128	130	-15	15	2128	130	-15	15	2128	130	-15	15	2128	130	-15	15	2128	130	-15	15	2128
131	-116	17	2145	131	-116	17	2145	131	-116	17	2145	131	-116	17	2145	131	-116	17	2145	131	-116	17	2145	131	-116	17	2145	131	-116	17	2145	131	-116	17	2145	131	-116	17	2145	131	-116	17	2145	131	-116	17	2145	131	-116	17	2145	131	-116	17	2145	131	-116	17	2145	131	-116	17	2145	131	-116	17	2145	131	-116	17	2145	131	-116	17	2145	131	-116	17	2145	131	-116	17	2145	131	-116	17	2145	131	-116	17	2145	131	-116	17	2145	131	-116	17	2145	131	-116	17	2145	131	-116	17	2145	131	-116	17	2145
132	-17	17	2162	132	-17	17	2162	132	-17	17	2162	132	-17	17	2162	132	-17	17	2162	132	-17	17	2162	132	-17	17	2162	132	-17	17	2162	132	-17	17	2162	132	-17	17	2162	132	-17	17	2162	132	-17	17	2162	132	-17	17	2162	132	-17	17	2162	132	-17	17	2162	132	-17	17	2162	132	-17	17	2162	132	-17	17	2162	132	-17	17	2162	132	-17	17	2162	132	-17	17	2162	132	-17	17	2162	132	-17	17	2162	132	-17	17	2162	132	-17	17	2162	132	-17	17	2162	132	-17	17	2162	132	-17	17	2162
133	-13	13	2175	133	-13	13	2175	133	-13	13	2175	133	-13	13	2175	133	-13	13	2175	133	-13	13	2175	133	-13	13	2175	133	-13	13	2175	133	-13	13	2175	133	-13	13	2175	133	-13	13	2175	133	-13	13	2175	133	-13	13	2175	133	-13	13	2175	133	-13	13	2175	133	-13	13	2175	133	-13	13	2175	133	-13	13	2175	133	-13	13	2175	133	-13	13	2175	133	-13	13	2175	133	-13	13	2175	133	-13	13	2175	133	-13	13	2175	133	-13	13	2175	133	-13	13	2175	133	-13	13	2175	133	-13	13	2175
134	-13	13	2188	134	-13	13	2188	134	-13	13	2188	134	-13	13	2188	134	-13	13	2188	134	-13	13	2188	134	-13	13	2188	134	-13	13	2188	134	-13	13	2188	134	-13	13	2188	134	-13	13	2188	134	-13	13	2188	134	-13	13	2188	134	-13	13	2188	134	-13	13	2188	134	-13	13	2188	134	-13	13	2188	134	-13	13	2188	134	-13	13	2188	134	-13	13	2188	134	-13	13	2188	134	-13	13	2188	134	-13	13	2188	134	-13	13	2188	134	-13	13	2188	134	-13	13	2188	134	-13	13	2188	134	-13	13	2188
135	-13	13	2201	135	-13	13	2201	135	-13	13	2201	135	-13	13	2201	135	-13	13	2201	135	-13	13	2201	135	-13	13	2201	135	-13	13	2201	135	-13	13	2201	135	-13	13	2201	135	-13	13	2201	135	-13	13	2201	135	-13	13	2201	135	-13	13	2201	135	-13	13	2201	135	-13	13	2201	135	-13	13	2201	135	-13	13	2201	135	-13	13	2201	135	-13	13	2201	135	-13	13	2201	135	-13	13	2201	135	-13	13	2201	135	-13	13	2201	135	-13	13	2201	135	-13	13	2201	135	-13	13	2201	135	-13	13	2201
136	-230	32	2233	136	-230	32	2233	136	-230	32	2233	136	-230	32	2233	136	-230	32	2233	136	-230	32	2233	136	-230	32	2233	136	-230	32	2233	136	-230	32	2233	136	-230	32	2233	136	-230	32	2233	136	-230	32	2233	136	-230	32	2233	136	-230	32	2233	136	-230	32	2233	136	-230	32	2233	136	-230	32	2233	136	-230	32	2233	136	-230	32	2233	136	-230	32	2233	136	-230	32	2233	136	-230	32	2233	136	-230	32	2233	136	-230	32	2233	136	-230	32	2233	136	-230	32	2233	136	-230	32	2233	136	-230	32	2233
137	-13	13	2246	137	-13	13	2246	137	-13	13	2246	137	-13	13	2246	137	-13	13	2246	137	-13	13	2246	137	-13	13	2246	137	-13	13	2246	137	-13	13	2246	137	-13	13	2246	137	-13	13	2246	137	-13	13	2246	137	-13	13	2246	137	-13	13	2246	137	-13	13	2246	137	-13	13	2246	137	-13	13	2246	137	-13	13	2246	137	-13	13	2246	137	-13	13	2246	137	-13	13	2246	137	-13	13	2246	137	-13	13	2246	137	-13	13	2246	137	-13	13	2246	137	-13	13	2246	137	-13	13	2246	137	-13	13	2246
138	-13	13	2259	138	-13	13	2259	138	-13	13	2259	138	-13	13	2259	138	-13	13	2259	138	-13	13	2259	138	-13	13	2259	138	-13	13	2259	138	-13	13	2259	138	-13	13	2259	138	-13	13	2259	138	-13	13	2259	138	-13	13	2259	138	-13	13	2259	138	-13	13	2259	138	-13	13	2259	138	-13	13	2259	138	-13	13	2259	138	-13	13	2259	138	-13	13	2259	138	-13	13	2259	138	-13	13	2259	138	-13	13	2259	138	-13	13	2259	138	-13	13	2259	138	-13	13	2259	138	-13	13	2259	138	-13	13	2259
139	-13	13	2272	139	-13	13	2272	139	-13	13	2272	139	-13	13	2272	139	-13	13	2272	139	-13	13	2272	139	-13	13	2272	139	-13	13	2272	139	-13	13	2272	139	-13	13	2272	139	-13	13	2272	139	-13	13	2272	139	-13	13	2272	139	-13	13	2272	139	-13	13	2272	139	-13	13	2272	139	-13	13	2272	139	-13	13	2272	139	-13	13	2272	139	-13	13	2272	139	-13	13	2272	139	-13	13	2272	139	-13	13	2272	139	-13	13	2272	139	-13	13	2272	139	-13	13	2272	139	-13	13	2272	139	-13	13	2272
140	-15	15	2287	140	-15	15	2287	140	-15	15	2287	140	-15	15	2287	140	-15	15	2287	140	-15	15	2287	140	-15	15	2287	140	-15	15	2287	140	-15	15	2287	140	-15	15	2287	140	-15	15	2287	140	-15	15	2287	140	-15	15	2287	140	-15	15	2287	140	-15	15	2287	140	-15	15	2287	140	-15	15	2287	140	-15	15	2287	140	-15	15	2287	140	-15	15	2287	140	-15	15	2287	140	-15	15	2287	140	-15	15	2287	140	-15	15	2287	140	-15	15	2287	140	-15	15	2287	140	-15	15	2287	140	-15	15	2287
141	-120	21	2308	141	-120	21	2308	141	-120	21	2308	141	-120	21	2308	141	-120	21	2308	141	-120	21	2308	141	-120	21	2308	141	-120	21	2308	141	-120	21	2308	141	-120	21	2308	141	-120	21	2308	141	-120	21	2308	141	-120	21	2308	141	-120	21	2308	141	-120	21	2308	141	-120	21	2308	141	-120	21	2308	141	-120	21	2308	141	-120	21	2308	141	-120	21	2308	141	-120	21	2308	141	-120	21	2308	141	-120	21	2308	141	-120	21	2308	141	-120	21	2308	141	-120	21	2308	141	-120	21	2308	141	-120	21	2308
142	-13	13	2321	142	-13	13	2321	142	-13	13	2321	142	-13	13	2321	142	-13	13	2321	142	-13	13	2321	142	-13	13	2321	142	-13	13	2321	142	-13	13	2321	142	-13	13	2321	142	-13	13	2321	142	-13	13	2321	142	-13	13	2321	142	-13	13	2321	142	-13	13	2321	142	-13	13	2321	142	-13	13	2321	142	-13	13	2321	142	-13	13	2321	142	-13	13	2321	142	-13	13	2321	142	-13	13	2321	142	-13	13	2321	142	-13	13	2321	142	-13	13	2321	142	-13	13	2321	142	-13	13	2321	142	-13	13	2321
143	-324	27	2348	143	-324	27	2348	143	-324	27	2348	143	-324	27	2348	143	-324	27	2348	143	-324	27	2348	143	-324	27	2348	143	-324	27	2348	143	-324	27	2348	143	-324	27	2348	143	-324	27	2348	143	-324	27	2348	143	-324	27	2348	143	-324	27	2348	143	-324	27	2348	143	-324	27	2348	143	-324	27	2348	143	-324	27	2348	143	-324	27	2348	143	-324	27	2348	143	-324	27	2348	143	-324	27	2348	143	-324	27	2348	143	-324	27	2348	143	-324	27	2348	143	-324	27	2348	143	-324	27	2348	143	-324	27	2348
144	-15	15	2363	144	-15	15	2363	144	-15	15	2363	144	-15	15	2363	144	-15	15	2363	144	-15	15	2363	144	-15	15	2363	144	-15	15	2363	144	-15	15	2363	144	-15	15	2363	144	-15	15	2363	144	-15	15	2363	144	-15	15	2363	144	-15	15	2363	144	-15	15	2363	144	-15	15	2363	144	-15	15	2363	144	-15	15	2363	144	-15	15	2363	144	-15	15	2363	144	-15	15	2363	144	-15	15	2363	144	-15	15	2363	144	-15	15	2363	144	-15	15	2363	144	-15	15	2363	144	-15	15	2363	144	-15	15	2363
145	-13	13	2376	145	-13	13	2376	145	-13	13	2376	145	-13	13	2376	145	-13	13	2376	145	-13	13	2376	145	-13	13	2376	145	-13	13	2376	145	-13	13	2376	145	-13	13	2376	145	-13	13	2376	145	-13	13	2376	145	-13	13	2376	145	-13	13	2376	145	-13	13	2376	145	-13	13	2376	145	-13	13	2376	145	-13	13	2376	145	-13	13	2376	145	-13	13	2376	145	-13	13	2376	145	-13	13	2376	145	-13	13	2376	145	-13	13	2376	145	-13	13	2376	145	-13	13	2376	145	-13	13	2376	145	-13	13	2376
146	-13	13	2389	146	-13	13	2389	146	-13	13	2389	146	-13	13	2389	146	-13	13	2389	146	-13	13	2389	146	-13	13	2389	146	-13	13	2389	146	-13	13	2389	146	-13	13	2389	146	-13	13	2389	146	-13	13	2389	146	-13	13	2389	146	-13	13	2389	146	-13	13	2389	146	-13	13	2389	146	-13	13	2389	146	-13	13	2389	146	-13	13	2389	146	-13	13	2389	146	-13	13	2389	146	-13	13	2389	146	-13	13	2389	146	-13	13	2389	146	-13	13	2389	146	-13	13	2389	146	-13	13	2389	146	-13	13	2389
147	-15	15	2404	147	-15	15	2404	147	-15	15	2404	147	-15	15	2404	147	-15	15	2404	147	-15	15	2404	147	-15	15	2404	147	-15	15	2404	147	-15	15	2404	147	-15	15	2404	147	-15	15	2404	147	-15	15	2404	147	-15	15	2404	147	-15	15	2404	147	-15	15	2404	147	-15	15	2404	147	-15	15	2404	147	-15	15	2404	147	-15	15	2404	147	-15	15	2404	147	-15	15	2404	147	-15	15	2404	147	-15	15	2404	147	-15	15	2404	147	-15	15	2404	147	-15	15	2404	147	-15	15	2404	147	-15	15	2404
148	-15	15	2419	148	-15	15	2419	148	-15	15	2419	148	-15	15	2419	148	-15	15	2419	148	-15	15	2419	148	-15	15	2419	148	-15	15	2419	148	-15	15	2419	148	-15	15	2419	148	-15	15	2419	148	-15	15	2419	148	-15	15	2419	148	-15	15	2419	148	-15	15	2419	148	-15	15	2419	148	-15	15	2419	148	-15	15	2419	148	-15	15	2419	148	-15	15	2419	148	-15	15	2419	148	-15	15	2419	148	-15	15	2419	148	-15	15	2419	148	-15	15	2419	148	-15	15	2419	148	-15	15	2419	148	-15	15	2419
149	-15	15	2434	149	-15	15	2434	149	-15	15	2434	149	-15	15	2434	149	-15	15	2434	149	-15	15	2434	149	-15	15	2434	149	-15	15	2434	149	-15	15	2434	149	-15	15	2434	149	-15	15	2434	149	-15	15	2434	149	-15	15	2434	149	-15	15	2434	149	-15	15	2434	149	-15	15	2434	149	-15	15	2434	149	-15	15	2434	149	-15	15	2434	149	-15	15	2434	149	-15	15	2434	149	-15	15	2434	149	-15	15	2434	149	-15	15	2434	149	-15	15	2434	149	-15	15	2434	149	-15	15	2434	149	-15	15	2434
150	-15	15	2449	150	-15	15	2449	150	-15	15	2449	150	-15	15	2449	150	-15	15	2449	150	-15	15	2449	150	-15	15	2449	150	-15	15	2449	150	-15	15	2449	150	-15	15	2449	150	-15	15	2449	150	-15	15	2449	150	-15	15	2449	150	-15	15	2449	150	-15	15	2449	150	-15	15	2449	150	-15	15	2449	150	-15	15	2449	150	-15	15	2449	150	-15	15	2449	150	-15	15	2449	150	-15	15	2449	150	-15	15	2449	150	-15	15	2449	150	-15	15	2449	150	-15	15	2449	150	-15	15	2449	150	-15	15	2449
151	-15	15	2464	151	-15	15	2464	151	-15	15	2464	151	-15	15	2464	151	-15	15	2464	151	-15	15	2464	151	-15	15	2464	151	-15	15	2464	151	-15	15	2464	151	-15	15	2464	151	-15	15	2464	151	-15	15	2464	151	-15	15	2464	151	-15	15	2464	151	-15	15	2464	151	-15	15	2464	151	-15	15	2464	151	-15	15	2464	151	-15	15	2464	151	-15	15	2464	151	-15	15	2464	151	-15	15	2464	151	-15	15	2464	151	-15	15	2464	151	-15	15	2464	151	-15	15	2464	151	-15	15	2464	151	-15	15	2464
152	-13	13	2477	152	-13	13	2477	152	-13	13	2477	152	-13	13	2477	152	-13	13	2477	152	-13	13	2477	152	-13	13	2477	152	-13	13	2477	152	-13	13	2477	152	-13	13	2477	152	-13	13	2477	152	-13	13	2477	152	-13	13	2477	152	-13	13	2477	152	-13	13	2477	152	-13	13	2477	152	-13	13	2477	152	-13	13	2477	152	-13	13	2477	152	-13	13	2477	152	-13	13	2477	152	-13	13	2477	152	-13	13	2477	152	-13	13	2477	152	-13	13	2477	152	-13	13	2477	152	-13	13	2477	152	-13	13	2477
153	-325	28	2505	153	-325	28	2505	153	-325	28	2505	153	-325	28	2505	153	-325	28	2505	153	-325	28	2505	153	-325	28	2505	153	-325	28	2505	153	-325	28	2505	153	-325	28	2505	153	-325	28	2505	153	-325	28	2505	153	-325	28	2505	153	-325	28	2505	153	-325	28	2505	153	-325	28	2505	153	-325	28	2505	153	-325	28	2505	153	-325	28	2505	153	-325	28	2505	153	-325	28	2505	153	-325	28	2505	153	-325	28	2505	153	-325	28	2505	153	-325	28	2505	153	-325	28	2505	153	-325	28	2505	153	-325	28	2505
154	-14	14	2519	154	-14	14	2519	154	-14	14	2519	154	-14	14	2519	154	-14	14	2519	154	-14	14	2519	154	-14	14	2519	154	-14	14	2519	154	-14	14	2519	154	-14	14	2519	154	-14	14	2519	154	-14	14	2519	154	-14	14	2519	154	-14	14	2519	154	-14	14	2519	154	-14	14	2519	154	-14	14	2519	154	-14	14	2519	154	-14	14	2519	154	-14	14	2519	154	-14	14	2519	154	-14	14	2519	154	-14	14	2519	154	-14	14	2519	154	-14	14	2519	154	-14	14	2519	154	-14	14	2519	154	-14	14	2519
155	-16	16	2535	155	-16	16	2535	155	-16	16	2535	155	-16	16	2535	155	-16	16	2535	155	-16	16	2535	155	-16	16	2535	155	-16	16	2535	155	-16	16	2535	155	-16	16	2535	155	-16	16	2535	155	-16	16	2535	155	-16	16	2535	155	-16	16	2535	155	-16	16	2535	155	-16	16	2535	155	-16	16	2535	155	-16	16	2535	155	-16	16	2535	155	-16	16	2535	155	-16	16	2535	155	-16	16	2535	155	-16	16	2535	155	-16	16	2535	155	-16	16	2535	155	-16	16	2535	155	-16	16	2535	155	-16	16	2535
156	-13	13	2548	156	-13	13	2548	156	-13	13	2548	156	-13	13	2548	156	-13	13	2548	156	-13	13	2548	156	-13	13	2548	156	-13	13	2548	156	-13	13	2548	156	-13	13	2548	156	-13	13	2548	156	-13	13	2548	156	-13	13	2548	156	-13	13	2548	156	-13	13	2548	156	-13	13	2548	156	-13	13	2548	156	-13	13	2548	156	-13	13	2548	156	-13	13	2548	156	-13	13	2548	156	-13	13	2548	156	-13	13	2548	156	-13	13	2548	156	-13	13	2548	156	-13	13	2548	156	-13	13	2548	156	-13	13	2548
157	-13	13	2561	157	-13	13	2561	157	-13	13	2561	157	-13	13	2561	157	-13	13	2561	157	-13	13	2561	157	-13	13	2561	157	-13	13	2561	157	-13	13	2561	157	-13	13	2561	157	-13	13	2561	157	-13	13	2561	157	-13	13	2561	157	-13	13	2561	157	-13	13	2561	157	-13	13	2561	157	-13	13	2561	157	-13	13	2561	157	-13	13	2561	157	-13	13	2561	157	-13	13	2561	157	-13	13	2561	157	-13	13	2561	157	-13	13	2561	157	-13	13	2561	157	-13	13	2561	157	-13	13	2561	157	-13	13	2561
158	-13	13	2574	158	-13	13	2574	158	-13	13	2574	158	-13	13	2574	158	-13	13	2574	158	-13	13	2574	158	-13	13	2574	158	-13	13	2574	158	-13	13	2574	158	-13	13	2574	158	-13	13	2574	158	-13	13	2574	158	-13	13	2574	158	-13	13	2574	158	-13	13	2574	158	-13	13	2574	158	-13	13	2574	158	-13	13	2574	158	-13	13	2574	158	-13	13	2574	158	-13	13	2574	158	-13	13	2574	158	-13	13	2574	158	-13	13	2574	158	-13	13	2574	158	-13	13	2574	158	-13	13	2574	158	-13	13	2574
159	-222	24	2598	159	-222	24	2598	159	-222	24	2598	159	-222	24	2598	159	-222	24	2598	159	-222	24	2598	159	-222	24	2598	159	-222	24	2598	159	-222	24	2598	159	-222	24	2598	159	-222	24	2598	159	-222	24	2598	159	-222	24	2598	159	-222	24	2598	159	-222	24	2598	159	-222	24	2598	159	-222	24	2598	159	-222	24	2598	159	-222	24	2598	159	-222	24	2598	159	-222	24	2598	159	-222	24	2598	159	-222	24	2598	159	-222	24	2598	159	-222	24	2598	159	-222	24	2598	159	-222	24	2598	159	-222	24	2598
160	-119	20	2618	160	-119	20	2618	160	-119	20	2618	160	-119	20	2618	160	-119	20	2618	160	-119	20	2618	160	-119	20	2618	160	-119	20	2618	160	-119	20	2618	160	-119	20	2618	160	-119	20	2618	160	-119	20	2618	160	-119	20	2618	160	-119	20	2618	160	-119	20	2618	160	-119	20	2618	160	-119	20	2618	160	-119	20	2618	160	-119	20	2618	160	-119	20	2618	160	-119	20	2618	160	-119	20	2618	160	-119	20	2618	160	-119	20	2618	160	-119	20	2618	160	-119	20	2618	160	-119	20	2618	160	-119	20	2618
161	-13	13	2631	161	-13	13	2631	161	-13	13	2631	161	-13	13	2631	161	-13	13	2631	161	-13	13	2631	161	-13	13	2631	161	-13	13	2631	161	-13	13	2631	161	-13	13	2631	161	-13	13	2631	161	-13	13	2631	161	-13	13	2631	161	-13	13	2631	161	-13	13	2631	161	-13	13	2631	161	-13	13	2631	161	-13	13	2631	161	-13	13	2631	161	-13	13	2631	161	-13	13	2631	161	-13	13	2631	161	-13	13	2631	161	-13	13	2631	161	-13	13	2631	161	-13	13	2631	161	-13	13	2631	161	-13	13	2631
162	-344	47	2678	162	-344	47	2678	162	-344	47	2678	162	-344	47	2678	162	-344	47	2678	162	-344	47	2678	162	-344	47	2678	162	-344	47	2678	162	-344	47	2678	162	-344	47	2678	162	-344	47	2678	162	-344	47	2678	162	-344	47	2678	162	-344	47	2678	162	-344	47	2678	162	-344	47	2678	162	-344	47	2678	162	-344	47	2678	162	-344	47	2678	162	-344	47	2678	162	-344	47	2678	162	-344	47	2678	162	-344	47	2678	162	-344	47	2678	162	-344	47	2678	162	-344	47	2678	162	-344	47	2678	162	-344	47	2678
163	-337	40	2718	163	-337	40	2718	163	-337	40	2718	163	-337	40	2718	163	-337	40	2718	163	-337	40	2718	163	-337	40	2718	163	-337	40	2718	163	-337	40	2718	163	-337	40	2718	163	-337	40	2718	163	-337	40	2718	163	-337	40	2718	163	-337	40	2718	163	-337	40	2718	163	-337	40	2718	163	-337	40	2718	163	-337	40	2718	163	-337	40	2718	163	-337	40	2718	163	-337	40	2718	163	-337	40	2718	163	-337	40	2718	163	-337	40	2718	163	-337	40	2718	163	-337	40	2718	163	-337	40	2718	163	-337	40	2718
164	-14	14	2732	164	-14	14	2732	164	-14	14	2732	164	-14	14	2732	164	-14	14	2732	164	-14	14	2732	164	-14	14	2732	164	-14	14	2732	164	-14	14	2732	164	-14	14	2732	164	-14	14	2732	164	-14	14	2732	164	-14	14	2732	164	-14	14	2732	164	-14	14	2732	164	-14	14	2732	164	-14	14	2732	164	-14	14	2732	164	-14	14	2732	164	-14	14	2732	164	-14	14	2732	164	-14	14	2732	164	-14	14	2732	164	-14	14	2732	164	-14	14	2732	164	-14	14	2732	164	-14	14	2732	164	-14	14	2732
165	-232	34	2766	165	-232	34	2766	165	-232	34	2766	165	-232	34	2766	165	-232	34	2766	165	-232	34	2766	165	-232	34	2766	165	-232	34	2766	165	-232	34	2766	165	-232	34	2766	165	-232	34	2766	165	-232	34	2766	165	-232	34	2766	165	-232	34	2766	165	-232	34	2766	165	-232	34	2766	165	-232	34	2766	165	-232	34	2766	165	-232	34	2766	165	-232	34	2766	165	-232	34	2766	165	-232	34	2766	165	-232	34	2766	165	-232	34	2766	165	-232	34	2766	165	-232	34	2766	165	-232	34	2766	165	-232	34	2766
166	-13	13	2779	166	-13	13	2779	166	-13	13	2779	166	-13	13	2779	166	-13	13	2779	166	-13	13	2779	166	-13	13	2779	166	-13	13	2779	166	-13	13	2779	166	-13	13	2779	166	-13	13	2779	166	-13	13	2779	166	-13	13	2779	166	-13	13	2779	166	-13	13	2779	166	-13	13	2779	166	-13	13	2779	166	-13	13	2779	166	-13	13	2779	166	-13	13	2779	166	-13	13	2779	166	-13	13	2779	166	-13	13	2779	166	-13	13	2779	166	-13	13	2779	166	-13	13	2779	166	-13	13	2779	166	-13	13	2779
167	-13	13	2792	167	-13	13	2792	167	-13	13	2792	167	-13	13	2792	167	-13	13	2792	167	-13	13	2792	167	-13	13	2792	167	-13	13	2792	167	-13	13	2792	167	-13	13	2792	167	-13	13	2792	167	-13	13	2792	167	-13	13	2792	167	-13	13	2792	167	-13	13	2792	167	-13	13	2792	167	-13	13	2792	167	-13	13	2792	167	-13	13	2792	167	-13	13	2792	167	-13	13	2792	167	-13	13	2792	167	-13	13	2792	167	-13	13	2792	167	-13	13	2792	167	-13	13	2792	167	-13	13	2792	167	-13	13	2792
168	-122	23	2815	168	-122	23	2815	168	-122	23	2815	168	-122	23	2815	168	-122	23	2815	168	-122	23	2815	168	-122	23	2815	168	-122	23	2815	168	-122	23	2815	168	-122	23	2815	168	-122	23	2815	168	-122	23	2815	168	-122	23	2815	168	-122	23	2815	168	-122	23	2815	168	-122	23	2815	168	-122	23	2815	168	-122	23	2815	168	-122	23	2815	168	-122	23	2815	168	-122	23	2815	168	-122	23	2815	168	-122	23	2815	168	-122	23	2815	168	-122	23	2815	168	-122	23	2815	168	-122	23	2815	168	-122	23	2815
169	-123	24	2839	169	-123	24	2839	169	-123	24	2839	169	-123	24	2839	169	-123	24	2839	169	-123	24	2839	169	-123	24	2839	169	-123	24	2839	169	-123	24	2839	169	-123	24	2839	169	-123	24	2839	169	-123	24	2839	169	-123	24	2839	169	-123	24	2839	169	-123	24	2839	169	-123	24	2839	169	-123	24	2839	169	-123	24	2839	169	-123	24	2839	169	-123	24	2839	169	-123	24	2839	169	-123	24	2839	169	-123	24	2839	169	-123	24	2839	169	-123	24	2839	169	-123	24	2839	169	-123	24	2839	169	-123	24	2839
170	-121	22	2861	170	-121	22	2861	170	-121	22	2861	170	-121	22	2861	170	-121	22	2861	170	-121	22	2861	170	-121	22	2861	170	-121	22	2861	170	-121	22	2861	170	-121	22	2861	170	-121	22	2861	170	-121	22	2861	170	-121	22	2861	170	-121	22	2861	170	-121	22	2861	170	-121	22	2861	170	-121	22	2861	170	-121	22	2861	170	-121	22	2861	170	-121	22	2861	170	-121	22	2861	170	-121	22	2861	170	-121	22	2861	170	-121	22	2861	170	-121	22	2861	170	-121	22	2861	170	-121	22	2861	170	-121	22	2861
171	-118	19	2880	171	-118	19	2880	171	-118	19	2880	171	-118	19	2880	171	-118	19	2880	171	-118	19	2880	171	-118	19	2880	171	-118	19	2880	171	-118	19	2880	171	-118	19	2880	171	-118	19	2880	171	-118	19	2880	171	-118	19	2880	171	-118	19	2880	171	-118	19	2880	171	-118	19	2880	171	-118	19	2880	171	-118	19	2880	171	-118	19	2880	171	-118	19	2880	171	-118	19	2880	171	-118	19	2880	171	-118	19	2880	171	-118	19	2880	171	-118	19	2880	171	-118	19	2880	171	-118	19	2880	171	-118	19	2880
172	-117	18	2898	172	-117	18	2898	172	-117	18	2898	172	-117	18	2898	172	-117	18	2898	172	-117	18	2898	172	-117	18	2898	172	-117	18	2898	172	-117	18	2898	172	-117	18	2898	172	-117	18	2898	172	-117	18	2898	172	-117	18	2898	172	-117	18	2898	172	-117	18	2898	172	-117	18	2898	172	-117	18	2898	172	-117	18	2898	172	-117	18	2898	172	-117	18	2898	172	-117	18	2898	172	-117	18	2898	172	-117	18	2898	172	-117	18	2898	172	-117	18	2898	172	-117	18	2898	172	-117	18	2898	172	-117	18	2898
173	-17	17	2915	173	-17	17	2915	173	-17	17	2915	173	-17	17	2915	173	-17	17	2915	173	-17	17	2915	173	-17	17	2915	173	-17	17	2915	173	-17	17	2915	173	-17	17	2915	173	-17	17	2915	173	-17	17	2915	173	-17	17	2915	173	-17	17	2915	173	-17	17	2915	173	-17	17	2915	173	-17	17	2915	173	-17	17	2915	173	-17	17	2915	173	-17	17	2915	173	-17	17	2915	173	-17	17	2915	173	-17	17	2915	173	-17	17	2915	173	-17	17	2915	173	-17	17	2915	173	-17	17	2915	173	-17	17	2915
174	-13	13	2928	174	-13	13	2928	174	-13	13	2928	174	-13	13	2928	174	-13	13	2928	174	-13	13	2928	174	-13	13	2928	174	-13	13	2928	174	-13	13	2928	174	-13	13	2928	174	-13	13	2928	174	-13	13	2928	174	-13	13	2928	174	-13	13	2928	174	-13	13	2928	174	-13	13	2928	174	-13	13	2928	174	-13	13	2928	174	-13	13	2928	174	-13	13	2928	174	-13	13	2928	174	-13	13	2928	174	-13	13	2928	174	-13	13	2928	174	-13	13	2928	174	-13	13	2928	174	-13	13	2928	174	-13	13	2928
175	-122	23	2951	175	-122	23	2951	175	-122	23	2951	175	-122	23	2951	175	-122	23	2951	175	-122	23	2951	175	-122	23	2951	175	-122	23	2951	175	-122	23	2951	175	-122	23	2951	175	-122	23	2951	175	-122	23	2951	175	-122	23	2951	175	-122	23	2951	175	-122	23	2951	175	-122	23	2951	175	-122	23	2951	175	-122	23	2951	175	-122	23	2951	175	-122	23	2951	175	-122	23	2951	175	-122	23	2951	175	-122	23	2951	175	-122	23	2951	175	-122	23	2951	175	-122	23	2951	175	-122	23	2951	175	-122	23	2951
176	-14	14	2965	176	-14	14	2965	176	-14	14	2965	176	-14	14	2965	176	-14	14	2965	176	-14	14	2965	176	-14	14	2965	176	-14	14	2965	176	-14	14	2965	176	-14	14	2965	176	-14	14	2965	176	-14	14	2965	176	-14	14	2965	176	-14	14	2965	176	-14	14	2965	176	-14	14	2965	176	-14	14	2965	176	-14	14	2965	176	-14	14	2965	176	-14	14	2965	176	-14	14	2965	176	-14	14	2965	176	-14	14	2965	176	-14	14	2965	176	-14	14	2965	176	-14	14	2965	176	-14	14	2965	176	-14	14	2965
177	-18	18	2983	177	-18	18	2983	177	-18	18	2983	177	-18	18	2983	177	-18	18	2983	177	-18	18	2983	177	-18	18	2983	177	-18	18	2983	177	-18	18	2983	177	-18	18	2983	177	-18	18	2983	177	-18	18	2983	177	-18	18	2983	177	-18	18	2983	177	-18	18	2983	177	-18	18	2983	177	-18	18	2983	177	-18	18	2983	177	-18	18	2983	177	-18	18	2983	177	-18	18	2983	177	-18	18	2983	177	-18	18	2983	177	-18	18	2983	177	-18	18	2983	177	-18	18	2983	177	-18	18	2983	177	-18	18	2983
178	-15	15	2998	178	-15	15	2998	178	-15	15	2998	178	-15	15	2998	178	-15	15	2998	178	-15	15	2998	178	-15	15	2998	178	-15	15	2998	178	-15	15	2998	178	-15	15	2998	178	-15	15	2998	178	-15	15	2998	178	-15	15	2998	178	-15	15	2998	178	-15	15	2998	178	-15	15	2998	178	-15	15	2998	178	-15	15	2998	178	-15	15	2998	178	-15	15	2998	178	-15	15	2998	178	-15	15	2998	178	-15	15	2998	178	-15	15	2998	178	-15	15	2998	178	-15	15	2998	178	-15	15	2998	178	-15	15	2998
179	-16	16	3014	179	-16	16	3014	179	-16	16	3014	179	-16	16	3014	179	-16	16	3014	179	-16	16	3014	179	-16	16	3014	179	-16	16	3014	179	-16	16	3014	179	-16	16	3014	179	-16	16	3014	179	-16	16	3014	179	-16	16	3014	179	-16	16	3014	179	-16	16	3014	179	-16	16	3014	179	-16	16	3014	179	-16	16	3014	179	-16	16	3014	179	-16	16	3014	179	-16	16	3014	179	-16	16	3014	179	-16	16	3014	179	-16	16	3014	179	-16	16	3014	179	-16	16	3014	179	-16	16	3014	179	-16	16	3014
180	-15	15	3029	180	-15	15	3029	180	-15	15	3029	180	-15	15	3029	180	-15	15	3029	180	-15	15	3029	180	-15	15	3029	180	-15	15	3029	180	-15	15	3029	180	-15	15	3029	180	-15	15	3029	180	-15	15	3029	180	-15	15	3029	180	-15	15	3029	180	-15	15	3029	180	-15	15	3029	180	-15	15	3029	180	-15	15	3029	180	-15	15	3029	180	-15	15	3029	180	-15	15	3029	180	-15	15	3029	180	-15	15	3029	180	-15	15	3029	180	-15	15	3029	180	-15	15	3029	180	-15	15	3029	180	-15	15	3029
181	-13	13	3042	181	-13	13	3042	181	-13	13	3042	181	-13	13	3042	181	-13	13	3042	181	-13	13	3042	181	-13	13	3042	181	-13	13	3042	181	-13	13	3042	181	-13	13	3042	181	-13	13	3042	181	-13	13	3042	181	-13	13	3042	181	-13	13	3042	181	-13	13	3042	181	-13	13	3042	181	-13	13	3042	181	-13	13	3042	181	-13	13	3042	181	-13	13	3042	181	-13	13	3042	181	-13	13	3042	181	-13	13	3042	181	-13	13	3042	181	-13	13	3042	181	-13	13	3042	181	-13	13	3042	181	-13	13	3042
182	-14	14	3056	182	-14	14	3056	182	-14	14	3056	182	-14	14	3056	182	-14	14	3056	182	-14	14	3056	182	-14	14	3056	182	-14	14	3056	182	-14	14	3056	182	-14	14	3056	182	-14	14	3056	182	-14	14	3056	182	-14	14	3056	182	-14	14	3056	182	-14	14	3056	182	-14	14	3056	182	-14	14	3056	182	-14	14	3056	182	-14	14	3056	182	-14	14	3056	182	-14	14	3056	182	-14	14	3056	182	-14	14	3056	182	-14	14	3056	182	-14	14	3056	182	-14	14	3056	182	-14	14	3056	182	-14	14	3056
183	-116	17	3073	183	-116	17	3073	183	-116	17	3073	183	-116	17	3073	183	-116	17	3073	183	-116	17	3073	183	-116	17	3073	183	-116	17	3073	183	-116	17	3073	183	-116	17	3073	183	-116	17	3073	183	-116	17	3073	183	-116	17	3073	183	-116	17	3073	183	-116	17	3073	183	-116	17	3073	183	-116	17	3073	183	-116	17	3073	183	-116	17	3073	183	-116	17	3073	183	-116	17	3073	183	-116	17	3073	183	-116	17	3073	183	-116	17	3073	183	-116	17	3073	183	-116	17	3073	183	-116	17	3073	183	-116	17	3073
184	-15	15	3088	184	-15	15	3088	184	-15	15	3088	184	-15	15	3088	184	-15	15	3088	184	-15	15	3088	184	-15	15	3088	184	-15	15	3088	184	-15	15	3088	184	-15	15	3088	184	-15	15	3088	184	-15	15	3088	184	-15	15	3088	184	-15	15	3088	184	-15	15	3088	184	-15	15	3088	184	-15	15	3088	184	-15	15	3088	184	-15	15	3088	184	-15	15	3088	184	-15	15	3088	184	-15	15	3088	184	-15	15	3088	184	-15	15	3088	184	-15	15	3088	184	-15	15	3088	184	-15	15	3088	184	-15	15	3088
185	-13	13	3101	185	-13	13	3101	185	-13	13	3101	185	-13	13	3101	185	-13	13	3101	185	-13	13	3101	185	-13	13	3101	185	-13	13	3101	185	-13	13	3101	185	-13	13	3101	185	-13	13	3101	185	-13	13	3101	185	-13	13	3101	185	-13	13	3101	185	-13	13	3101	185	-13	13	3101	185	-13	13	3101	185	-13	13	3101	185	-13	13	3101	185	-13	13	3101	185	-13	13	3101	185	-13	13	3101	185	-13	13	3101	185	-13	13	3101	185	-13	13	3101	185	-13	13	3101	185	-13	13	3101	185	-13	13	3101
186	-121	22	3123	186	-121	22	3123	186	-121	22	3123	186	-121	22	3123	186	-121	22	3123	186	-121	22	3123	186	-121	22	3123	186	-121	22	3123	186	-121	22	3123	186	-121	22	3123	186	-121	22	3123	186	-121	22	3123	186	-121	22	3123	186	-121	22	3123	186	-121	22	3123	186	-121	22	3123	186	-121	22	3123	186	-121	22	3123	186	-121	22	3123	186	-121	22	3123	186	-121	22	3123	186	-121	22	3123	186	-121	22	3123	186	-121	22	3123	186	-121	22	3123	186	-121	22	3123	186	-121	22	3123	186	-121	22	3123
187	-15	15	3138	187	-15	15	3138	187	-15	15	3138	187	-15	15	3138	187	-15	15	3138	187	-15	15	3138	187	-15	15	3138	187	-15	15	3138	187	-15	15	3138	187	-15	15	3138	187	-15	15	3138	187	-15	15	3138	187	-15	15	3138	187	-15	15	3138	187	-15	15	3138	187	-15	15	3138	187	-15	15	3138	187	-15	15	3138	187	-15	15	3138	187	-15	15	3138	187	-15	15	3138	187	-15	15	3138	187	-15	15	3138	187	-15	15	3138	187	-15	15	3138	187	-15	15	3138	187	-15	15	3138	187	-15	15	3138
188	-15	15	3153	188	-15	15	3153	188	-15	15	3153	188	-15	15	3153	188	-15	15	3153	188	-15	15	3153	188	-15	15	3153	188	-15	15	3153	188	-15	15	3153	188	-15	15	3153	188	-15	15	3153	188	-15	15	3153	188	-15	15	3153	188	-15	15	3153	188	-15	15	3153	188	-15	15	3153	188	-15	15	3153	188	-15	15	3153	188	-15	15	3153	188	-15	15	3153	188	-15	15	3153	188	-15	15	3153	188	-15	15	3153	188	-15	15	3153	188	-15	15	3153	188	-15	15	3153	188	-15	15	3153	188	-15	15	3153
189	-15	15	3168	189	-15	15	3168	189	-15	15	3168	189	-15	15	3168	189	-15	15	3168	189	-15	15	3168	189	-15	15	3168	189	-15	15	3168	189	-15	15	3168	189	-15	15	3168	189	-15	15	3168	189	-15	15	3168	189	-15	15	3168	189	-15	15	3168	189	-15	15	3168	189	-15	15	3168	189	-15	15	3168	189	-15	15	3168	189	-15	15	3168	189	-15	15	3168	189	-15	15	3168	189	-15	15	3168	189	-15	15	3168	189	-15	15	3168	189	-15	15	3168	189	-15	15	3168	189	-15	15	3168	189	-15	15	3168
190	-15	15	3183	190	-15	15	3183	190	-15	15	3183	190	-15	15	3183	190	-15	15	3183	190	-15	15	3183	190	-15	15	3183	190	-15	15	3183	190	-15	15	3183	190	-15	15	3183	190	-15	15	3183	190	-15	15	3183	190	-15	15	3183	190	-15	15	3183	190	-15	15	3183	190	-15	15	3183	190	-15	15	3183	190	-15	15	3183	190	-15	15	3183	190	-15	15	3183	190	-15	15	3183	190	-15	15	3183	190	-15	15	3183	190	-15	15	3183	190	-15	15	3183	190	-15	15	3183	190	-15	15	3183	190	-15	15	3183
191	-123	24	3207	191	-123	24	3207	191	-123	24	3207	191	-123	24	3207	191	-123	24	3207	191	-123	24	3207	191	-123	24	3207	191	-123	24	3207	191	-123	24	3207	191	-123	24	3207	191	-123	24	3207	191	-123	24	3207	191	-123	24	3207	191	-123	24	3207	191	-123	24	3207	191	-123	24	3207	191	-123	24	3207	191	-123	24	3207	191	-123	24	3207	191	-123	24	3207	191	-123	24	3207	191	-123	24	3207	191	-123	24	3207	191	-123	24	3207	191	-123	24	3207	191	-123	24	3207	191	-123	24	3207	191	-123	24	3207
192	-17	17	3224	192	-17	17	3224	192	-17	17	3224	192	-17	17	3224	192	-17	17	3224	192	-17	17	3224	192	-17	17	3224	192	-17	17	3224	192	-17	17	3224	192	-17	17	3224	192	-17	17	3224	192	-17	17	3224	192	-17	17	3224	192	-17	17	3224	192	-17	17	3224	192	-17	17	3224	192	-17	17	3224	192	-17	17	3224	192	-17	17	3224	192	-17	17	3224	192	-17	17	3224	192	-17	17	3224	192	-17	17	3224	192	-17	17	3224	192	-17	17	3224	192	-17	17	3224	192	-17	17	3224	192	-17	17	3224
193	-13	13	3237	193	-13	13	3237	193	-13	13	3237	193	-13	13	3237	193	-13	13	3237	193	-13	13	3237	193	-13	13	3237	193	-13	13	3237	193	-13	13	3237	193	-13	13	3237	193	-13	13	3237	193	-13	13	3237	193	-13	13	3237	193	-13	13	3237	193	-13	13	3237	193	-13	13	3237	193	-13	13	3237	193	-13	13	3237	193	-13	13	3237	193	-13	13	3237	193	-13	13	3237	193	-13	13	3237	193	-13	13	3237	193	-13	13	3237	193	-13	13	3237	193	-13	13	3237	193	-13	13	3237	193	-13	13	3237
194	-13	13	3250	194	-13	13	3250	194	-13	13	3250	194	-13	13	3250	194	-13	13	3250	194	-13	13	3250	194	-13	13	3250	194	-13	13	3250	194	-13	13	3250	194	-13	13	3250	194	-13	13	3250	194	-13	13	3250	194	-13	13	3250	194	-13	13	3250	194	-13	13	3250	194	-13	13	3250	194	-13	13	3250	194	-13	13	3250	194	-13	13	3250	194	-13	13	3250	194	-13	13	3250	194	-13	13	3250	194	-13	13	3250	194	-13	13	3250	194	-13	13	3250	194	-13	13	3250	194	-13	13	3250	194	-13	13	3250
195	-113	14	3264	195	-113	14	3264	195	-113	14	3264	195	-113	14	3264	195	-113	14	3264	195	-113	14	3264	195	-113	14	3264	195	-113	14	3264	195	-113	14	3264	195	-113	14	3264	195	-113	14	3264	195	-113	14	3264	195	-113	14	3264	195	-113	14	3264	195	-113	14	3264	195	-113	14	3264	195	-113	14	3264	195	-113	14	3264	195	-113	14	3264	195	-113	14	3264	195	-113	14	3264	195	-113	14	3264	195	-113	14	3264	195	-113	14	3264	195	-113	14	3264	195	-113	14	3264	195	-113	14	3264	195	-113	14	3264
196	-13	13	3277	196	-13	13	3277	196	-13	13	3277	196	-13	13	3277	196	-13	13	3277	196	-13	13	3277	196	-13	13	3277	196	-13	13	3277	196	-13	13	3277	196	-13	13	3277	196	-13	13	3277	196	-13	13	3277	196	-13	13	3277	196	-13	13	3277	196	-13	13	3277	196	-13	13	3277	196	-13	13	3277	196	-13	13	3277	196	-13	13	3277	196	-13	13	3277	196	-13	13	3277	196	-13	13	3277	196	-13	13	3277	196	-13	13	3277	196	-13	13	3277	196	-13	13	3277	196	-13	13	3277	196	-13	13	3277
197	-13	13	3290	197	-13	13	3290	197	-13	13	3290	197	-13	13	3290	197	-13	13	3290	197	-13	13	3290	197	-13	13	3290	197	-13	13	3290	197	-13	13	3290	197	-13	13	3290	197	-13	13	3290	197	-13	13	3290	197	-13	13	3290	197	-13	13	3290	197	-13	13	3290	197	-13	13	3290	197	-13	13	3290	197	-13	13	3290	197	-13	13	3290	197	-13	13	3290	197	-13	13	3290	197	-13	13	3290	197	-13	13	3290	197	-13	13	3290	197	-13	13	3290	197	-13	13	3290	197	-13	13	3290	197	-13	13	3290
198	-15	15	3305	198	-15	15	3305	198	-15	15	3305	198	-15	15	3305	198	-15	15	3305	198	-15	15	3305	198	-15	15	3305	198	-15	15	3305	198	-15	15	3305	198	-15	15	3305	198	-15	15	3305	198	-15	15	3305	198	-15	15	3305	198	-15	15	3305	198	-15	15	3305	198	-15	15	3305	198	-15	15	3305	198	-15	15	3305	198	-15	15	3305	198	-15	15	3305	198	-15	15	3305	198	-15	15	3305	198	-15	15	3305	198	-15	15	3305	198	-15	15	3305	198	-15	15	3305	198	-15	15	3305	198	-15	15	3305
199	-117	18	3323	199	-117	18	3323	199	-117	18	3323	199	-117	18	3323	199	-117	18	3323	199	-117	18	3323	199	-117	18	3323	199	-117	18	3323	199	-117	18	3323	199	-117	18	3323	199	-117	18	3323	199	-117	18	3323	199	-117	18	3323	199	-117	18	3323	199	-117	18	3323	199	-117	18	3323	199	-117	18	3323	199	-117	18	3323	199	-117	18	3323	199	-117	18	3323	199	-117	18	3323	199	-117	18	3323	199	-117	18	3323	199	-117	18	3323	199	-117	18	3323	199	-117	18	3323	199	-117	18	3323	199	-117	18	3323
