Episode	Accumulated Reward	Length	Steps	Episode	Accumulated Reward	Length	Steps	Episode	Accumulated Reward	Length	Steps	Episode	Accumulated Reward	Length	Steps	Episode	Accumulated Reward	Length	Steps	Episode	Accumulated Reward	Length	Steps
0	-17	17	17	0	-17	17	17	0	-17	17	17	0	-17	17	17	0	-17	17	17	0	-17	17	17
1	-19	19	36	1	-19	19	36	1	-19	19	36	1	-19	19	36	1	-19	19	36	1	-19	19	36
2	-17	17	53	2	-17	17	53	2	-17	17	53	2	-17	17	53	2	-17	17	53	2	-17	17	53
3	-17	17	70	3	-17	17	70	3	-17	17	70	3	-17	17	70	3	-17	17	70	3	-17	17	70
4	-19	19	89	4	-19	19	89	4	-19	19	89	4	-19	19	89	4	-19	19	89	4	-19	19	89
5	-21	21	110	5	-21	21	110	5	-21	21	110	5	-21	21	110	5	-21	21	110	5	-21	21	110
6	-26	26	136	6	-26	26	136	6	-26	26	136	6	-26	26	136	6	-26	26	136	6	-26	26	136
7	-17	17	153	7	-17	17	153	7	-17	17	153	7	-17	17	153	7	-17	17	153	7	-17	17	153
8	-17	17	170	8	-17	17	170	8	-17	17	170	8	-17	17	170	8	-17	17	170	8	-17	17	170
9	-17	17	187	9	-17	17	187	9	-17	17	187	9	-17	17	187	9	-17	17	187	9	-17	17	187
10	-18	18	205	10	-18	18	205	10	-18	18	205	10	-18	18	205	10	-18	18	205	10	-18	18	205
11	-18	18	223	11	-18	18	223	11	-18	18	223	11	-18	18	223	11	-18	18	223	11	-18	18	223
12	-19	19	242	12	-19	19	242	12	-19	19	242	12	-19	19	242	12	-19	19	242	12	-19	19	242
13	-25	25	267	13	-25	25	267	13	-25	25	267	13	-25	25	267	13	-25	25	267	13	-25	25	267
14	-18	18	285	14	-18	18	285	14	-18	18	285	14	-18	18	285	14	-18	18	285	14	-18	18	285
15	-19	19	304	15	-19	19	304	15	-19	19	304	15	-19	19	304	15	-19	19	304	15	-19	19	304
16	-20	20	324	16	-20	20	324	16	-20	20	324	16	-20	20	324	16	-20	20	324	16	-20	20	324
17	-17	17	341	17	-17	17	341	17	-17	17	341	17	-17	17	341	17	-17	17	341	17	-17	17	341
18	-19	19	360	18	-19	19	360	18	-19	19	360	18	-19	19	360	18	-19	19	360	18	-19	19	360
19	-27	27	387	19	-27	27	387	19	-27	27	387	19	-27	27	387	19	-27	27	387	19	-27	27	387
20	-32	32	419	20	-32	32	419	20	-32	32	419	20	-32	32	419	20	-32	32	419	20	-32	32	419
21	-24	24	443	21	-24	24	443	21	-24	24	443	21	-24	24	443	21	-24	24	443	21	-24	24	443
22	-21	21	464	22	-21	21	464	22	-21	21	464	22	-21	21	464	22	-21	21	464	22	-21	21	464
23	-19	19	483	23	-19	19	483	23	-19	19	483	23	-19	19	483	23	-19	19	483	23	-19	19	483
24	-18	18	501	24	-18	18	501	24	-18	18	501	24	-18	18	501	24	-18	18	501	24	-18	18	501
25	-21	21	522	25	-21	21	522	25	-21	21	522	25	-21	21	522	25	-21	21	522	25	-21	21	522
26	-22	22	544	26	-22	22	544	26	-22	22	544	26	-22	22	544	26	-22	22	544	26	-22	22	544
27	-28	28	572	27	-28	28	572	27	-28	28	572	27	-28	28	572	27	-28	28	572	27	-28	28	572
28	-17	17	589	28	-17	17	589	28	-17	17	589	28	-17	17	589	28	-17	17	589	28	-17	17	589
29	-17	17	606	29	-17	17	606	29	-17	17	606	29	-17	17	606	29	-17	17	606	29	-17	17	606
30	-19	19	625	30	-19	19	625	30	-19	19	625	30	-19	19	625	30	-19	19	625	30	-19	19	625
31	-19	19	644	31	-19	19	644	31	-19	19	644	31	-19	19	644	31	-19	19	644	31	-19	19	644
32	-19	19	663	32	-19	19	663	32	-19	19	663	32	-19	19	663	32	-19	19	663	32	-19	19	663
33	-18	18	681	33	-18	18	681	33	-18	18	681	33	-18	18	681	33	-18	18	681	33	-18	18	681
34	-17	17	698	34	-17	17	698	34	-17	17	698	34	-17	17	698	34	-17	17	698	34	-17	17	698
35	-20	20	718	35	-20	20	718	35	-20	20	718	35	-20	20	718	35	-20	20	718	35	-20	20	718
36	-133	34	752	36	-133	34	752	36	-133	34	752	36	-133	34	752	36	-133	34	752	36	-133	34	752
37	-17	17	769	37	-17	17	769	37	-17	17	769	37	-17	17	769	37	-17	17	769	37	-17	17	769
38	-19	19	788	38	-19	19	788	38	-19	19	788	38	-19	19	788	38	-19	19	788	38	-19	19	788
39	-19	19	807	39	-19	19	807	39	-19	19	807	39	-19	19	807	39	-19	19	807	39	-19	19	807
40	-29	29	836	40	-29	29	836	40	-29	29	836	40	-29	29	836	40	-29	29	836	40	-29	29	836
41	-17	17	853	41	-17	17	853	41	-17	17	853	41	-17	17	853	41	-17	17	853	41	-17	17	853
42	-23	23	876	42	-23	23	876	42	-23	23	876	42	-23	23	876	42	-23	23	876	42	-23	23	876
43	-126	27	903	43	-126	27	903	43	-126	27	903	43	-126	27	903	43	-126	27	903	43	-126	27	903
44	-17	17	920	44	-17	17	920	44	-17	17	920	44	-17	17	920	44	-17	17	920	44	-17	17	920
45	-25	25	945	45	-25	25	945	45	-25	25	945	45	-25	25	945	45	-25	25	945	45	-25	25	945
46	-22	22	967	46	-22	22	967	46	-22	22	967	46	-22	22	967	46	-22	22	967	46	-22	22	967
47	-22	22	989	47	-22	22	989	47	-22	22	989	47	-22	22	989	47	-22	22	989	47	-22	22	989
48	-21	21	1010	48	-21	21	1010	48	-21	21	1010	48	-21	21	1010	48	-21	21	1010	48	-21	21	1010
49	-20	20	1030	49	-20	20	1030	49	-20	20	1030	49	-20	20	1030	49	-20	20	1030	49	-20	20	1030
50	-33	33	1063	50	-33	33	1063	50	-33	33	1063	50	-33	33	1063	50	-33	33	1063	50	-33	33	1063
51	-19	19	1082	51	-19	19	1082	51	-19	19	1082	51	-19	19	1082	51	-19	19	1082	51	-19	19	1082
52	-17	17	1099	52	-17	17	1099	52	-17	17	1099	52	-17	17	1099	52	-17	17	1099	52	-17	17	1099
53	-19	19	1118	53	-19	19	1118	53	-19	19	1118	53	-19	19	1118	53	-19	19	1118	53	-19	19	1118
54	-18	18	1136	54	-18	18	1136	54	-18	18	1136	54	-18	18	1136	54	-18	18	1136	54	-18	18	1136
55	-17	17	1153	55	-17	17	1153	55	-17	17	1153	55	-17	17	1153	55	-17	17	1153	55	-17	17	1153
56	-21	21	1174	56	-21	21	1174	56	-21	21	1174	56	-21	21	1174	56	-21	21	1174	56	-21	21	1174
57	-20	20	1194	57	-20	20	1194	57	-20	20	1194	57	-20	20	1194	57	-20	20	1194	57	-20	20	1194
58	-23	23	1217	58	-23	23	1217	58	-23	23	1217	58	-23	23	1217	58	-23	23	1217	58	-23	23	1217
59	-24	24	1241	59	-24	24	1241	59	-24	24	1241	59	-24	24	1241	59	-24	24	1241	59	-24	24	1241
60	-23	23	1264	60	-23	23	1264	60	-23	23	1264	60	-23	23	1264	60	-23	23	1264	60	-23	23	1264
61	-49	49	1313	61	-49	49	1313	61	-49	49	1313	61	-49	49	1313	61	-49	49	1313	61	-49	49	1313
62	-17	17	1330	62	-17	17	1330	62	-17	17	1330	62	-17	17	1330	62	-17	17	1330	62	-17	17	1330
63	-18	18	1348	63	-18	18	1348	63	-18	18	1348	63	-18	18	1348	63	-18	18	1348	63	-18	18	1348
64	-17	17	1365	64	-17	17	1365	64	-17	17	1365	64	-17	17	1365	64	-17	17	1365	64	-17	17	1365
65	-17	17	1382	65	-17	17	1382	65	-17	17	1382	65	-17	17	1382	65	-17	17	1382	65	-17	17	1382
66	-22	22	1404	66	-22	22	1404	66	-22	22	1404	66	-22	22	1404	66	-22	22	1404	66	-22	22	1404
67	-19	19	1423	67	-19	19	1423	67	-19	19	1423	67	-19	19	1423	67	-19	19	1423	67	-19	19	1423
68	-18	18	1441	68	-18	18	1441	68	-18	18	1441	68	-18	18	1441	68	-18	18	1441	68	-18	18	1441
69	-19	19	1460	69	-19	19	1460	69	-19	19	1460	69	-19	19	1460	69	-19	19	1460	69	-19	19	1460
70	-30	30	1490	70	-30	30	1490	70	-30	30	1490	70	-30	30	1490	70	-30	30	1490	70	-30	30	1490
71	-22	22	1512	71	-22	22	1512	71	-22	22	1512	71	-22	22	1512	71	-22	22	1512	71	-22	22	1512
72	-19	19	1531	72	-19	19	1531	72	-19	19	1531	72	-19	19	1531	72	-19	19	1531	72	-19	19	1531
73	-21	21	1552	73	-21	21	1552	73	-21	21	1552	73	-21	21	1552	73	-21	21	1552	73	-21	21	1552
74	-18	18	1570	74	-18	18	1570	74	-18	18	1570	74	-18	18	1570	74	-18	18	1570	74	-18	18	1570
75	-23	23	1593	75	-23	23	1593	75	-23	23	1593	75	-23	23	1593	75	-23	23	1593	75	-23	23	1593
76	-23	23	1616	76	-23	23	1616	76	-23	23	1616	76	-23	23	1616	76	-23	23	1616	76	-23	23	1616
77	-18	18	1634	77	-18	18	1634	77	-18	18	1634	77	-18	18	1634	77	-18	18	1634	77	-18	18	1634
78	-19	19	1653	78	-19	19	1653	78	-19	19	1653	78	-19	19	1653	78	-19	19	1653	78	-19	19	1653
79	-20	20	1673	79	-20	20	1673	79	-20	20	1673	79	-20	20	1673	79	-20	20	1673	79	-20	20	1673
80	-19	19	1692	80	-19	19	1692	80	-19	19	1692	80	-19	19	1692	80	-19	19	1692	80	-19	19	1692
81	-21	21	1713	81	-21	21	1713	81	-21	21	1713	81	-21	21	1713	81	-21	21	1713	81	-21	21	1713
82	-18	18	1731	82	-18	18	1731	82	-18	18	1731	82	-18	18	1731	82	-18	18	1731	82	-18	18	1731
83	-19	19	1750	83	-19	19	1750	83	-19	19	1750	83	-19	19	1750	83	-19	19	1750	83	-19	19	1750
84	-17	17	1767	84	-17	17	1767	84	-17	17	1767	84	-17	17	1767	84	-17	17	1767	84	-17	17	1767
85	-17	17	1784	85	-17	17	1784	85	-17	17	1784	85	-17	17	1784	85	-17	17	1784	85	-17	17	1784
86	-21	21	1805	86	-21	21	1805	86	-21	21	1805	86	-21	21	1805	86	-21	21	1805	86	-21	21	1805
87	-18	18	1823	87	-18	18	1823	87	-18	18	1823	87	-18	18	1823	87	-18	18	1823	87	-18	18	1823
88	-24	24	1847	88	-24	24	1847	88	-24	24	1847	88	-24	24	1847	88	-24	24	1847	88	-24	24	1847
89	-20	20	1867	89	-20	20	1867	89	-20	20	1867	89	-20	20	1867	89	-20	20	1867	89	-20	20	1867
90	-17	17	1884	90	-17	17	1884	90	-17	17	1884	90	-17	17	1884	90	-17	17	1884	90	-17	17	1884
91	-29	29	1913	91	-29	29	1913	91	-29	29	1913	91	-29	29	1913	91	-29	29	1913	91	-29	29	1913
92	-23	23	1936	92	-23	23	1936	92	-23	23	1936	92	-23	23	1936	92	-23	23	1936	92	-23	23	1936
93	-19	19	1955	93	-19	19	1955	93	-19	19	1955	93	-19	19	1955	93	-19	19	1955	93	-19	19	1955
94	-38	38	1993	94	-38	38	1993	94	-38	38	1993	94	-38	38	1993	94	-38	38	1993	94	-38	38	1993
95	-47	47	2040	95	-47	47	2040	95	-47	47	2040	95	-47	47	2040	95	-47	47	2040	95	-47	47	2040
96	-37	37	2077	96	-37	37	2077	96	-37	37	2077	96	-37	37	2077	96	-37	37	2077	96	-37	37	2077
97	-37	37	2114	97	-37	37	2114	97	-37	37	2114	97	-37	37	2114	97	-37	37	2114	97	-37	37	2114
98	-65	65	2179	98	-65	65	2179	98	-65	65	2179	98	-65	65	2179	98	-65	65	2179	98	-65	65	2179
99	-145	46	2225	99	-145	46	2225	99	-145	46	2225	99	-145	46	2225	99	-145	46	2225	99	-145	46	2225
100	-22	22	2247	100	-22	22	2247	100	-22	22	2247	100	-22	22	2247	100	-22	22	2247	100	-22	22	2247
101	-24	24	2271	101	-24	24	2271	101	-24	24	2271	101	-24	24	2271	101	-24	24	2271	101	-24	24	2271
102	-49	49	2320	102	-49	49	2320	102	-49	49	2320	102	-49	49	2320	102	-49	49	2320	102	-49	49	2320
103	-44	44	2364	103	-44	44	2364	103	-44	44	2364	103	-44	44	2364	103	-44	44	2364	103	-44	44	2364
104	-21	21	2385	104	-21	21	2385	104	-21	21	2385	104	-21	21	2385	104	-21	21	2385	104	-21	21	2385
105	-31	31	2416	105	-31	31	2416	105	-31	31	2416	105	-31	31	2416	105	-31	31	2416	105	-31	31	2416
106	-27	27	2443	106	-27	27	2443	106	-27	27	2443	106	-27	27	2443	106	-27	27	2443	106	-27	27	2443
107	-18	18	2461	107	-18	18	2461	107	-18	18	2461	107	-18	18	2461	107	-18	18	2461	107	-18	18	2461
108	-21	21	2482	108	-21	21	2482	108	-21	21	2482	108	-21	21	2482	108	-21	21	2482	108	-21	21	2482
109	-18	18	2500	109	-18	18	2500	109	-18	18	2500	109	-18	18	2500	109	-18	18	2500	109	-18	18	2500
110	-24	24	2524	110	-24	24	2524	110	-24	24	2524	110	-24	24	2524	110	-24	24	2524	110	-24	24	2524
111	-68	68	2592	111	-68	68	2592	111	-68	68	2592	111	-68	68	2592	111	-68	68	2592	111	-68	68	2592
112	-29	29	2621	112	-29	29	2621	112	-29	29	2621	112	-29	29	2621	112	-29	29	2621	112	-29	29	2621
113	-23	23	2644	113	-23	23	2644	113	-23	23	2644	113	-23	23	2644	113	-23	23	2644	113	-23	23	2644
114	-38	38	2682	114	-38	38	2682	114	-38	38	2682	114	-38	38	2682	114	-38	38	2682	114	-38	38	2682
115	-23	23	2705	115	-23	23	2705	115	-23	23	2705	115	-23	23	2705	115	-23	23	2705	115	-23	23	2705
116	-23	23	2728	116	-23	23	2728	116	-23	23	2728	116	-23	23	2728	116	-23	23	2728	116	-23	23	2728
117	-24	24	2752	117	-24	24	2752	117	-24	24	2752	117	-24	24	2752	117	-24	24	2752	117	-24	24	2752
118	-23	23	2775	118	-23	23	2775	118	-23	23	2775	118	-23	23	2775	118	-23	23	2775	118	-23	23	2775
119	-17	17	2792	119	-17	17	2792	119	-17	17	2792	119	-17	17	2792	119	-17	17	2792	119	-17	17	2792
120	-19	19	2811	120	-19	19	2811	120	-19	19	2811	120	-19	19	2811	120	-19	19	2811	120	-19	19	2811
121	-19	19	2830	121	-19	19	2830	121	-19	19	2830	121	-19	19	2830	121	-19	19	2830	121	-19	19	2830
122	-27	27	2857	122	-27	27	2857	122	-27	27	2857	122	-27	27	2857	122	-27	27	2857	122	-27	27	2857
123	-32	32	2889	123	-32	32	2889	123	-32	32	2889	123	-32	32	2889	123	-32	32	2889	123	-32	32	2889
124	-19	19	2908	124	-19	19	2908	124	-19	19	2908	124	-19	19	2908	124	-19	19	2908	124	-19	19	2908
125	-59	59	2967	125	-59	59	2967	125	-59	59	2967	125	-59	59	2967	125	-59	59	2967	125	-59	59	2967
126	-86	86	3053	126	-86	86	3053	126	-86	86	3053	126	-86	86	3053	126	-86	86	3053	126	-86	86	3053
127	-163	163	3216	127	-163	163	3216	127	-163	163	3216	127	-163	163	3216	127	-163	163	3216	127	-163	163	3216
128	-64	64	3280	128	-64	64	3280	128	-64	64	3280	128	-64	64	3280	128	-64	64	3280	128	-64	64	3280
129	-41	41	3321	129	-41	41	3321	129	-41	41	3321	129	-41	41	3321	129	-41	41	3321	129	-41	41	3321
130	-52	52	3373	130	-52	52	3373	130	-52	52	3373	130	-52	52	3373	130	-52	52	3373	130	-52	52	3373
131	-53	53	3426	131	-53	53	3426	131	-53	53	3426	131	-53	53	3426	131	-53	53	3426	131	-53	53	3426
132	-42	42	3468	132	-42	42	3468	132	-42	42	3468	132	-42	42	3468	132	-42	42	3468	132	-42	42	3468
133	-39	39	3507	133	-39	39	3507	133	-39	39	3507	133	-39	39	3507	133	-39	39	3507	133	-39	39	3507
134	-37	37	3544	134	-37	37	3544	134	-37	37	3544	134	-37	37	3544	134	-37	37	3544	134	-37	37	3544
135	-27	27	3571	135	-27	27	3571	135	-27	27	3571	135	-27	27	3571	135	-27	27	3571	135	-27	27	3571
136	-34	34	3605	136	-34	34	3605	136	-34	34	3605	136	-34	34	3605	136	-34	34	3605	136	-34	34	3605
137	-51	51	3656	137	-51	51	3656	137	-51	51	3656	137	-51	51	3656	137	-51	51	3656	137	-51	51	3656
138	-21	21	3677	138	-21	21	3677	138	-21	21	3677	138	-21	21	3677	138	-21	21	3677	138	-21	21	3677
139	-17	17	3694	139	-17	17	3694	139	-17	17	3694	139	-17	17	3694	139	-17	17	3694	139	-17	17	3694
140	-22	22	3716	140	-22	22	3716	140	-22	22	3716	140	-22	22	3716	140	-22	22	3716	140	-22	22	3716
141	-19	19	3735	141	-19	19	3735	141	-19	19	3735	141	-19	19	3735	141	-19	19	3735	141	-19	19	3735
142	-20	20	3755	142	-20	20	3755	142	-20	20	3755	142	-20	20	3755	142	-20	20	3755	142	-20	20	3755
143	-20	20	3775	143	-20	20	3775	143	-20	20	3775	143	-20	20	3775	143	-20	20	3775	143	-20	20	3775
144	-21	21	3796	144	-21	21	3796	144	-21	21	3796	144	-21	21	3796	144	-21	21	3796	144	-21	21	3796
145	-22	22	3818	145	-22	22	3818	145	-22	22	3818	145	-22	22	3818	145	-22	22	3818	145	-22	22	3818
146	-21	21	3839	146	-21	21	3839	146	-21	21	3839	146	-21	21	3839	146	-21	21	3839	146	-21	21	3839
147	-24	24	3863	147	-24	24	3863	147	-24	24	3863	147	-24	24	3863	147	-24	24	3863	147	-24	24	3863
148	-17	17	3880	148	-17	17	3880	148	-17	17	3880	148	-17	17	3880	148	-17	17	3880	148	-17	17	3880
149	-18	18	3898	149	-18	18	3898	149	-18	18	3898	149	-18	18	3898	149	-18	18	3898	149	-18	18	3898
150	-17	17	3915	150	-17	17	3915	150	-17	17	3915	150	-17	17	3915	150	-17	17	3915	150	-17	17	3915
151	-17	17	3932	151	-17	17	3932	151	-17	17	3932	151	-17	17	3932	151	-17	17	3932	151	-17	17	3932
152	-26	26	3958	152	-26	26	3958	152	-26	26	3958	152	-26	26	3958	152	-26	26	3958	152	-26	26	3958
153	-22	22	3980	153	-22	22	3980	153	-22	22	3980	153	-22	22	3980	153	-22	22	3980	153	-22	22	3980
154	-17	17	3997	154	-17	17	3997	154	-17	17	3997	154	-17	17	3997	154	-17	17	3997	154	-17	17	3997
155	-20	20	4017	155	-20	20	4017	155	-20	20	4017	155	-20	20	4017	155	-20	20	4017	155	-20	20	4017
156	-18	18	4035	156	-18	18	4035	156	-18	18	4035	156	-18	18	4035	156	-18	18	4035	156	-18	18	4035
157	-18	18	4053	157	-18	18	4053	157	-18	18	4053	157	-18	18	4053	157	-18	18	4053	157	-18	18	4053
158	-17	17	4070	158	-17	17	4070	158	-17	17	4070	158	-17	17	4070	158	-17	17	4070	158	-17	17	4070
159	-19	19	4089	159	-19	19	4089	159	-19	19	4089	159	-19	19	4089	159	-19	19	4089	159	-19	19	4089
160	-21	21	4110	160	-21	21	4110	160	-21	21	4110	160	-21	21	4110	160	-21	21	4110	160	-21	21	4110
161	-25	25	4135	161	-25	25	4135	161	-25	25	4135	161	-25	25	4135	161	-25	25	4135	161	-25	25	4135
162	-28	28	4163	162	-28	28	4163	162	-28	28	4163	162	-28	28	4163	162	-28	28	4163	162	-28	28	4163
163	-22	22	4185	163	-22	22	4185	163	-22	22	4185	163	-22	22	4185	163	-22	22	4185	163	-22	22	4185
164	-17	17	4202	164	-17	17	4202	164	-17	17	4202	164	-17	17	4202	164	-17	17	4202	164	-17	17	4202
165	-19	19	4221	165	-19	19	4221	165	-19	19	4221	165	-19	19	4221	165	-19	19	4221	165	-19	19	4221
166	-18	18	4239	166	-18	18	4239	166	-18	18	4239	166	-18	18	4239	166	-18	18	4239	166	-18	18	4239
167	-19	19	4258	167	-19	19	4258	167	-19	19	4258	167	-19	19	4258	167	-19	19	4258	167	-19	19	4258
168	-19	19	4277	168	-19	19	4277	168	-19	19	4277	168	-19	19	4277	168	-19	19	4277	168	-19	19	4277
169	-18	18	4295	169	-18	18	4295	169	-18	18	4295	169	-18	18	4295	169	-18	18	4295	169	-18	18	4295
170	-25	25	4320	170	-25	25	4320	170	-25	25	4320	170	-25	25	4320	170	-25	25	4320	170	-25	25	4320
171	-17	17	4337	171	-17	17	4337	171	-17	17	4337	171	-17	17	4337	171	-17	17	4337	171	-17	17	4337
172	-20	20	4357	172	-20	20	4357	172	-20	20	4357	172	-20	20	4357	172	-20	20	4357	172	-20	20	4357
173	-19	19	4376	173	-19	19	4376	173	-19	19	4376	173	-19	19	4376	173	-19	19	4376	173	-19	19	4376
174	-19	19	4395	174	-19	19	4395	174	-19	19	4395	174	-19	19	4395	174	-19	19	4395	174	-19	19	4395
175	-18	18	4413	175	-18	18	4413	175	-18	18	4413	175	-18	18	4413	175	-18	18	4413	175	-18	18	4413
176	-20	20	4433	176	-20	20	4433	176	-20	20	4433	176	-20	20	4433	176	-20	20	4433	176	-20	20	4433
177	-22	22	4455	177	-22	22	4455	177	-22	22	4455	177	-22	22	4455	177	-22	22	4455	177	-22	22	4455
178	-120	21	4476	178	-120	21	4476	178	-120	21	4476	178	-120	21	4476	178	-120	21	4476	178	-120	21	4476
179	-17	17	4493	179	-17	17	4493	179	-17	17	4493	179	-17	17	4493	179	-17	17	4493	179	-17	17	4493
180	-21	21	4514	180	-21	21	4514	180	-21	21	4514	180	-21	21	4514	180	-21	21	4514	180	-21	21	4514
181	-23	23	4537	181	-23	23	4537	181	-23	23	4537	181	-23	23	4537	181	-23	23	4537	181	-23	23	4537
182	-17	17	4554	182	-17	17	4554	182	-17	17	4554	182	-17	17	4554	182	-17	17	4554	182	-17	17	4554
183	-19	19	4573	183	-19	19	4573	183	-19	19	4573	183	-19	19	4573	183	-19	19	4573	183	-19	19	4573
184	-17	17	4590	184	-17	17	4590	184	-17	17	4590	184	-17	17	4590	184	-17	17	4590	184	-17	17	4590
185	-17	17	4607	185	-17	17	4607	185	-17	17	4607	185	-17	17	4607	185	-17	17	4607	185	-17	17	4607
186	-19	19	4626	186	-19	19	4626	186	-19	19	4626	186	-19	19	4626	186	-19	19	4626	186	-19	19	4626
187	-17	17	4643	187	-17	17	4643	187	-17	17	4643	187	-17	17	4643	187	-17	17	4643	187	-17	17	4643
188	-17	17	4660	188	-17	17	4660	188	-17	17	4660	188	-17	17	4660	188	-17	17	4660	188	-17	17	4660
189	-19	19	4679	189	-19	19	4679	189	-19	19	4679	189	-19	19	4679	189	-19	19	4679	189	-19	19	4679
190	-22	22	4701	190	-22	22	4701	190	-22	22	4701	190	-22	22	4701	190	-22	22	4701	190	-22	22	4701
191	-20	20	4721	191	-20	20	4721	191	-20	20	4721	191	-20	20	4721	191	-20	20	4721	191	-20	20	4721
192	-26	26	4747	192	-26	26	4747	192	-26	26	4747	192	-26	26	4747	192	-26	26	4747	192	-26	26	4747
193	-19	19	4766	193	-19	19	4766	193	-19	19	4766	193	-19	19	4766	193	-19	19	4766	193	-19	19	4766
194	-19	19	4785	194	-19	19	4785	194	-19	19	4785	194	-19	19	4785	194	-19	19	4785	194	-19	19	4785
195	-25	25	4810	195	-25	25	4810	195	-25	25	4810	195	-25	25	4810	195	-25	25	4810	195	-25	25	4810
196	-20	20	4830	196	-20	20	4830	196	-20	20	4830	196	-20	20	4830	196	-20	20	4830	196	-20	20	4830
197	-18	18	4848	197	-18	18	4848	197	-18	18	4848	197	-18	18	4848	197	-18	18	4848	197	-18	18	4848
198	-18	18	4866	198	-18	18	4866	198	-18	18	4866	198	-18	18	4866	198	-18	18	4866	198	-18	18	4866
199	-17	17	4883	199	-17	17	4883	199	-17	17	4883	199	-17	17	4883	199	-17	17	4883	199	-17	17	4883
