Episode	Accumulated Reward	Length	Steps	Episode	Accumulated Reward	Length	Steps
0	-13	13	13	0	-13	13	13
1	-124	25	38	1	-124	25	38
2	-13	13	51	2	-13	13	51
3	-15	15	66	3	-15	15	66
4	-15	15	81	4	-15	15	81
5	-13	13	94	5	-13	13	94
6	-15	15	109	6	-15	15	109
7	-13	13	122	7	-13	13	122
8	-13	13	135	8	-13	13	135
9	-17	17	152	9	-17	17	152
10	-13	13	165	10	-13	13	165
11	-17	17	182	11	-17	17	182
12	-13	13	195	12	-13	13	195
13	-13	13	208	13	-13	13	208
14	-115	16	224	14	-115	16	224
15	-15	15	239	15	-15	15	239
16	-13	13	252	16	-13	13	252
17	-13	13	265	17	-13	13	265
18	-121	22	287	18	-121	22	287
19	-15	15	302	19	-15	15	302
20	-19	19	321	20	-19	19	321
21	-17	17	338	21	-17	17	338
22	-13	13	351	22	-13	13	351
23	-15	15	366	23	-15	15	366
24	-232	34	400	24	-232	34	400
25	-116	17	417	25	-116	17	417
26	-120	21	438	26	-120	21	438
27	-13	13	451	27	-13	13	451
28	-13	13	464	28	-13	13	464
29	-13	13	477	29	-13	13	477
30	-17	17	494	30	-17	17	494
31	-18	18	512	31	-18	18	512
32	-229	31	543	32	-229	31	543
33	-13	13	556	33	-13	13	556
34	-15	15	571	34	-15	15	571
35	-15	15	586	35	-15	15	586
36	-116	17	603	36	-116	17	603
37	-15	15	618	37	-15	15	618
38	-13	13	631	38	-13	13	631
39	-19	19	650	39	-19	19	650
40	-117	18	668	40	-117	18	668
41	-15	15	683	41	-15	15	683
42	-17	17	700	42	-17	17	700
43	-13	13	713	43	-13	13	713
44	-13	13	726	44	-13	13	726
45	-13	13	739	45	-13	13	739
46	-17	17	756	46	-17	17	756
47	-13	13	769	47	-13	13	769
48	-15	15	784	48	-15	15	784
49	-123	24	808	49	-123	24	808
50	-13	13	821	50	-13	13	821
51	-15	15	836	51	-15	15	836
52	-121	22	858	52	-121	22	858
53	-17	17	875	53	-17	17	875
54	-15	15	890	54	-15	15	890
55	-13	13	903	55	-13	13	903
56	-19	19	922	56	-19	19	922
57	-124	25	947	57	-124	25	947
58	-13	13	960	58	-13	13	960
59	-17	17	977	59	-17	17	977
60	-15	15	992	60	-15	15	992
61	-14	14	1006	61	-14	14	1006
62	-17	17	1023	62	-17	17	1023
63	-13	13	1036	63	-13	13	1036
64	-13	13	1049	64	-13	13	1049
65	-13	13	1062	65	-13	13	1062
66	-121	22	1084	66	-121	22	1084
67	-13	13	1097	67	-13	13	1097
68	-119	20	1117	68	-119	20	1117
69	-17	17	1134	69	-17	17	1134
70	-14	14	1148	70	-14	14	1148
71	-13	13	1161	71	-13	13	1161
72	-121	22	1183	72	-121	22	1183
73	-120	21	1204	73	-120	21	1204
74	-13	13	1217	74	-13	13	1217
75	-116	17	1234	75	-116	17	1234
76	-120	21	1255	76	-120	21	1255
77	-113	14	1269	77	-113	14	1269
78	-13	13	1282	78	-13	13	1282
79	-15	15	1297	79	-15	15	1297
80	-17	17	1314	80	-17	17	1314
81	-14	14	1328	81	-14	14	1328
82	-13	13	1341	82	-13	13	1341
83	-15	15	1356	83	-15	15	1356
84	-127	28	1384	84	-127	28	1384
85	-15	15	1399	85	-15	15	1399
86	-233	35	1434	86	-233	35	1434
87	-14	14	1448	87	-14	14	1448
88	-13	13	1461	88	-13	13	1461
89	-13	13	1474	89	-13	13	1474
90	-17	17	1491	90	-17	17	1491
91	-15	15	1506	91	-15	15	1506
92	-13	13	1519	92	-13	13	1519
93	-15	15	1534	93	-15	15	1534
94	-13	13	1547	94	-13	13	1547
95	-551	56	1603	95	-551	56	1603
96	-221	23	1626	96	-221	23	1626
97	-322	25	1651	97	-322	25	1651
98	-15	15	1666	98	-15	15	1666
99	-13	13	1679	99	-13	13	1679
100	-13	13	1692	100	-13	13	1692
101	-13	13	1705	101	-13	13	1705
102	-17	17	1722	102	-17	17	1722
103	-17	17	1739	103	-17	17	1739
104	-14	14	1753	104	-14	14	1753
105	-16	16	1769	105	-16	16	1769
106	-15	15	1784	106	-15	15	1784
107	-19	19	1803	107	-19	19	1803
108	-15	15	1818	108	-15	15	1818
109	-13	13	1831	109	-13	13	1831
110	-15	15	1846	110	-15	15	1846
111	-13	13	1859	111	-13	13	1859
112	-13	13	1872	112	-13	13	1872
113	-17	17	1889	113	-17	17	1889
114	-15	15	1904	114	-15	15	1904
115	-121	22	1926	115	-121	22	1926
116	-13	13	1939	116	-13	13	1939
117	-13	13	1952	117	-13	13	1952
118	-126	27	1979	118	-126	27	1979
119	-13	13	1992	119	-13	13	1992
120	-13	13	2005	120	-13	13	2005
121	-17	17	2022	121	-17	17	2022
122	-122	23	2045	122	-122	23	2045
123	-18	18	2063	123	-18	18	2063
124	-13	13	2076	124	-13	13	2076
125	-13	13	2089	125	-13	13	2089
126	-15	15	2104	126	-15	15	2104
127	-124	25	2129	127	-124	25	2129
128	-121	22	2151	128	-121	22	2151
129	-15	15	2166	129	-15	15	2166
130	-15	15	2181	130	-15	15	2181
131	-120	21	2202	131	-120	21	2202
132	-117	18	2220	132	-117	18	2220
133	-13	13	2233	133	-13	13	2233
134	-13	13	2246	134	-13	13	2246
135	-16	16	2262	135	-16	16	2262
136	-17	17	2279	136	-17	17	2279
137	-13	13	2292	137	-13	13	2292
138	-13	13	2305	138	-13	13	2305
139	-13	13	2318	139	-13	13	2318
140	-13	13	2331	140	-13	13	2331
141	-13	13	2344	141	-13	13	2344
142	-13	13	2357	142	-13	13	2357
143	-122	23	2380	143	-122	23	2380
144	-15	15	2395	144	-15	15	2395
145	-13	13	2408	145	-13	13	2408
146	-15	15	2423	146	-15	15	2423
147	-13	13	2436	147	-13	13	2436
148	-19	19	2455	148	-19	19	2455
149	-15	15	2470	149	-15	15	2470
150	-127	28	2498	150	-127	28	2498
151	-117	18	2516	151	-117	18	2516
152	-13	13	2529	152	-13	13	2529
153	-127	28	2557	153	-127	28	2557
154	-115	16	2573	154	-115	16	2573
155	-15	15	2588	155	-15	15	2588
156	-13	13	2601	156	-13	13	2601
157	-15	15	2616	157	-15	15	2616
158	-13	13	2629	158	-13	13	2629
159	-13	13	2642	159	-13	13	2642
160	-13	13	2655	160	-13	13	2655
161	-17	17	2672	161	-17	17	2672
162	-120	21	2693	162	-120	21	2693
163	-13	13	2706	163	-13	13	2706
164	-125	26	2732	164	-125	26	2732
165	-15	15	2747	165	-15	15	2747
166	-15	15	2762	166	-15	15	2762
167	-13	13	2775	167	-13	13	2775
168	-13	13	2788	168	-13	13	2788
169	-119	20	2808	169	-119	20	2808
170	-120	21	2829	170	-120	21	2829
171	-13	13	2842	171	-13	13	2842
172	-124	25	2867	172	-124	25	2867
173	-13	13	2880	173	-13	13	2880
174	-13	13	2893	174	-13	13	2893
175	-13	13	2906	175	-13	13	2906
176	-13	13	2919	176	-13	13	2919
177	-15	15	2934	177	-15	15	2934
178	-13	13	2947	178	-13	13	2947
179	-17	17	2964	179	-17	17	2964
180	-17	17	2981	180	-17	17	2981
181	-15	15	2996	181	-15	15	2996
182	-13	13	3009	182	-13	13	3009
183	-13	13	3022	183	-13	13	3022
184	-13	13	3035	184	-13	13	3035
185	-15	15	3050	185	-15	15	3050
186	-15	15	3065	186	-15	15	3065
187	-13	13	3078	187	-13	13	3078
188	-13	13	3091	188	-13	13	3091
189	-13	13	3104	189	-13	13	3104
190	-116	17	3121	190	-116	17	3121
191	-122	23	3144	191	-122	23	3144
192	-13	13	3157	192	-13	13	3157
193	-225	27	3184	193	-225	27	3184
194	-221	23	3207	194	-221	23	3207
195	-13	13	3220	195	-13	13	3220
196	-13	13	3233	196	-13	13	3233
197	-128	29	3262	197	-128	29	3262
198	-13	13	3275	198	-13	13	3275
199	-17	17	3292	199	-17	17	3292
