Episode	Accumulated Reward	Length	Steps	Episode	Accumulated Reward	Length	Steps	Episode	Accumulated Reward	Length	Steps	Episode	Accumulated Reward	Length	Steps	Episode	Accumulated Reward	Length	Steps	Episode	Accumulated Reward	Length	Steps	Episode	Accumulated Reward	Length	Steps	Episode	Accumulated Reward	Length	Steps	Episode	Accumulated Reward	Length	Steps	Episode	Accumulated Reward	Length	Steps	Episode	Accumulated Reward	Length	Steps	Episode	Accumulated Reward	Length	Steps	Episode	Accumulated Reward	Length	Steps	Episode	Accumulated Reward	Length	Steps	Episode	Accumulated Reward	Length	Steps	Episode	Accumulated Reward	Length	Steps	Episode	Accumulated Reward	Length	Steps
0	-15	15	15	0	-15	15	15	0	-15	15	15	0	-15	15	15	0	-15	15	15	0	-15	15	15	0	-15	15	15	0	-15	15	15	0	-15	15	15	0	-15	15	15	0	-15	15	15	0	-15	15	15	0	-15	15	15	0	-15	15	15	0	-15	15	15	0	-15	15	15	0	-15	15	15
1	-18	18	33	1	-18	18	33	1	-18	18	33	1	-18	18	33	1	-18	18	33	1	-18	18	33	1	-18	18	33	1	-18	18	33	1	-18	18	33	1	-18	18	33	1	-18	18	33	1	-18	18	33	1	-18	18	33	1	-18	18	33	1	-18	18	33	1	-18	18	33	1	-18	18	33
2	-13	13	46	2	-13	13	46	2	-13	13	46	2	-13	13	46	2	-13	13	46	2	-13	13	46	2	-13	13	46	2	-13	13	46	2	-13	13	46	2	-13	13	46	2	-13	13	46	2	-13	13	46	2	-13	13	46	2	-13	13	46	2	-13	13	46	2	-13	13	46	2	-13	13	46
3	-13	13	59	3	-13	13	59	3	-13	13	59	3	-13	13	59	3	-13	13	59	3	-13	13	59	3	-13	13	59	3	-13	13	59	3	-13	13	59	3	-13	13	59	3	-13	13	59	3	-13	13	59	3	-13	13	59	3	-13	13	59	3	-13	13	59	3	-13	13	59	3	-13	13	59
4	-15	15	74	4	-15	15	74	4	-15	15	74	4	-15	15	74	4	-15	15	74	4	-15	15	74	4	-15	15	74	4	-15	15	74	4	-15	15	74	4	-15	15	74	4	-15	15	74	4	-15	15	74	4	-15	15	74	4	-15	15	74	4	-15	15	74	4	-15	15	74	4	-15	15	74
5	-15	15	89	5	-15	15	89	5	-15	15	89	5	-15	15	89	5	-15	15	89	5	-15	15	89	5	-15	15	89	5	-15	15	89	5	-15	15	89	5	-15	15	89	5	-15	15	89	5	-15	15	89	5	-15	15	89	5	-15	15	89	5	-15	15	89	5	-15	15	89	5	-15	15	89
6	-219	21	110	6	-219	21	110	6	-219	21	110	6	-219	21	110	6	-219	21	110	6	-219	21	110	6	-219	21	110	6	-219	21	110	6	-219	21	110	6	-219	21	110	6	-219	21	110	6	-219	21	110	6	-219	21	110	6	-219	21	110	6	-219	21	110	6	-219	21	110	6	-219	21	110
7	-13	13	123	7	-13	13	123	7	-13	13	123	7	-13	13	123	7	-13	13	123	7	-13	13	123	7	-13	13	123	7	-13	13	123	7	-13	13	123	7	-13	13	123	7	-13	13	123	7	-13	13	123	7	-13	13	123	7	-13	13	123	7	-13	13	123	7	-13	13	123	7	-13	13	123
8	-18	18	141	8	-18	18	141	8	-18	18	141	8	-18	18	141	8	-18	18	141	8	-18	18	141	8	-18	18	141	8	-18	18	141	8	-18	18	141	8	-18	18	141	8	-18	18	141	8	-18	18	141	8	-18	18	141	8	-18	18	141	8	-18	18	141	8	-18	18	141	8	-18	18	141
9	-15	15	156	9	-15	15	156	9	-15	15	156	9	-15	15	156	9	-15	15	156	9	-15	15	156	9	-15	15	156	9	-15	15	156	9	-15	15	156	9	-15	15	156	9	-15	15	156	9	-15	15	156	9	-15	15	156	9	-15	15	156	9	-15	15	156	9	-15	15	156	9	-15	15	156
10	-13	13	169	10	-13	13	169	10	-13	13	169	10	-13	13	169	10	-13	13	169	10	-13	13	169	10	-13	13	169	10	-13	13	169	10	-13	13	169	10	-13	13	169	10	-13	13	169	10	-13	13	169	10	-13	13	169	10	-13	13	169	10	-13	13	169	10	-13	13	169	10	-13	13	169
11	-16	16	185	11	-16	16	185	11	-16	16	185	11	-16	16	185	11	-16	16	185	11	-16	16	185	11	-16	16	185	11	-16	16	185	11	-16	16	185	11	-16	16	185	11	-16	16	185	11	-16	16	185	11	-16	16	185	11	-16	16	185	11	-16	16	185	11	-16	16	185	11	-16	16	185
12	-19	19	204	12	-19	19	204	12	-19	19	204	12	-19	19	204	12	-19	19	204	12	-19	19	204	12	-19	19	204	12	-19	19	204	12	-19	19	204	12	-19	19	204	12	-19	19	204	12	-19	19	204	12	-19	19	204	12	-19	19	204	12	-19	19	204	12	-19	19	204	12	-19	19	204
13	-118	19	223	13	-118	19	223	13	-118	19	223	13	-118	19	223	13	-118	19	223	13	-118	19	223	13	-118	19	223	13	-118	19	223	13	-118	19	223	13	-118	19	223	13	-118	19	223	13	-118	19	223	13	-118	19	223	13	-118	19	223	13	-118	19	223	13	-118	19	223	13	-118	19	223
14	-15	15	238	14	-15	15	238	14	-15	15	238	14	-15	15	238	14	-15	15	238	14	-15	15	238	14	-15	15	238	14	-15	15	238	14	-15	15	238	14	-15	15	238	14	-15	15	238	14	-15	15	238	14	-15	15	238	14	-15	15	238	14	-15	15	238	14	-15	15	238	14	-15	15	238
15	-13	13	251	15	-13	13	251	15	-13	13	251	15	-13	13	251	15	-13	13	251	15	-13	13	251	15	-13	13	251	15	-13	13	251	15	-13	13	251	15	-13	13	251	15	-13	13	251	15	-13	13	251	15	-13	13	251	15	-13	13	251	15	-13	13	251	15	-13	13	251	15	-13	13	251
16	-13	13	264	16	-13	13	264	16	-13	13	264	16	-13	13	264	16	-13	13	264	16	-13	13	264	16	-13	13	264	16	-13	13	264	16	-13	13	264	16	-13	13	264	16	-13	13	264	16	-13	13	264	16	-13	13	264	16	-13	13	264	16	-13	13	264	16	-13	13	264	16	-13	13	264
17	-13	13	277	17	-13	13	277	17	-13	13	277	17	-13	13	277	17	-13	13	277	17	-13	13	277	17	-13	13	277	17	-13	13	277	17	-13	13	277	17	-13	13	277	17	-13	13	277	17	-13	13	277	17	-13	13	277	17	-13	13	277	17	-13	13	277	17	-13	13	277	17	-13	13	277
18	-19	19	296	18	-19	19	296	18	-19	19	296	18	-19	19	296	18	-19	19	296	18	-19	19	296	18	-19	19	296	18	-19	19	296	18	-19	19	296	18	-19	19	296	18	-19	19	296	18	-19	19	296	18	-19	19	296	18	-19	19	296	18	-19	19	296	18	-19	19	296	18	-19	19	296
19	-219	21	317	19	-219	21	317	19	-219	21	317	19	-219	21	317	19	-219	21	317	19	-219	21	317	19	-219	21	317	19	-219	21	317	19	-219	21	317	19	-219	21	317	19	-219	21	317	19	-219	21	317	19	-219	21	317	19	-219	21	317	19	-219	21	317	19	-219	21	317	19	-219	21	317
20	-15	15	332	20	-15	15	332	20	-15	15	332	20	-15	15	332	20	-15	15	332	20	-15	15	332	20	-15	15	332	20	-15	15	332	20	-15	15	332	20	-15	15	332	20	-15	15	332	20	-15	15	332	20	-15	15	332	20	-15	15	332	20	-15	15	332	20	-15	15	332	20	-15	15	332
21	-13	13	345	21	-13	13	345	21	-13	13	345	21	-13	13	345	21	-13	13	345	21	-13	13	345	21	-13	13	345	21	-13	13	345	21	-13	13	345	21	-13	13	345	21	-13	13	345	21	-13	13	345	21	-13	13	345	21	-13	13	345	21	-13	13	345	21	-13	13	345	21	-13	13	345
22	-13	13	358	22	-13	13	358	22	-13	13	358	22	-13	13	358	22	-13	13	358	22	-13	13	358	22	-13	13	358	22	-13	13	358	22	-13	13	358	22	-13	13	358	22	-13	13	358	22	-13	13	358	22	-13	13	358	22	-13	13	358	22	-13	13	358	22	-13	13	358	22	-13	13	358
23	-15	15	373	23	-15	15	373	23	-15	15	373	23	-15	15	373	23	-15	15	373	23	-15	15	373	23	-15	15	373	23	-15	15	373	23	-15	15	373	23	-15	15	373	23	-15	15	373	23	-15	15	373	23	-15	15	373	23	-15	15	373	23	-15	15	373	23	-15	15	373	23	-15	15	373
24	-126	27	400	24	-126	27	400	24	-126	27	400	24	-126	27	400	24	-126	27	400	24	-126	27	400	24	-126	27	400	24	-126	27	400	24	-126	27	400	24	-126	27	400	24	-126	27	400	24	-126	27	400	24	-126	27	400	24	-126	27	400	24	-126	27	400	24	-126	27	400	24	-126	27	400
25	-15	15	415	25	-15	15	415	25	-15	15	415	25	-15	15	415	25	-15	15	415	25	-15	15	415	25	-15	15	415	25	-15	15	415	25	-15	15	415	25	-15	15	415	25	-15	15	415	25	-15	15	415	25	-15	15	415	25	-15	15	415	25	-15	15	415	25	-15	15	415	25	-15	15	415
26	-124	25	440	26	-124	25	440	26	-124	25	440	26	-124	25	440	26	-124	25	440	26	-124	25	440	26	-124	25	440	26	-124	25	440	26	-124	25	440	26	-124	25	440	26	-124	25	440	26	-124	25	440	26	-124	25	440	26	-124	25	440	26	-124	25	440	26	-124	25	440	26	-124	25	440
27	-15	15	455	27	-15	15	455	27	-15	15	455	27	-15	15	455	27	-15	15	455	27	-15	15	455	27	-15	15	455	27	-15	15	455	27	-15	15	455	27	-15	15	455	27	-15	15	455	27	-15	15	455	27	-15	15	455	27	-15	15	455	27	-15	15	455	27	-15	15	455	27	-15	15	455
28	-17	17	472	28	-17	17	472	28	-17	17	472	28	-17	17	472	28	-17	17	472	28	-17	17	472	28	-17	17	472	28	-17	17	472	28	-17	17	472	28	-17	17	472	28	-17	17	472	28	-17	17	472	28	-17	17	472	28	-17	17	472	28	-17	17	472	28	-17	17	472	28	-17	17	472
29	-13	13	485	29	-13	13	485	29	-13	13	485	29	-13	13	485	29	-13	13	485	29	-13	13	485	29	-13	13	485	29	-13	13	485	29	-13	13	485	29	-13	13	485	29	-13	13	485	29	-13	13	485	29	-13	13	485	29	-13	13	485	29	-13	13	485	29	-13	13	485	29	-13	13	485
30	-124	25	510	30	-124	25	510	30	-124	25	510	30	-124	25	510	30	-124	25	510	30	-124	25	510	30	-124	25	510	30	-124	25	510	30	-124	25	510	30	-124	25	510	30	-124	25	510	30	-124	25	510	30	-124	25	510	30	-124	25	510	30	-124	25	510	30	-124	25	510	30	-124	25	510
31	-13	13	523	31	-13	13	523	31	-13	13	523	31	-13	13	523	31	-13	13	523	31	-13	13	523	31	-13	13	523	31	-13	13	523	31	-13	13	523	31	-13	13	523	31	-13	13	523	31	-13	13	523	31	-13	13	523	31	-13	13	523	31	-13	13	523	31	-13	13	523	31	-13	13	523
32	-15	15	538	32	-15	15	538	32	-15	15	538	32	-15	15	538	32	-15	15	538	32	-15	15	538	32	-15	15	538	32	-15	15	538	32	-15	15	538	32	-15	15	538	32	-15	15	538	32	-15	15	538	32	-15	15	538	32	-15	15	538	32	-15	15	538	32	-15	15	538	32	-15	15	538
33	-13	13	551	33	-13	13	551	33	-13	13	551	33	-13	13	551	33	-13	13	551	33	-13	13	551	33	-13	13	551	33	-13	13	551	33	-13	13	551	33	-13	13	551	33	-13	13	551	33	-13	13	551	33	-13	13	551	33	-13	13	551	33	-13	13	551	33	-13	13	551	33	-13	13	551
34	-117	18	569	34	-117	18	569	34	-117	18	569	34	-117	18	569	34	-117	18	569	34	-117	18	569	34	-117	18	569	34	-117	18	569	34	-117	18	569	34	-117	18	569	34	-117	18	569	34	-117	18	569	34	-117	18	569	34	-117	18	569	34	-117	18	569	34	-117	18	569	34	-117	18	569
35	-117	18	587	35	-117	18	587	35	-117	18	587	35	-117	18	587	35	-117	18	587	35	-117	18	587	35	-117	18	587	35	-117	18	587	35	-117	18	587	35	-117	18	587	35	-117	18	587	35	-117	18	587	35	-117	18	587	35	-117	18	587	35	-117	18	587	35	-117	18	587	35	-117	18	587
36	-115	16	603	36	-115	16	603	36	-115	16	603	36	-115	16	603	36	-115	16	603	36	-115	16	603	36	-115	16	603	36	-115	16	603	36	-115	16	603	36	-115	16	603	36	-115	16	603	36	-115	16	603	36	-115	16	603	36	-115	16	603	36	-115	16	603	36	-115	16	603	36	-115	16	603
37	-17	17	620	37	-17	17	620	37	-17	17	620	37	-17	17	620	37	-17	17	620	37	-17	17	620	37	-17	17	620	37	-17	17	620	37	-17	17	620	37	-17	17	620	37	-17	17	620	37	-17	17	620	37	-17	17	620	37	-17	17	620	37	-17	17	620	37	-17	17	620	37	-17	17	620
38	-15	15	635	38	-15	15	635	38	-15	15	635	38	-15	15	635	38	-15	15	635	38	-15	15	635	38	-15	15	635	38	-15	15	635	38	-15	15	635	38	-15	15	635	38	-15	15	635	38	-15	15	635	38	-15	15	635	38	-15	15	635	38	-15	15	635	38	-15	15	635	38	-15	15	635
39	-116	17	652	39	-116	17	652	39	-116	17	652	39	-116	17	652	39	-116	17	652	39	-116	17	652	39	-116	17	652	39	-116	17	652	39	-116	17	652	39	-116	17	652	39	-116	17	652	39	-116	17	652	39	-116	17	652	39	-116	17	652	39	-116	17	652	39	-116	17	652	39	-116	17	652
40	-15	15	667	40	-15	15	667	40	-15	15	667	40	-15	15	667	40	-15	15	667	40	-15	15	667	40	-15	15	667	40	-15	15	667	40	-15	15	667	40	-15	15	667	40	-15	15	667	40	-15	15	667	40	-15	15	667	40	-15	15	667	40	-15	15	667	40	-15	15	667	40	-15	15	667
41	-13	13	680	41	-13	13	680	41	-13	13	680	41	-13	13	680	41	-13	13	680	41	-13	13	680	41	-13	13	680	41	-13	13	680	41	-13	13	680	41	-13	13	680	41	-13	13	680	41	-13	13	680	41	-13	13	680	41	-13	13	680	41	-13	13	680	41	-13	13	680	41	-13	13	680
42	-13	13	693	42	-13	13	693	42	-13	13	693	42	-13	13	693	42	-13	13	693	42	-13	13	693	42	-13	13	693	42	-13	13	693	42	-13	13	693	42	-13	13	693	42	-13	13	693	42	-13	13	693	42	-13	13	693	42	-13	13	693	42	-13	13	693	42	-13	13	693	42	-13	13	693
43	-13	13	706	43	-13	13	706	43	-13	13	706	43	-13	13	706	43	-13	13	706	43	-13	13	706	43	-13	13	706	43	-13	13	706	43	-13	13	706	43	-13	13	706	43	-13	13	706	43	-13	13	706	43	-13	13	706	43	-13	13	706	43	-13	13	706	43	-13	13	706	43	-13	13	706
44	-15	15	721	44	-15	15	721	44	-15	15	721	44	-15	15	721	44	-15	15	721	44	-15	15	721	44	-15	15	721	44	-15	15	721	44	-15	15	721	44	-15	15	721	44	-15	15	721	44	-15	15	721	44	-15	15	721	44	-15	15	721	44	-15	15	721	44	-15	15	721	44	-15	15	721
45	-13	13	734	45	-13	13	734	45	-13	13	734	45	-13	13	734	45	-13	13	734	45	-13	13	734	45	-13	13	734	45	-13	13	734	45	-13	13	734	45	-13	13	734	45	-13	13	734	45	-13	13	734	45	-13	13	734	45	-13	13	734	45	-13	13	734	45	-13	13	734	45	-13	13	734
46	-231	33	767	46	-231	33	767	46	-231	33	767	46	-231	33	767	46	-231	33	767	46	-231	33	767	46	-231	33	767	46	-231	33	767	46	-231	33	767	46	-231	33	767	46	-231	33	767	46	-231	33	767	46	-231	33	767	46	-231	33	767	46	-231	33	767	46	-231	33	767	46	-231	33	767
47	-13	13	780	47	-13	13	780	47	-13	13	780	47	-13	13	780	47	-13	13	780	47	-13	13	780	47	-13	13	780	47	-13	13	780	47	-13	13	780	47	-13	13	780	47	-13	13	780	47	-13	13	780	47	-13	13	780	47	-13	13	780	47	-13	13	780	47	-13	13	780	47	-13	13	780
48	-13	13	793	48	-13	13	793	48	-13	13	793	48	-13	13	793	48	-13	13	793	48	-13	13	793	48	-13	13	793	48	-13	13	793	48	-13	13	793	48	-13	13	793	48	-13	13	793	48	-13	13	793	48	-13	13	793	48	-13	13	793	48	-13	13	793	48	-13	13	793	48	-13	13	793
49	-16	16	809	49	-16	16	809	49	-16	16	809	49	-16	16	809	49	-16	16	809	49	-16	16	809	49	-16	16	809	49	-16	16	809	49	-16	16	809	49	-16	16	809	49	-16	16	809	49	-16	16	809	49	-16	16	809	49	-16	16	809	49	-16	16	809	49	-16	16	809	49	-16	16	809
50	-15	15	824	50	-15	15	824	50	-15	15	824	50	-15	15	824	50	-15	15	824	50	-15	15	824	50	-15	15	824	50	-15	15	824	50	-15	15	824	50	-15	15	824	50	-15	15	824	50	-15	15	824	50	-15	15	824	50	-15	15	824	50	-15	15	824	50	-15	15	824	50	-15	15	824
51	-13	13	837	51	-13	13	837	51	-13	13	837	51	-13	13	837	51	-13	13	837	51	-13	13	837	51	-13	13	837	51	-13	13	837	51	-13	13	837	51	-13	13	837	51	-13	13	837	51	-13	13	837	51	-13	13	837	51	-13	13	837	51	-13	13	837	51	-13	13	837	51	-13	13	837
52	-118	19	856	52	-118	19	856	52	-118	19	856	52	-118	19	856	52	-118	19	856	52	-118	19	856	52	-118	19	856	52	-118	19	856	52	-118	19	856	52	-118	19	856	52	-118	19	856	52	-118	19	856	52	-118	19	856	52	-118	19	856	52	-118	19	856	52	-118	19	856	52	-118	19	856
53	-15	15	871	53	-15	15	871	53	-15	15	871	53	-15	15	871	53	-15	15	871	53	-15	15	871	53	-15	15	871	53	-15	15	871	53	-15	15	871	53	-15	15	871	53	-15	15	871	53	-15	15	871	53	-15	15	871	53	-15	15	871	53	-15	15	871	53	-15	15	871	53	-15	15	871
54	-113	14	885	54	-113	14	885	54	-113	14	885	54	-113	14	885	54	-113	14	885	54	-113	14	885	54	-113	14	885	54	-113	14	885	54	-113	14	885	54	-113	14	885	54	-113	14	885	54	-113	14	885	54	-113	14	885	54	-113	14	885	54	-113	14	885	54	-113	14	885	54	-113	14	885
55	-125	26	911	55	-125	26	911	55	-125	26	911	55	-125	26	911	55	-125	26	911	55	-125	26	911	55	-125	26	911	55	-125	26	911	55	-125	26	911	55	-125	26	911	55	-125	26	911	55	-125	26	911	55	-125	26	911	55	-125	26	911	55	-125	26	911	55	-125	26	911	55	-125	26	911
56	-13	13	924	56	-13	13	924	56	-13	13	924	56	-13	13	924	56	-13	13	924	56	-13	13	924	56	-13	13	924	56	-13	13	924	56	-13	13	924	56	-13	13	924	56	-13	13	924	56	-13	13	924	56	-13	13	924	56	-13	13	924	56	-13	13	924	56	-13	13	924	56	-13	13	924
57	-113	14	938	57	-113	14	938	57	-113	14	938	57	-113	14	938	57	-113	14	938	57	-113	14	938	57	-113	14	938	57	-113	14	938	57	-113	14	938	57	-113	14	938	57	-113	14	938	57	-113	14	938	57	-113	14	938	57	-113	14	938	57	-113	14	938	57	-113	14	938	57	-113	14	938
58	-13	13	951	58	-13	13	951	58	-13	13	951	58	-13	13	951	58	-13	13	951	58	-13	13	951	58	-13	13	951	58	-13	13	951	58	-13	13	951	58	-13	13	951	58	-13	13	951	58	-13	13	951	58	-13	13	951	58	-13	13	951	58	-13	13	951	58	-13	13	951	58	-13	13	951
59	-16	16	967	59	-16	16	967	59	-16	16	967	59	-16	16	967	59	-16	16	967	59	-16	16	967	59	-16	16	967	59	-16	16	967	59	-16	16	967	59	-16	16	967	59	-16	16	967	59	-16	16	967	59	-16	16	967	59	-16	16	967	59	-16	16	967	59	-16	16	967	59	-16	16	967
60	-13	13	980	60	-13	13	980	60	-13	13	980	60	-13	13	980	60	-13	13	980	60	-13	13	980	60	-13	13	980	60	-13	13	980	60	-13	13	980	60	-13	13	980	60	-13	13	980	60	-13	13	980	60	-13	13	980	60	-13	13	980	60	-13	13	980	60	-13	13	980	60	-13	13	980
61	-13	13	993	61	-13	13	993	61	-13	13	993	61	-13	13	993	61	-13	13	993	61	-13	13	993	61	-13	13	993	61	-13	13	993	61	-13	13	993	61	-13	13	993	61	-13	13	993	61	-13	13	993	61	-13	13	993	61	-13	13	993	61	-13	13	993	61	-13	13	993	61	-13	13	993
62	-123	24	1017	62	-123	24	1017	62	-123	24	1017	62	-123	24	1017	62	-123	24	1017	62	-123	24	1017	62	-123	24	1017	62	-123	24	1017	62	-123	24	1017	62	-123	24	1017	62	-123	24	1017	62	-123	24	1017	62	-123	24	1017	62	-123	24	1017	62	-123	24	1017	62	-123	24	1017	62	-123	24	1017
63	-13	13	1030	63	-13	13	1030	63	-13	13	1030	63	-13	13	1030	63	-13	13	1030	63	-13	13	1030	63	-13	13	1030	63	-13	13	1030	63	-13	13	1030	63	-13	13	1030	63	-13	13	1030	63	-13	13	1030	63	-13	13	1030	63	-13	13	1030	63	-13	13	1030	63	-13	13	1030	63	-13	13	1030
64	-125	26	1056	64	-125	26	1056	64	-125	26	1056	64	-125	26	1056	64	-125	26	1056	64	-125	26	1056	64	-125	26	1056	64	-125	26	1056	64	-125	26	1056	64	-125	26	1056	64	-125	26	1056	64	-125	26	1056	64	-125	26	1056	64	-125	26	1056	64	-125	26	1056	64	-125	26	1056	64	-125	26	1056
65	-15	15	1071	65	-15	15	1071	65	-15	15	1071	65	-15	15	1071	65	-15	15	1071	65	-15	15	1071	65	-15	15	1071	65	-15	15	1071	65	-15	15	1071	65	-15	15	1071	65	-15	15	1071	65	-15	15	1071	65	-15	15	1071	65	-15	15	1071	65	-15	15	1071	65	-15	15	1071	65	-15	15	1071
66	-13	13	1084	66	-13	13	1084	66	-13	13	1084	66	-13	13	1084	66	-13	13	1084	66	-13	13	1084	66	-13	13	1084	66	-13	13	1084	66	-13	13	1084	66	-13	13	1084	66	-13	13	1084	66	-13	13	1084	66	-13	13	1084	66	-13	13	1084	66	-13	13	1084	66	-13	13	1084	66	-13	13	1084
67	-118	19	1103	67	-118	19	1103	67	-118	19	1103	67	-118	19	1103	67	-118	19	1103	67	-118	19	1103	67	-118	19	1103	67	-118	19	1103	67	-118	19	1103	67	-118	19	1103	67	-118	19	1103	67	-118	19	1103	67	-118	19	1103	67	-118	19	1103	67	-118	19	1103	67	-118	19	1103	67	-118	19	1103
68	-17	17	1120	68	-17	17	1120	68	-17	17	1120	68	-17	17	1120	68	-17	17	1120	68	-17	17	1120	68	-17	17	1120	68	-17	17	1120	68	-17	17	1120	68	-17	17	1120	68	-17	17	1120	68	-17	17	1120	68	-17	17	1120	68	-17	17	1120	68	-17	17	1120	68	-17	17	1120	68	-17	17	1120
69	-127	28	1148	69	-127	28	1148	69	-127	28	1148	69	-127	28	1148	69	-127	28	1148	69	-127	28	1148	69	-127	28	1148	69	-127	28	1148	69	-127	28	1148	69	-127	28	1148	69	-127	28	1148	69	-127	28	1148	69	-127	28	1148	69	-127	28	1148	69	-127	28	1148	69	-127	28	1148	69	-127	28	1148
70	-13	13	1161	70	-13	13	1161	70	-13	13	1161	70	-13	13	1161	70	-13	13	1161	70	-13	13	1161	70	-13	13	1161	70	-13	13	1161	70	-13	13	1161	70	-13	13	1161	70	-13	13	1161	70	-13	13	1161	70	-13	13	1161	70	-13	13	1161	70	-13	13	1161	70	-13	13	1161	70	-13	13	1161
71	-13	13	1174	71	-13	13	1174	71	-13	13	1174	71	-13	13	1174	71	-13	13	1174	71	-13	13	1174	71	-13	13	1174	71	-13	13	1174	71	-13	13	1174	71	-13	13	1174	71	-13	13	1174	71	-13	13	1174	71	-13	13	1174	71	-13	13	1174	71	-13	13	1174	71	-13	13	1174	71	-13	13	1174
72	-15	15	1189	72	-15	15	1189	72	-15	15	1189	72	-15	15	1189	72	-15	15	1189	72	-15	15	1189	72	-15	15	1189	72	-15	15	1189	72	-15	15	1189	72	-15	15	1189	72	-15	15	1189	72	-15	15	1189	72	-15	15	1189	72	-15	15	1189	72	-15	15	1189	72	-15	15	1189	72	-15	15	1189
73	-13	13	1202	73	-13	13	1202	73	-13	13	1202	73	-13	13	1202	73	-13	13	1202	73	-13	13	1202	73	-13	13	1202	73	-13	13	1202	73	-13	13	1202	73	-13	13	1202	73	-13	13	1202	73	-13	13	1202	73	-13	13	1202	73	-13	13	1202	73	-13	13	1202	73	-13	13	1202	73	-13	13	1202
74	-13	13	1215	74	-13	13	1215	74	-13	13	1215	74	-13	13	1215	74	-13	13	1215	74	-13	13	1215	74	-13	13	1215	74	-13	13	1215	74	-13	13	1215	74	-13	13	1215	74	-13	13	1215	74	-13	13	1215	74	-13	13	1215	74	-13	13	1215	74	-13	13	1215	74	-13	13	1215	74	-13	13	1215
75	-13	13	1228	75	-13	13	1228	75	-13	13	1228	75	-13	13	1228	75	-13	13	1228	75	-13	13	1228	75	-13	13	1228	75	-13	13	1228	75	-13	13	1228	75	-13	13	1228	75	-13	13	1228	75	-13	13	1228	75	-13	13	1228	75	-13	13	1228	75	-13	13	1228	75	-13	13	1228	75	-13	13	1228
76	-16	16	1244	76	-16	16	1244	76	-16	16	1244	76	-16	16	1244	76	-16	16	1244	76	-16	16	1244	76	-16	16	1244	76	-16	16	1244	76	-16	16	1244	76	-16	16	1244	76	-16	16	1244	76	-16	16	1244	76	-16	16	1244	76	-16	16	1244	76	-16	16	1244	76	-16	16	1244	76	-16	16	1244
77	-13	13	1257	77	-13	13	1257	77	-13	13	1257	77	-13	13	1257	77	-13	13	1257	77	-13	13	1257	77	-13	13	1257	77	-13	13	1257	77	-13	13	1257	77	-13	13	1257	77	-13	13	1257	77	-13	13	1257	77	-13	13	1257	77	-13	13	1257	77	-13	13	1257	77	-13	13	1257	77	-13	13	1257
78	-13	13	1270	78	-13	13	1270	78	-13	13	1270	78	-13	13	1270	78	-13	13	1270	78	-13	13	1270	78	-13	13	1270	78	-13	13	1270	78	-13	13	1270	78	-13	13	1270	78	-13	13	1270	78	-13	13	1270	78	-13	13	1270	78	-13	13	1270	78	-13	13	1270	78	-13	13	1270	78	-13	13	1270
79	-13	13	1283	79	-13	13	1283	79	-13	13	1283	79	-13	13	1283	79	-13	13	1283	79	-13	13	1283	79	-13	13	1283	79	-13	13	1283	79	-13	13	1283	79	-13	13	1283	79	-13	13	1283	79	-13	13	1283	79	-13	13	1283	79	-13	13	1283	79	-13	13	1283	79	-13	13	1283	79	-13	13	1283
80	-15	15	1298	80	-15	15	1298	80	-15	15	1298	80	-15	15	1298	80	-15	15	1298	80	-15	15	1298	80	-15	15	1298	80	-15	15	1298	80	-15	15	1298	80	-15	15	1298	80	-15	15	1298	80	-15	15	1298	80	-15	15	1298	80	-15	15	1298	80	-15	15	1298	80	-15	15	1298	80	-15	15	1298
81	-15	15	1313	81	-15	15	1313	81	-15	15	1313	81	-15	15	1313	81	-15	15	1313	81	-15	15	1313	81	-15	15	1313	81	-15	15	1313	81	-15	15	1313	81	-15	15	1313	81	-15	15	1313	81	-15	15	1313	81	-15	15	1313	81	-15	15	1313	81	-15	15	1313	81	-15	15	1313	81	-15	15	1313
82	-15	15	1328	82	-15	15	1328	82	-15	15	1328	82	-15	15	1328	82	-15	15	1328	82	-15	15	1328	82	-15	15	1328	82	-15	15	1328	82	-15	15	1328	82	-15	15	1328	82	-15	15	1328	82	-15	15	1328	82	-15	15	1328	82	-15	15	1328	82	-15	15	1328	82	-15	15	1328	82	-15	15	1328
83	-15	15	1343	83	-15	15	1343	83	-15	15	1343	83	-15	15	1343	83	-15	15	1343	83	-15	15	1343	83	-15	15	1343	83	-15	15	1343	83	-15	15	1343	83	-15	15	1343	83	-15	15	1343	83	-15	15	1343	83	-15	15	1343	83	-15	15	1343	83	-15	15	1343	83	-15	15	1343	83	-15	15	1343
84	-17	17	1360	84	-17	17	1360	84	-17	17	1360	84	-17	17	1360	84	-17	17	1360	84	-17	17	1360	84	-17	17	1360	84	-17	17	1360	84	-17	17	1360	84	-17	17	1360	84	-17	17	1360	84	-17	17	1360	84	-17	17	1360	84	-17	17	1360	84	-17	17	1360	84	-17	17	1360	84	-17	17	1360
85	-13	13	1373	85	-13	13	1373	85	-13	13	1373	85	-13	13	1373	85	-13	13	1373	85	-13	13	1373	85	-13	13	1373	85	-13	13	1373	85	-13	13	1373	85	-13	13	1373	85	-13	13	1373	85	-13	13	1373	85	-13	13	1373	85	-13	13	1373	85	-13	13	1373	85	-13	13	1373	85	-13	13	1373
86	-15	15	1388	86	-15	15	1388	86	-15	15	1388	86	-15	15	1388	86	-15	15	1388	86	-15	15	1388	86	-15	15	1388	86	-15	15	1388	86	-15	15	1388	86	-15	15	1388	86	-15	15	1388	86	-15	15	1388	86	-15	15	1388	86	-15	15	1388	86	-15	15	1388	86	-15	15	1388	86	-15	15	1388
87	-15	15	1403	87	-15	15	1403	87	-15	15	1403	87	-15	15	1403	87	-15	15	1403	87	-15	15	1403	87	-15	15	1403	87	-15	15	1403	87	-15	15	1403	87	-15	15	1403	87	-15	15	1403	87	-15	15	1403	87	-15	15	1403	87	-15	15	1403	87	-15	15	1403	87	-15	15	1403	87	-15	15	1403
88	-13	13	1416	88	-13	13	1416	88	-13	13	1416	88	-13	13	1416	88	-13	13	1416	88	-13	13	1416	88	-13	13	1416	88	-13	13	1416	88	-13	13	1416	88	-13	13	1416	88	-13	13	1416	88	-13	13	1416	88	-13	13	1416	88	-13	13	1416	88	-13	13	1416	88	-13	13	1416	88	-13	13	1416
89	-13	13	1429	89	-13	13	1429	89	-13	13	1429	89	-13	13	1429	89	-13	13	1429	89	-13	13	1429	89	-13	13	1429	89	-13	13	1429	89	-13	13	1429	89	-13	13	1429	89	-13	13	1429	89	-13	13	1429	89	-13	13	1429	89	-13	13	1429	89	-13	13	1429	89	-13	13	1429	89	-13	13	1429
90	-15	15	1444	90	-15	15	1444	90	-15	15	1444	90	-15	15	1444	90	-15	15	1444	90	-15	15	1444	90	-15	15	1444	90	-15	15	1444	90	-15	15	1444	90	-15	15	1444	90	-15	15	1444	90	-15	15	1444	90	-15	15	1444	90	-15	15	1444	90	-15	15	1444	90	-15	15	1444	90	-15	15	1444
91	-13	13	1457	91	-13	13	1457	91	-13	13	1457	91	-13	13	1457	91	-13	13	1457	91	-13	13	1457	91	-13	13	1457	91	-13	13	1457	91	-13	13	1457	91	-13	13	1457	91	-13	13	1457	91	-13	13	1457	91	-13	13	1457	91	-13	13	1457	91	-13	13	1457	91	-13	13	1457	91	-13	13	1457
92	-15	15	1472	92	-15	15	1472	92	-15	15	1472	92	-15	15	1472	92	-15	15	1472	92	-15	15	1472	92	-15	15	1472	92	-15	15	1472	92	-15	15	1472	92	-15	15	1472	92	-15	15	1472	92	-15	15	1472	92	-15	15	1472	92	-15	15	1472	92	-15	15	1472	92	-15	15	1472	92	-15	15	1472
93	-124	25	1497	93	-124	25	1497	93	-124	25	1497	93	-124	25	1497	93	-124	25	1497	93	-124	25	1497	93	-124	25	1497	93	-124	25	1497	93	-124	25	1497	93	-124	25	1497	93	-124	25	1497	93	-124	25	1497	93	-124	25	1497	93	-124	25	1497	93	-124	25	1497	93	-124	25	1497	93	-124	25	1497
94	-13	13	1510	94	-13	13	1510	94	-13	13	1510	94	-13	13	1510	94	-13	13	1510	94	-13	13	1510	94	-13	13	1510	94	-13	13	1510	94	-13	13	1510	94	-13	13	1510	94	-13	13	1510	94	-13	13	1510	94	-13	13	1510	94	-13	13	1510	94	-13	13	1510	94	-13	13	1510	94	-13	13	1510
95	-121	22	1532	95	-121	22	1532	95	-121	22	1532	95	-121	22	1532	95	-121	22	1532	95	-121	22	1532	95	-121	22	1532	95	-121	22	1532	95	-121	22	1532	95	-121	22	1532	95	-121	22	1532	95	-121	22	1532	95	-121	22	1532	95	-121	22	1532	95	-121	22	1532	95	-121	22	1532	95	-121	22	1532
96	-17	17	1549	96	-17	17	1549	96	-17	17	1549	96	-17	17	1549	96	-17	17	1549	96	-17	17	1549	96	-17	17	1549	96	-17	17	1549	96	-17	17	1549	96	-17	17	1549	96	-17	17	1549	96	-17	17	1549	96	-17	17	1549	96	-17	17	1549	96	-17	17	1549	96	-17	17	1549	96	-17	17	1549
97	-123	24	1573	97	-123	24	1573	97	-123	24	1573	97	-123	24	1573	97	-123	24	1573	97	-123	24	1573	97	-123	24	1573	97	-123	24	1573	97	-123	24	1573	97	-123	24	1573	97	-123	24	1573	97	-123	24	1573	97	-123	24	1573	97	-123	24	1573	97	-123	24	1573	97	-123	24	1573	97	-123	24	1573
98	-13	13	1586	98	-13	13	1586	98	-13	13	1586	98	-13	13	1586	98	-13	13	1586	98	-13	13	1586	98	-13	13	1586	98	-13	13	1586	98	-13	13	1586	98	-13	13	1586	98	-13	13	1586	98	-13	13	1586	98	-13	13	1586	98	-13	13	1586	98	-13	13	1586	98	-13	13	1586	98	-13	13	1586
99	-15	15	1601	99	-15	15	1601	99	-15	15	1601	99	-15	15	1601	99	-15	15	1601	99	-15	15	1601	99	-15	15	1601	99	-15	15	1601	99	-15	15	1601	99	-15	15	1601	99	-15	15	1601	99	-15	15	1601	99	-15	15	1601	99	-15	15	1601	99	-15	15	1601	99	-15	15	1601	99	-15	15	1601
100	-13	13	1614	100	-13	13	1614	100	-13	13	1614	100	-13	13	1614	100	-13	13	1614	100	-13	13	1614	100	-13	13	1614	100	-13	13	1614	100	-13	13	1614	100	-13	13	1614	100	-13	13	1614	100	-13	13	1614	100	-13	13	1614	100	-13	13	1614	100	-13	13	1614	100	-13	13	1614	100	-13	13	1614
101	-222	24	1638	101	-222	24	1638	101	-222	24	1638	101	-222	24	1638	101	-222	24	1638	101	-222	24	1638	101	-222	24	1638	101	-222	24	1638	101	-222	24	1638	101	-222	24	1638	101	-222	24	1638	101	-222	24	1638	101	-222	24	1638	101	-222	24	1638	101	-222	24	1638	101	-222	24	1638	101	-222	24	1638
102	-13	13	1651	102	-13	13	1651	102	-13	13	1651	102	-13	13	1651	102	-13	13	1651	102	-13	13	1651	102	-13	13	1651	102	-13	13	1651	102	-13	13	1651	102	-13	13	1651	102	-13	13	1651	102	-13	13	1651	102	-13	13	1651	102	-13	13	1651	102	-13	13	1651	102	-13	13	1651	102	-13	13	1651
103	-19	19	1670	103	-19	19	1670	103	-19	19	1670	103	-19	19	1670	103	-19	19	1670	103	-19	19	1670	103	-19	19	1670	103	-19	19	1670	103	-19	19	1670	103	-19	19	1670	103	-19	19	1670	103	-19	19	1670	103	-19	19	1670	103	-19	19	1670	103	-19	19	1670	103	-19	19	1670	103	-19	19	1670
104	-15	15	1685	104	-15	15	1685	104	-15	15	1685	104	-15	15	1685	104	-15	15	1685	104	-15	15	1685	104	-15	15	1685	104	-15	15	1685	104	-15	15	1685	104	-15	15	1685	104	-15	15	1685	104	-15	15	1685	104	-15	15	1685	104	-15	15	1685	104	-15	15	1685	104	-15	15	1685	104	-15	15	1685
105	-13	13	1698	105	-13	13	1698	105	-13	13	1698	105	-13	13	1698	105	-13	13	1698	105	-13	13	1698	105	-13	13	1698	105	-13	13	1698	105	-13	13	1698	105	-13	13	1698	105	-13	13	1698	105	-13	13	1698	105	-13	13	1698	105	-13	13	1698	105	-13	13	1698	105	-13	13	1698	105	-13	13	1698
106	-119	20	1718	106	-119	20	1718	106	-119	20	1718	106	-119	20	1718	106	-119	20	1718	106	-119	20	1718	106	-119	20	1718	106	-119	20	1718	106	-119	20	1718	106	-119	20	1718	106	-119	20	1718	106	-119	20	1718	106	-119	20	1718	106	-119	20	1718	106	-119	20	1718	106	-119	20	1718	106	-119	20	1718
107	-17	17	1735	107	-17	17	1735	107	-17	17	1735	107	-17	17	1735	107	-17	17	1735	107	-17	17	1735	107	-17	17	1735	107	-17	17	1735	107	-17	17	1735	107	-17	17	1735	107	-17	17	1735	107	-17	17	1735	107	-17	17	1735	107	-17	17	1735	107	-17	17	1735	107	-17	17	1735	107	-17	17	1735
108	-17	17	1752	108	-17	17	1752	108	-17	17	1752	108	-17	17	1752	108	-17	17	1752	108	-17	17	1752	108	-17	17	1752	108	-17	17	1752	108	-17	17	1752	108	-17	17	1752	108	-17	17	1752	108	-17	17	1752	108	-17	17	1752	108	-17	17	1752	108	-17	17	1752	108	-17	17	1752	108	-17	17	1752
109	-13	13	1765	109	-13	13	1765	109	-13	13	1765	109	-13	13	1765	109	-13	13	1765	109	-13	13	1765	109	-13	13	1765	109	-13	13	1765	109	-13	13	1765	109	-13	13	1765	109	-13	13	1765	109	-13	13	1765	109	-13	13	1765	109	-13	13	1765	109	-13	13	1765	109	-13	13	1765	109	-13	13	1765
110	-121	22	1787	110	-121	22	1787	110	-121	22	1787	110	-121	22	1787	110	-121	22	1787	110	-121	22	1787	110	-121	22	1787	110	-121	22	1787	110	-121	22	1787	110	-121	22	1787	110	-121	22	1787	110	-121	22	1787	110	-121	22	1787	110	-121	22	1787	110	-121	22	1787	110	-121	22	1787	110	-121	22	1787
111	-15	15	1802	111	-15	15	1802	111	-15	15	1802	111	-15	15	1802	111	-15	15	1802	111	-15	15	1802	111	-15	15	1802	111	-15	15	1802	111	-15	15	1802	111	-15	15	1802	111	-15	15	1802	111	-15	15	1802	111	-15	15	1802	111	-15	15	1802	111	-15	15	1802	111	-15	15	1802	111	-15	15	1802
112	-13	13	1815	112	-13	13	1815	112	-13	13	1815	112	-13	13	1815	112	-13	13	1815	112	-13	13	1815	112	-13	13	1815	112	-13	13	1815	112	-13	13	1815	112	-13	13	1815	112	-13	13	1815	112	-13	13	1815	112	-13	13	1815	112	-13	13	1815	112	-13	13	1815	112	-13	13	1815	112	-13	13	1815
113	-15	15	1830	113	-15	15	1830	113	-15	15	1830	113	-15	15	1830	113	-15	15	1830	113	-15	15	1830	113	-15	15	1830	113	-15	15	1830	113	-15	15	1830	113	-15	15	1830	113	-15	15	1830	113	-15	15	1830	113	-15	15	1830	113	-15	15	1830	113	-15	15	1830	113	-15	15	1830	113	-15	15	1830
114	-13	13	1843	114	-13	13	1843	114	-13	13	1843	114	-13	13	1843	114	-13	13	1843	114	-13	13	1843	114	-13	13	1843	114	-13	13	1843	114	-13	13	1843	114	-13	13	1843	114	-13	13	1843	114	-13	13	1843	114	-13	13	1843	114	-13	13	1843	114	-13	13	1843	114	-13	13	1843	114	-13	13	1843
115	-15	15	1858	115	-15	15	1858	115	-15	15	1858	115	-15	15	1858	115	-15	15	1858	115	-15	15	1858	115	-15	15	1858	115	-15	15	1858	115	-15	15	1858	115	-15	15	1858	115	-15	15	1858	115	-15	15	1858	115	-15	15	1858	115	-15	15	1858	115	-15	15	1858	115	-15	15	1858	115	-15	15	1858
116	-120	21	1879	116	-120	21	1879	116	-120	21	1879	116	-120	21	1879	116	-120	21	1879	116	-120	21	1879	116	-120	21	1879	116	-120	21	1879	116	-120	21	1879	116	-120	21	1879	116	-120	21	1879	116	-120	21	1879	116	-120	21	1879	116	-120	21	1879	116	-120	21	1879	116	-120	21	1879	116	-120	21	1879
117	-17	17	1896	117	-17	17	1896	117	-17	17	1896	117	-17	17	1896	117	-17	17	1896	117	-17	17	1896	117	-17	17	1896	117	-17	17	1896	117	-17	17	1896	117	-17	17	1896	117	-17	17	1896	117	-17	17	1896	117	-17	17	1896	117	-17	17	1896	117	-17	17	1896	117	-17	17	1896	117	-17	17	1896
118	-13	13	1909	118	-13	13	1909	118	-13	13	1909	118	-13	13	1909	118	-13	13	1909	118	-13	13	1909	118	-13	13	1909	118	-13	13	1909	118	-13	13	1909	118	-13	13	1909	118	-13	13	1909	118	-13	13	1909	118	-13	13	1909	118	-13	13	1909	118	-13	13	1909	118	-13	13	1909	118	-13	13	1909
119	-13	13	1922	119	-13	13	1922	119	-13	13	1922	119	-13	13	1922	119	-13	13	1922	119	-13	13	1922	119	-13	13	1922	119	-13	13	1922	119	-13	13	1922	119	-13	13	1922	119	-13	13	1922	119	-13	13	1922	119	-13	13	1922	119	-13	13	1922	119	-13	13	1922	119	-13	13	1922	119	-13	13	1922
120	-126	27	1949	120	-126	27	1949	120	-126	27	1949	120	-126	27	1949	120	-126	27	1949	120	-126	27	1949	120	-126	27	1949	120	-126	27	1949	120	-126	27	1949	120	-126	27	1949	120	-126	27	1949	120	-126	27	1949	120	-126	27	1949	120	-126	27	1949	120	-126	27	1949	120	-126	27	1949	120	-126	27	1949
121	-16	16	1965	121	-16	16	1965	121	-16	16	1965	121	-16	16	1965	121	-16	16	1965	121	-16	16	1965	121	-16	16	1965	121	-16	16	1965	121	-16	16	1965	121	-16	16	1965	121	-16	16	1965	121	-16	16	1965	121	-16	16	1965	121	-16	16	1965	121	-16	16	1965	121	-16	16	1965	121	-16	16	1965
122	-15	15	1980	122	-15	15	1980	122	-15	15	1980	122	-15	15	1980	122	-15	15	1980	122	-15	15	1980	122	-15	15	1980	122	-15	15	1980	122	-15	15	1980	122	-15	15	1980	122	-15	15	1980	122	-15	15	1980	122	-15	15	1980	122	-15	15	1980	122	-15	15	1980	122	-15	15	1980	122	-15	15	1980
123	-13	13	1993	123	-13	13	1993	123	-13	13	1993	123	-13	13	1993	123	-13	13	1993	123	-13	13	1993	123	-13	13	1993	123	-13	13	1993	123	-13	13	1993	123	-13	13	1993	123	-13	13	1993	123	-13	13	1993	123	-13	13	1993	123	-13	13	1993	123	-13	13	1993	123	-13	13	1993	123	-13	13	1993
124	-16	16	2009	124	-16	16	2009	124	-16	16	2009	124	-16	16	2009	124	-16	16	2009	124	-16	16	2009	124	-16	16	2009	124	-16	16	2009	124	-16	16	2009	124	-16	16	2009	124	-16	16	2009	124	-16	16	2009	124	-16	16	2009	124	-16	16	2009	124	-16	16	2009	124	-16	16	2009	124	-16	16	2009
125	-122	23	2032	125	-122	23	2032	125	-122	23	2032	125	-122	23	2032	125	-122	23	2032	125	-122	23	2032	125	-122	23	2032	125	-122	23	2032	125	-122	23	2032	125	-122	23	2032	125	-122	23	2032	125	-122	23	2032	125	-122	23	2032	125	-122	23	2032	125	-122	23	2032	125	-122	23	2032	125	-122	23	2032
126	-15	15	2047	126	-15	15	2047	126	-15	15	2047	126	-15	15	2047	126	-15	15	2047	126	-15	15	2047	126	-15	15	2047	126	-15	15	2047	126	-15	15	2047	126	-15	15	2047	126	-15	15	2047	126	-15	15	2047	126	-15	15	2047	126	-15	15	2047	126	-15	15	2047	126	-15	15	2047	126	-15	15	2047
127	-18	18	2065	127	-18	18	2065	127	-18	18	2065	127	-18	18	2065	127	-18	18	2065	127	-18	18	2065	127	-18	18	2065	127	-18	18	2065	127	-18	18	2065	127	-18	18	2065	127	-18	18	2065	127	-18	18	2065	127	-18	18	2065	127	-18	18	2065	127	-18	18	2065	127	-18	18	2065	127	-18	18	2065
128	-15	15	2080	128	-15	15	2080	128	-15	15	2080	128	-15	15	2080	128	-15	15	2080	128	-15	15	2080	128	-15	15	2080	128	-15	15	2080	128	-15	15	2080	128	-15	15	2080	128	-15	15	2080	128	-15	15	2080	128	-15	15	2080	128	-15	15	2080	128	-15	15	2080	128	-15	15	2080	128	-15	15	2080
129	-119	20	2100	129	-119	20	2100	129	-119	20	2100	129	-119	20	2100	129	-119	20	2100	129	-119	20	2100	129	-119	20	2100	129	-119	20	2100	129	-119	20	2100	129	-119	20	2100	129	-119	20	2100	129	-119	20	2100	129	-119	20	2100	129	-119	20	2100	129	-119	20	2100	129	-119	20	2100	129	-119	20	2100
130	-19	19	2119	130	-19	19	2119	130	-19	19	2119	130	-19	19	2119	130	-19	19	2119	130	-19	19	2119	130	-19	19	2119	130	-19	19	2119	130	-19	19	2119	130	-19	19	2119	130	-19	19	2119	130	-19	19	2119	130	-19	19	2119	130	-19	19	2119	130	-19	19	2119	130	-19	19	2119	130	-19	19	2119
131	-15	15	2134	131	-15	15	2134	131	-15	15	2134	131	-15	15	2134	131	-15	15	2134	131	-15	15	2134	131	-15	15	2134	131	-15	15	2134	131	-15	15	2134	131	-15	15	2134	131	-15	15	2134	131	-15	15	2134	131	-15	15	2134	131	-15	15	2134	131	-15	15	2134	131	-15	15	2134	131	-15	15	2134
132	-13	13	2147	132	-13	13	2147	132	-13	13	2147	132	-13	13	2147	132	-13	13	2147	132	-13	13	2147	132	-13	13	2147	132	-13	13	2147	132	-13	13	2147	132	-13	13	2147	132	-13	13	2147	132	-13	13	2147	132	-13	13	2147	132	-13	13	2147	132	-13	13	2147	132	-13	13	2147	132	-13	13	2147
133	-13	13	2160	133	-13	13	2160	133	-13	13	2160	133	-13	13	2160	133	-13	13	2160	133	-13	13	2160	133	-13	13	2160	133	-13	13	2160	133	-13	13	2160	133	-13	13	2160	133	-13	13	2160	133	-13	13	2160	133	-13	13	2160	133	-13	13	2160	133	-13	13	2160	133	-13	13	2160	133	-13	13	2160
134	-19	19	2179	134	-19	19	2179	134	-19	19	2179	134	-19	19	2179	134	-19	19	2179	134	-19	19	2179	134	-19	19	2179	134	-19	19	2179	134	-19	19	2179	134	-19	19	2179	134	-19	19	2179	134	-19	19	2179	134	-19	19	2179	134	-19	19	2179	134	-19	19	2179	134	-19	19	2179	134	-19	19	2179
135	-13	13	2192	135	-13	13	2192	135	-13	13	2192	135	-13	13	2192	135	-13	13	2192	135	-13	13	2192	135	-13	13	2192	135	-13	13	2192	135	-13	13	2192	135	-13	13	2192	135	-13	13	2192	135	-13	13	2192	135	-13	13	2192	135	-13	13	2192	135	-13	13	2192	135	-13	13	2192	135	-13	13	2192
136	-13	13	2205	136	-13	13	2205	136	-13	13	2205	136	-13	13	2205	136	-13	13	2205	136	-13	13	2205	136	-13	13	2205	136	-13	13	2205	136	-13	13	2205	136	-13	13	2205	136	-13	13	2205	136	-13	13	2205	136	-13	13	2205	136	-13	13	2205	136	-13	13	2205	136	-13	13	2205	136	-13	13	2205
137	-14	14	2219	137	-14	14	2219	137	-14	14	2219	137	-14	14	2219	137	-14	14	2219	137	-14	14	2219	137	-14	14	2219	137	-14	14	2219	137	-14	14	2219	137	-14	14	2219	137	-14	14	2219	137	-14	14	2219	137	-14	14	2219	137	-14	14	2219	137	-14	14	2219	137	-14	14	2219	137	-14	14	2219
138	-15	15	2234	138	-15	15	2234	138	-15	15	2234	138	-15	15	2234	138	-15	15	2234	138	-15	15	2234	138	-15	15	2234	138	-15	15	2234	138	-15	15	2234	138	-15	15	2234	138	-15	15	2234	138	-15	15	2234	138	-15	15	2234	138	-15	15	2234	138	-15	15	2234	138	-15	15	2234	138	-15	15	2234
139	-13	13	2247	139	-13	13	2247	139	-13	13	2247	139	-13	13	2247	139	-13	13	2247	139	-13	13	2247	139	-13	13	2247	139	-13	13	2247	139	-13	13	2247	139	-13	13	2247	139	-13	13	2247	139	-13	13	2247	139	-13	13	2247	139	-13	13	2247	139	-13	13	2247	139	-13	13	2247	139	-13	13	2247
140	-14	14	2261	140	-14	14	2261	140	-14	14	2261	140	-14	14	2261	140	-14	14	2261	140	-14	14	2261	140	-14	14	2261	140	-14	14	2261	140	-14	14	2261	140	-14	14	2261	140	-14	14	2261	140	-14	14	2261	140	-14	14	2261	140	-14	14	2261	140	-14	14	2261	140	-14	14	2261	140	-14	14	2261
141	-15	15	2276	141	-15	15	2276	141	-15	15	2276	141	-15	15	2276	141	-15	15	2276	141	-15	15	2276	141	-15	15	2276	141	-15	15	2276	141	-15	15	2276	141	-15	15	2276	141	-15	15	2276	141	-15	15	2276	141	-15	15	2276	141	-15	15	2276	141	-15	15	2276	141	-15	15	2276	141	-15	15	2276
142	-13	13	2289	142	-13	13	2289	142	-13	13	2289	142	-13	13	2289	142	-13	13	2289	142	-13	13	2289	142	-13	13	2289	142	-13	13	2289	142	-13	13	2289	142	-13	13	2289	142	-13	13	2289	142	-13	13	2289	142	-13	13	2289	142	-13	13	2289	142	-13	13	2289	142	-13	13	2289	142	-13	13	2289
143	-13	13	2302	143	-13	13	2302	143	-13	13	2302	143	-13	13	2302	143	-13	13	2302	143	-13	13	2302	143	-13	13	2302	143	-13	13	2302	143	-13	13	2302	143	-13	13	2302	143	-13	13	2302	143	-13	13	2302	143	-13	13	2302	143	-13	13	2302	143	-13	13	2302	143	-13	13	2302	143	-13	13	2302
144	-126	27	2329	144	-126	27	2329	144	-126	27	2329	144	-126	27	2329	144	-126	27	2329	144	-126	27	2329	144	-126	27	2329	144	-126	27	2329	144	-126	27	2329	144	-126	27	2329	144	-126	27	2329	144	-126	27	2329	144	-126	27	2329	144	-126	27	2329	144	-126	27	2329	144	-126	27	2329	144	-126	27	2329
145	-14	14	2343	145	-14	14	2343	145	-14	14	2343	145	-14	14	2343	145	-14	14	2343	145	-14	14	2343	145	-14	14	2343	145	-14	14	2343	145	-14	14	2343	145	-14	14	2343	145	-14	14	2343	145	-14	14	2343	145	-14	14	2343	145	-14	14	2343	145	-14	14	2343	145	-14	14	2343	145	-14	14	2343
146	-227	29	2372	146	-227	29	2372	146	-227	29	2372	146	-227	29	2372	146	-227	29	2372	146	-227	29	2372	146	-227	29	2372	146	-227	29	2372	146	-227	29	2372	146	-227	29	2372	146	-227	29	2372	146	-227	29	2372	146	-227	29	2372	146	-227	29	2372	146	-227	29	2372	146	-227	29	2372	146	-227	29	2372
147	-126	27	2399	147	-126	27	2399	147	-126	27	2399	147	-126	27	2399	147	-126	27	2399	147	-126	27	2399	147	-126	27	2399	147	-126	27	2399	147	-126	27	2399	147	-126	27	2399	147	-126	27	2399	147	-126	27	2399	147	-126	27	2399	147	-126	27	2399	147	-126	27	2399	147	-126	27	2399	147	-126	27	2399
148	-15	15	2414	148	-15	15	2414	148	-15	15	2414	148	-15	15	2414	148	-15	15	2414	148	-15	15	2414	148	-15	15	2414	148	-15	15	2414	148	-15	15	2414	148	-15	15	2414	148	-15	15	2414	148	-15	15	2414	148	-15	15	2414	148	-15	15	2414	148	-15	15	2414	148	-15	15	2414	148	-15	15	2414
149	-15	15	2429	149	-15	15	2429	149	-15	15	2429	149	-15	15	2429	149	-15	15	2429	149	-15	15	2429	149	-15	15	2429	149	-15	15	2429	149	-15	15	2429	149	-15	15	2429	149	-15	15	2429	149	-15	15	2429	149	-15	15	2429	149	-15	15	2429	149	-15	15	2429	149	-15	15	2429	149	-15	15	2429
150	-438	42	2471	150	-438	42	2471	150	-438	42	2471	150	-438	42	2471	150	-438	42	2471	150	-438	42	2471	150	-438	42	2471	150	-438	42	2471	150	-438	42	2471	150	-438	42	2471	150	-438	42	2471	150	-438	42	2471	150	-438	42	2471	150	-438	42	2471	150	-438	42	2471	150	-438	42	2471	150	-438	42	2471
151	-13	13	2484	151	-13	13	2484	151	-13	13	2484	151	-13	13	2484	151	-13	13	2484	151	-13	13	2484	151	-13	13	2484	151	-13	13	2484	151	-13	13	2484	151	-13	13	2484	151	-13	13	2484	151	-13	13	2484	151	-13	13	2484	151	-13	13	2484	151	-13	13	2484	151	-13	13	2484	151	-13	13	2484
152	-13	13	2497	152	-13	13	2497	152	-13	13	2497	152	-13	13	2497	152	-13	13	2497	152	-13	13	2497	152	-13	13	2497	152	-13	13	2497	152	-13	13	2497	152	-13	13	2497	152	-13	13	2497	152	-13	13	2497	152	-13	13	2497	152	-13	13	2497	152	-13	13	2497	152	-13	13	2497	152	-13	13	2497
153	-121	22	2519	153	-121	22	2519	153	-121	22	2519	153	-121	22	2519	153	-121	22	2519	153	-121	22	2519	153	-121	22	2519	153	-121	22	2519	153	-121	22	2519	153	-121	22	2519	153	-121	22	2519	153	-121	22	2519	153	-121	22	2519	153	-121	22	2519	153	-121	22	2519	153	-121	22	2519	153	-121	22	2519
154	-13	13	2532	154	-13	13	2532	154	-13	13	2532	154	-13	13	2532	154	-13	13	2532	154	-13	13	2532	154	-13	13	2532	154	-13	13	2532	154	-13	13	2532	154	-13	13	2532	154	-13	13	2532	154	-13	13	2532	154	-13	13	2532	154	-13	13	2532	154	-13	13	2532	154	-13	13	2532	154	-13	13	2532
155	-16	16	2548	155	-16	16	2548	155	-16	16	2548	155	-16	16	2548	155	-16	16	2548	155	-16	16	2548	155	-16	16	2548	155	-16	16	2548	155	-16	16	2548	155	-16	16	2548	155	-16	16	2548	155	-16	16	2548	155	-16	16	2548	155	-16	16	2548	155	-16	16	2548	155	-16	16	2548	155	-16	16	2548
156	-117	18	2566	156	-117	18	2566	156	-117	18	2566	156	-117	18	2566	156	-117	18	2566	156	-117	18	2566	156	-117	18	2566	156	-117	18	2566	156	-117	18	2566	156	-117	18	2566	156	-117	18	2566	156	-117	18	2566	156	-117	18	2566	156	-117	18	2566	156	-117	18	2566	156	-117	18	2566	156	-117	18	2566
157	-17	17	2583	157	-17	17	2583	157	-17	17	2583	157	-17	17	2583	157	-17	17	2583	157	-17	17	2583	157	-17	17	2583	157	-17	17	2583	157	-17	17	2583	157	-17	17	2583	157	-17	17	2583	157	-17	17	2583	157	-17	17	2583	157	-17	17	2583	157	-17	17	2583	157	-17	17	2583	157	-17	17	2583
158	-15	15	2598	158	-15	15	2598	158	-15	15	2598	158	-15	15	2598	158	-15	15	2598	158	-15	15	2598	158	-15	15	2598	158	-15	15	2598	158	-15	15	2598	158	-15	15	2598	158	-15	15	2598	158	-15	15	2598	158	-15	15	2598	158	-15	15	2598	158	-15	15	2598	158	-15	15	2598	158	-15	15	2598
159	-13	13	2611	159	-13	13	2611	159	-13	13	2611	159	-13	13	2611	159	-13	13	2611	159	-13	13	2611	159	-13	13	2611	159	-13	13	2611	159	-13	13	2611	159	-13	13	2611	159	-13	13	2611	159	-13	13	2611	159	-13	13	2611	159	-13	13	2611	159	-13	13	2611	159	-13	13	2611	159	-13	13	2611
160	-113	14	2625	160	-113	14	2625	160	-113	14	2625	160	-113	14	2625	160	-113	14	2625	160	-113	14	2625	160	-113	14	2625	160	-113	14	2625	160	-113	14	2625	160	-113	14	2625	160	-113	14	2625	160	-113	14	2625	160	-113	14	2625	160	-113	14	2625	160	-113	14	2625	160	-113	14	2625	160	-113	14	2625
161	-15	15	2640	161	-15	15	2640	161	-15	15	2640	161	-15	15	2640	161	-15	15	2640	161	-15	15	2640	161	-15	15	2640	161	-15	15	2640	161	-15	15	2640	161	-15	15	2640	161	-15	15	2640	161	-15	15	2640	161	-15	15	2640	161	-15	15	2640	161	-15	15	2640	161	-15	15	2640	161	-15	15	2640
162	-13	13	2653	162	-13	13	2653	162	-13	13	2653	162	-13	13	2653	162	-13	13	2653	162	-13	13	2653	162	-13	13	2653	162	-13	13	2653	162	-13	13	2653	162	-13	13	2653	162	-13	13	2653	162	-13	13	2653	162	-13	13	2653	162	-13	13	2653	162	-13	13	2653	162	-13	13	2653	162	-13	13	2653
163	-13	13	2666	163	-13	13	2666	163	-13	13	2666	163	-13	13	2666	163	-13	13	2666	163	-13	13	2666	163	-13	13	2666	163	-13	13	2666	163	-13	13	2666	163	-13	13	2666	163	-13	13	2666	163	-13	13	2666	163	-13	13	2666	163	-13	13	2666	163	-13	13	2666	163	-13	13	2666	163	-13	13	2666
164	-15	15	2681	164	-15	15	2681	164	-15	15	2681	164	-15	15	2681	164	-15	15	2681	164	-15	15	2681	164	-15	15	2681	164	-15	15	2681	164	-15	15	2681	164	-15	15	2681	164	-15	15	2681	164	-15	15	2681	164	-15	15	2681	164	-15	15	2681	164	-15	15	2681	164	-15	15	2681	164	-15	15	2681
165	-13	13	2694	165	-13	13	2694	165	-13	13	2694	165	-13	13	2694	165	-13	13	2694	165	-13	13	2694	165	-13	13	2694	165	-13	13	2694	165	-13	13	2694	165	-13	13	2694	165	-13	13	2694	165	-13	13	2694	165	-13	13	2694	165	-13	13	2694	165	-13	13	2694	165	-13	13	2694	165	-13	13	2694
166	-13	13	2707	166	-13	13	2707	166	-13	13	2707	166	-13	13	2707	166	-13	13	2707	166	-13	13	2707	166	-13	13	2707	166	-13	13	2707	166	-13	13	2707	166	-13	13	2707	166	-13	13	2707	166	-13	13	2707	166	-13	13	2707	166	-13	13	2707	166	-13	13	2707	166	-13	13	2707	166	-13	13	2707
167	-13	13	2720	167	-13	13	2720	167	-13	13	2720	167	-13	13	2720	167	-13	13	2720	167	-13	13	2720	167	-13	13	2720	167	-13	13	2720	167	-13	13	2720	167	-13	13	2720	167	-13	13	2720	167	-13	13	2720	167	-13	13	2720	167	-13	13	2720	167	-13	13	2720	167	-13	13	2720	167	-13	13	2720
168	-15	15	2735	168	-15	15	2735	168	-15	15	2735	168	-15	15	2735	168	-15	15	2735	168	-15	15	2735	168	-15	15	2735	168	-15	15	2735	168	-15	15	2735	168	-15	15	2735	168	-15	15	2735	168	-15	15	2735	168	-15	15	2735	168	-15	15	2735	168	-15	15	2735	168	-15	15	2735	168	-15	15	2735
169	-15	15	2750	169	-15	15	2750	169	-15	15	2750	169	-15	15	2750	169	-15	15	2750	169	-15	15	2750	169	-15	15	2750	169	-15	15	2750	169	-15	15	2750	169	-15	15	2750	169	-15	15	2750	169	-15	15	2750	169	-15	15	2750	169	-15	15	2750	169	-15	15	2750	169	-15	15	2750	169	-15	15	2750
170	-13	13	2763	170	-13	13	2763	170	-13	13	2763	170	-13	13	2763	170	-13	13	2763	170	-13	13	2763	170	-13	13	2763	170	-13	13	2763	170	-13	13	2763	170	-13	13	2763	170	-13	13	2763	170	-13	13	2763	170	-13	13	2763	170	-13	13	2763	170	-13	13	2763	170	-13	13	2763	170	-13	13	2763
171	-13	13	2776	171	-13	13	2776	171	-13	13	2776	171	-13	13	2776	171	-13	13	2776	171	-13	13	2776	171	-13	13	2776	171	-13	13	2776	171	-13	13	2776	171	-13	13	2776	171	-13	13	2776	171	-13	13	2776	171	-13	13	2776	171	-13	13	2776	171	-13	13	2776	171	-13	13	2776	171	-13	13	2776
172	-124	25	2801	172	-124	25	2801	172	-124	25	2801	172	-124	25	2801	172	-124	25	2801	172	-124	25	2801	172	-124	25	2801	172	-124	25	2801	172	-124	25	2801	172	-124	25	2801	172	-124	25	2801	172	-124	25	2801	172	-124	25	2801	172	-124	25	2801	172	-124	25	2801	172	-124	25	2801	172	-124	25	2801
173	-13	13	2814	173	-13	13	2814	173	-13	13	2814	173	-13	13	2814	173	-13	13	2814	173	-13	13	2814	173	-13	13	2814	173	-13	13	2814	173	-13	13	2814	173	-13	13	2814	173	-13	13	2814	173	-13	13	2814	173	-13	13	2814	173	-13	13	2814	173	-13	13	2814	173	-13	13	2814	173	-13	13	2814
174	-119	20	2834	174	-119	20	2834	174	-119	20	2834	174	-119	20	2834	174	-119	20	2834	174	-119	20	2834	174	-119	20	2834	174	-119	20	2834	174	-119	20	2834	174	-119	20	2834	174	-119	20	2834	174	-119	20	2834	174	-119	20	2834	174	-119	20	2834	174	-119	20	2834	174	-119	20	2834	174	-119	20	2834
175	-17	17	2851	175	-17	17	2851	175	-17	17	2851	175	-17	17	2851	175	-17	17	2851	175	-17	17	2851	175	-17	17	2851	175	-17	17	2851	175	-17	17	2851	175	-17	17	2851	175	-17	17	2851	175	-17	17	2851	175	-17	17	2851	175	-17	17	2851	175	-17	17	2851	175	-17	17	2851	175	-17	17	2851
176	-13	13	2864	176	-13	13	2864	176	-13	13	2864	176	-13	13	2864	176	-13	13	2864	176	-13	13	2864	176	-13	13	2864	176	-13	13	2864	176	-13	13	2864	176	-13	13	2864	176	-13	13	2864	176	-13	13	2864	176	-13	13	2864	176	-13	13	2864	176	-13	13	2864	176	-13	13	2864	176	-13	13	2864
177	-13	13	2877	177	-13	13	2877	177	-13	13	2877	177	-13	13	2877	177	-13	13	2877	177	-13	13	2877	177	-13	13	2877	177	-13	13	2877	177	-13	13	2877	177	-13	13	2877	177	-13	13	2877	177	-13	13	2877	177	-13	13	2877	177	-13	13	2877	177	-13	13	2877	177	-13	13	2877	177	-13	13	2877
178	-13	13	2890	178	-13	13	2890	178	-13	13	2890	178	-13	13	2890	178	-13	13	2890	178	-13	13	2890	178	-13	13	2890	178	-13	13	2890	178	-13	13	2890	178	-13	13	2890	178	-13	13	2890	178	-13	13	2890	178	-13	13	2890	178	-13	13	2890	178	-13	13	2890	178	-13	13	2890	178	-13	13	2890
179	-17	17	2907	179	-17	17	2907	179	-17	17	2907	179	-17	17	2907	179	-17	17	2907	179	-17	17	2907	179	-17	17	2907	179	-17	17	2907	179	-17	17	2907	179	-17	17	2907	179	-17	17	2907	179	-17	17	2907	179	-17	17	2907	179	-17	17	2907	179	-17	17	2907	179	-17	17	2907	179	-17	17	2907
180	-13	13	2920	180	-13	13	2920	180	-13	13	2920	180	-13	13	2920	180	-13	13	2920	180	-13	13	2920	180	-13	13	2920	180	-13	13	2920	180	-13	13	2920	180	-13	13	2920	180	-13	13	2920	180	-13	13	2920	180	-13	13	2920	180	-13	13	2920	180	-13	13	2920	180	-13	13	2920	180	-13	13	2920
181	-13	13	2933	181	-13	13	2933	181	-13	13	2933	181	-13	13	2933	181	-13	13	2933	181	-13	13	2933	181	-13	13	2933	181	-13	13	2933	181	-13	13	2933	181	-13	13	2933	181	-13	13	2933	181	-13	13	2933	181	-13	13	2933	181	-13	13	2933	181	-13	13	2933	181	-13	13	2933	181	-13	13	2933
182	-15	15	2948	182	-15	15	2948	182	-15	15	2948	182	-15	15	2948	182	-15	15	2948	182	-15	15	2948	182	-15	15	2948	182	-15	15	2948	182	-15	15	2948	182	-15	15	2948	182	-15	15	2948	182	-15	15	2948	182	-15	15	2948	182	-15	15	2948	182	-15	15	2948	182	-15	15	2948	182	-15	15	2948
183	-13	13	2961	183	-13	13	2961	183	-13	13	2961	183	-13	13	2961	183	-13	13	2961	183	-13	13	2961	183	-13	13	2961	183	-13	13	2961	183	-13	13	2961	183	-13	13	2961	183	-13	13	2961	183	-13	13	2961	183	-13	13	2961	183	-13	13	2961	183	-13	13	2961	183	-13	13	2961	183	-13	13	2961
184	-15	15	2976	184	-15	15	2976	184	-15	15	2976	184	-15	15	2976	184	-15	15	2976	184	-15	15	2976	184	-15	15	2976	184	-15	15	2976	184	-15	15	2976	184	-15	15	2976	184	-15	15	2976	184	-15	15	2976	184	-15	15	2976	184	-15	15	2976	184	-15	15	2976	184	-15	15	2976	184	-15	15	2976
185	-21	21	2997	185	-21	21	2997	185	-21	21	2997	185	-21	21	2997	185	-21	21	2997	185	-21	21	2997	185	-21	21	2997	185	-21	21	2997	185	-21	21	2997	185	-21	21	2997	185	-21	21	2997	185	-21	21	2997	185	-21	21	2997	185	-21	21	2997	185	-21	21	2997	185	-21	21	2997	185	-21	21	2997
186	-13	13	3010	186	-13	13	3010	186	-13	13	3010	186	-13	13	3010	186	-13	13	3010	186	-13	13	3010	186	-13	13	3010	186	-13	13	3010	186	-13	13	3010	186	-13	13	3010	186	-13	13	3010	186	-13	13	3010	186	-13	13	3010	186	-13	13	3010	186	-13	13	3010	186	-13	13	3010	186	-13	13	3010
187	-17	17	3027	187	-17	17	3027	187	-17	17	3027	187	-17	17	3027	187	-17	17	3027	187	-17	17	3027	187	-17	17	3027	187	-17	17	3027	187	-17	17	3027	187	-17	17	3027	187	-17	17	3027	187	-17	17	3027	187	-17	17	3027	187	-17	17	3027	187	-17	17	3027	187	-17	17	3027	187	-17	17	3027
188	-17	17	3044	188	-17	17	3044	188	-17	17	3044	188	-17	17	3044	188	-17	17	3044	188	-17	17	3044	188	-17	17	3044	188	-17	17	3044	188	-17	17	3044	188	-17	17	3044	188	-17	17	3044	188	-17	17	3044	188	-17	17	3044	188	-17	17	3044	188	-17	17	3044	188	-17	17	3044	188	-17	17	3044
189	-13	13	3057	189	-13	13	3057	189	-13	13	3057	189	-13	13	3057	189	-13	13	3057	189	-13	13	3057	189	-13	13	3057	189	-13	13	3057	189	-13	13	3057	189	-13	13	3057	189	-13	13	3057	189	-13	13	3057	189	-13	13	3057	189	-13	13	3057	189	-13	13	3057	189	-13	13	3057	189	-13	13	3057
190	-13	13	3070	190	-13	13	3070	190	-13	13	3070	190	-13	13	3070	190	-13	13	3070	190	-13	13	3070	190	-13	13	3070	190	-13	13	3070	190	-13	13	3070	190	-13	13	3070	190	-13	13	3070	190	-13	13	3070	190	-13	13	3070	190	-13	13	3070	190	-13	13	3070	190	-13	13	3070	190	-13	13	3070
191	-13	13	3083	191	-13	13	3083	191	-13	13	3083	191	-13	13	3083	191	-13	13	3083	191	-13	13	3083	191	-13	13	3083	191	-13	13	3083	191	-13	13	3083	191	-13	13	3083	191	-13	13	3083	191	-13	13	3083	191	-13	13	3083	191	-13	13	3083	191	-13	13	3083	191	-13	13	3083	191	-13	13	3083
192	-13	13	3096	192	-13	13	3096	192	-13	13	3096	192	-13	13	3096	192	-13	13	3096	192	-13	13	3096	192	-13	13	3096	192	-13	13	3096	192	-13	13	3096	192	-13	13	3096	192	-13	13	3096	192	-13	13	3096	192	-13	13	3096	192	-13	13	3096	192	-13	13	3096	192	-13	13	3096	192	-13	13	3096
193	-15	15	3111	193	-15	15	3111	193	-15	15	3111	193	-15	15	3111	193	-15	15	3111	193	-15	15	3111	193	-15	15	3111	193	-15	15	3111	193	-15	15	3111	193	-15	15	3111	193	-15	15	3111	193	-15	15	3111	193	-15	15	3111	193	-15	15	3111	193	-15	15	3111	193	-15	15	3111	193	-15	15	3111
194	-15	15	3126	194	-15	15	3126	194	-15	15	3126	194	-15	15	3126	194	-15	15	3126	194	-15	15	3126	194	-15	15	3126	194	-15	15	3126	194	-15	15	3126	194	-15	15	3126	194	-15	15	3126	194	-15	15	3126	194	-15	15	3126	194	-15	15	3126	194	-15	15	3126	194	-15	15	3126	194	-15	15	3126
195	-15	15	3141	195	-15	15	3141	195	-15	15	3141	195	-15	15	3141	195	-15	15	3141	195	-15	15	3141	195	-15	15	3141	195	-15	15	3141	195	-15	15	3141	195	-15	15	3141	195	-15	15	3141	195	-15	15	3141	195	-15	15	3141	195	-15	15	3141	195	-15	15	3141	195	-15	15	3141	195	-15	15	3141
196	-18	18	3159	196	-18	18	3159	196	-18	18	3159	196	-18	18	3159	196	-18	18	3159	196	-18	18	3159	196	-18	18	3159	196	-18	18	3159	196	-18	18	3159	196	-18	18	3159	196	-18	18	3159	196	-18	18	3159	196	-18	18	3159	196	-18	18	3159	196	-18	18	3159	196	-18	18	3159	196	-18	18	3159
197	-13	13	3172	197	-13	13	3172	197	-13	13	3172	197	-13	13	3172	197	-13	13	3172	197	-13	13	3172	197	-13	13	3172	197	-13	13	3172	197	-13	13	3172	197	-13	13	3172	197	-13	13	3172	197	-13	13	3172	197	-13	13	3172	197	-13	13	3172	197	-13	13	3172	197	-13	13	3172	197	-13	13	3172
198	-15	15	3187	198	-15	15	3187	198	-15	15	3187	198	-15	15	3187	198	-15	15	3187	198	-15	15	3187	198	-15	15	3187	198	-15	15	3187	198	-15	15	3187	198	-15	15	3187	198	-15	15	3187	198	-15	15	3187	198	-15	15	3187	198	-15	15	3187	198	-15	15	3187	198	-15	15	3187	198	-15	15	3187
199	-13	13	3200	199	-13	13	3200	199	-13	13	3200	199	-13	13	3200	199	-13	13	3200	199	-13	13	3200	199	-13	13	3200	199	-13	13	3200	199	-13	13	3200	199	-13	13	3200	199	-13	13	3200	199	-13	13	3200	199	-13	13	3200	199	-13	13	3200	199	-13	13	3200	199	-13	13	3200	199	-13	13	3200
