Episode	Accumulated Reward	Length	Steps	Episode	Accumulated Reward	Length	Steps	Episode	Accumulated Reward	Length	Steps	Episode	Accumulated Reward	Length	Steps	Episode	Accumulated Reward	Length	Steps	Episode	Accumulated Reward	Length	Steps	Episode	Accumulated Reward	Length	Steps	Episode	Accumulated Reward	Length	Steps
0	-500.0	500	500	0	-500.0	500	500	0	-500.0	500	500	0	-500.0	500	500	0	-500.0	500	500	0	-500.0	500	500	0	-500.0	500	500	0	-500.0	500	500
1	-500.0	500	1000	1	-500.0	500	1000	1	-500.0	500	1000	1	-500.0	500	1000	1	-500.0	500	1000	1	-500.0	500	1000	1	-500.0	500	1000	1	-500.0	500	1000
2	-500.0	500	1500	2	-500.0	500	1500	2	-500.0	500	1500	2	-500.0	500	1500	2	-500.0	500	1500	2	-500.0	500	1500	2	-500.0	500	1500	2	-500.0	500	1500
3	-491.0	491	1991	3	-491.0	491	1991	3	-491.0	491	1991	3	-491.0	491	1991	3	-491.0	491	1991	3	-491.0	491	1991	3	-491.0	491	1991	3	-491.0	491	1991
4	-280.0	280	2271	4	-280.0	280	2271	4	-280.0	280	2271	4	-280.0	280	2271	4	-280.0	280	2271	4	-280.0	280	2271	4	-280.0	280	2271	4	-280.0	280	2271
5	-286.0	286	2557	5	-286.0	286	2557	5	-286.0	286	2557	5	-286.0	286	2557	5	-286.0	286	2557	5	-286.0	286	2557	5	-286.0	286	2557	5	-286.0	286	2557
6	-412.0	412	2969	6	-412.0	412	2969	6	-412.0	412	2969	6	-412.0	412	2969	6	-412.0	412	2969	6	-412.0	412	2969	6	-412.0	412	2969	6	-412.0	412	2969
7	-247.0	247	3216	7	-247.0	247	3216	7	-247.0	247	3216	7	-247.0	247	3216	7	-247.0	247	3216	7	-247.0	247	3216	7	-247.0	247	3216	7	-247.0	247	3216
8	-272.0	272	3488	8	-272.0	272	3488	8	-272.0	272	3488	8	-272.0	272	3488	8	-272.0	272	3488	8	-272.0	272	3488	8	-272.0	272	3488	8	-272.0	272	3488
9	-326.0	326	3814	9	-326.0	326	3814	9	-326.0	326	3814	9	-326.0	326	3814	9	-326.0	326	3814	9	-326.0	326	3814	9	-326.0	326	3814	9	-326.0	326	3814
10	-235.0	235	4049	10	-235.0	235	4049	10	-235.0	235	4049	10	-235.0	235	4049	10	-235.0	235	4049	10	-235.0	235	4049	10	-235.0	235	4049	10	-235.0	235	4049
11	-233.0	233	4282	11	-233.0	233	4282	11	-233.0	233	4282	11	-233.0	233	4282	11	-233.0	233	4282	11	-233.0	233	4282	11	-233.0	233	4282	11	-233.0	233	4282
12	-234.0	234	4516	12	-234.0	234	4516	12	-234.0	234	4516	12	-234.0	234	4516	12	-234.0	234	4516	12	-234.0	234	4516	12	-234.0	234	4516	12	-234.0	234	4516
13	-267.0	267	4783	13	-267.0	267	4783	13	-267.0	267	4783	13	-267.0	267	4783	13	-267.0	267	4783	13	-267.0	267	4783	13	-267.0	267	4783	13	-267.0	267	4783
14	-185.0	185	4968	14	-185.0	185	4968	14	-185.0	185	4968	14	-185.0	185	4968	14	-185.0	185	4968	14	-185.0	185	4968	14	-185.0	185	4968	14	-185.0	185	4968
15	-213.0	213	5181	15	-213.0	213	5181	15	-213.0	213	5181	15	-213.0	213	5181	15	-213.0	213	5181	15	-213.0	213	5181	15	-213.0	213	5181	15	-213.0	213	5181
16	-153.0	153	5334	16	-153.0	153	5334	16	-153.0	153	5334	16	-153.0	153	5334	16	-153.0	153	5334	16	-153.0	153	5334	16	-153.0	153	5334	16	-153.0	153	5334
17	-230.0	230	5564	17	-230.0	230	5564	17	-230.0	230	5564	17	-230.0	230	5564	17	-230.0	230	5564	17	-230.0	230	5564	17	-230.0	230	5564	17	-230.0	230	5564
18	-195.0	195	5759	18	-195.0	195	5759	18	-195.0	195	5759	18	-195.0	195	5759	18	-195.0	195	5759	18	-195.0	195	5759	18	-195.0	195	5759	18	-195.0	195	5759
19	-189.0	189	5948	19	-189.0	189	5948	19	-189.0	189	5948	19	-189.0	189	5948	19	-189.0	189	5948	19	-189.0	189	5948	19	-189.0	189	5948	19	-189.0	189	5948
20	-189.0	189	6137	20	-189.0	189	6137	20	-189.0	189	6137	20	-189.0	189	6137	20	-189.0	189	6137	20	-189.0	189	6137	20	-189.0	189	6137	20	-189.0	189	6137
21	-178.0	178	6315	21	-178.0	178	6315	21	-178.0	178	6315	21	-178.0	178	6315	21	-178.0	178	6315	21	-178.0	178	6315	21	-178.0	178	6315	21	-178.0	178	6315
22	-234.0	234	6549	22	-234.0	234	6549	22	-234.0	234	6549	22	-234.0	234	6549	22	-234.0	234	6549	22	-234.0	234	6549	22	-234.0	234	6549	22	-234.0	234	6549
23	-232.0	232	6781	23	-232.0	232	6781	23	-232.0	232	6781	23	-232.0	232	6781	23	-232.0	232	6781	23	-232.0	232	6781	23	-232.0	232	6781	23	-232.0	232	6781
24	-152.0	152	6933	24	-152.0	152	6933	24	-152.0	152	6933	24	-152.0	152	6933	24	-152.0	152	6933	24	-152.0	152	6933	24	-152.0	152	6933	24	-152.0	152	6933
25	-231.0	231	7164	25	-231.0	231	7164	25	-231.0	231	7164	25	-231.0	231	7164	25	-231.0	231	7164	25	-231.0	231	7164	25	-231.0	231	7164	25	-231.0	231	7164
26	-217.0	217	7381	26	-217.0	217	7381	26	-217.0	217	7381	26	-217.0	217	7381	26	-217.0	217	7381	26	-217.0	217	7381	26	-217.0	217	7381	26	-217.0	217	7381
27	-147.0	147	7528	27	-147.0	147	7528	27	-147.0	147	7528	27	-147.0	147	7528	27	-147.0	147	7528	27	-147.0	147	7528	27	-147.0	147	7528	27	-147.0	147	7528
28	-119.0	119	7647	28	-119.0	119	7647	28	-119.0	119	7647	28	-119.0	119	7647	28	-119.0	119	7647	28	-119.0	119	7647	28	-119.0	119	7647	28	-119.0	119	7647
29	-116.0	116	7763	29	-116.0	116	7763	29	-116.0	116	7763	29	-116.0	116	7763	29	-116.0	116	7763	29	-116.0	116	7763	29	-116.0	116	7763	29	-116.0	116	7763
30	-169.0	169	7932	30	-169.0	169	7932	30	-169.0	169	7932	30	-169.0	169	7932	30	-169.0	169	7932	30	-169.0	169	7932	30	-169.0	169	7932	30	-169.0	169	7932
31	-150.0	150	8082	31	-150.0	150	8082	31	-150.0	150	8082	31	-150.0	150	8082	31	-150.0	150	8082	31	-150.0	150	8082	31	-150.0	150	8082	31	-150.0	150	8082
32	-185.0	185	8267	32	-185.0	185	8267	32	-185.0	185	8267	32	-185.0	185	8267	32	-185.0	185	8267	32	-185.0	185	8267	32	-185.0	185	8267	32	-185.0	185	8267
33	-148.0	148	8415	33	-148.0	148	8415	33	-148.0	148	8415	33	-148.0	148	8415	33	-148.0	148	8415	33	-148.0	148	8415	33	-148.0	148	8415	33	-148.0	148	8415
34	-173.0	173	8588	34	-173.0	173	8588	34	-173.0	173	8588	34	-173.0	173	8588	34	-173.0	173	8588	34	-173.0	173	8588	34	-173.0	173	8588	34	-173.0	173	8588
35	-155.0	155	8743	35	-155.0	155	8743	35	-155.0	155	8743	35	-155.0	155	8743	35	-155.0	155	8743	35	-155.0	155	8743	35	-155.0	155	8743	35	-155.0	155	8743
36	-183.0	183	8926	36	-183.0	183	8926	36	-183.0	183	8926	36	-183.0	183	8926	36	-183.0	183	8926	36	-183.0	183	8926	36	-183.0	183	8926	36	-183.0	183	8926
37	-154.0	154	9080	37	-154.0	154	9080	37	-154.0	154	9080	37	-154.0	154	9080	37	-154.0	154	9080	37	-154.0	154	9080	37	-154.0	154	9080	37	-154.0	154	9080
38	-178.0	178	9258	38	-178.0	178	9258	38	-178.0	178	9258	38	-178.0	178	9258	38	-178.0	178	9258	38	-178.0	178	9258	38	-178.0	178	9258	38	-178.0	178	9258
39	-150.0	150	9408	39	-150.0	150	9408	39	-150.0	150	9408	39	-150.0	150	9408	39	-150.0	150	9408	39	-150.0	150	9408	39	-150.0	150	9408	39	-150.0	150	9408
40	-148.0	148	9556	40	-148.0	148	9556	40	-148.0	148	9556	40	-148.0	148	9556	40	-148.0	148	9556	40	-148.0	148	9556	40	-148.0	148	9556	40	-148.0	148	9556
41	-176.0	176	9732	41	-176.0	176	9732	41	-176.0	176	9732	41	-176.0	176	9732	41	-176.0	176	9732	41	-176.0	176	9732	41	-176.0	176	9732	41	-176.0	176	9732
42	-146.0	146	9878	42	-146.0	146	9878	42	-146.0	146	9878	42	-146.0	146	9878	42	-146.0	146	9878	42	-146.0	146	9878	42	-146.0	146	9878	42	-146.0	146	9878
43	-142.0	142	10020	43	-142.0	142	10020	43	-142.0	142	10020	43	-142.0	142	10020	43	-142.0	142	10020	43	-142.0	142	10020	43	-142.0	142	10020	43	-142.0	142	10020
44	-139.0	139	10159	44	-139.0	139	10159	44	-139.0	139	10159	44	-139.0	139	10159	44	-139.0	139	10159	44	-139.0	139	10159	44	-139.0	139	10159	44	-139.0	139	10159
45	-145.0	145	10304	45	-145.0	145	10304	45	-145.0	145	10304	45	-145.0	145	10304	45	-145.0	145	10304	45	-145.0	145	10304	45	-145.0	145	10304	45	-145.0	145	10304
46	-133.0	133	10437	46	-133.0	133	10437	46	-133.0	133	10437	46	-133.0	133	10437	46	-133.0	133	10437	46	-133.0	133	10437	46	-133.0	133	10437	46	-133.0	133	10437
47	-114.0	114	10551	47	-114.0	114	10551	47	-114.0	114	10551	47	-114.0	114	10551	47	-114.0	114	10551	47	-114.0	114	10551	47	-114.0	114	10551	47	-114.0	114	10551
48	-110.0	110	10661	48	-110.0	110	10661	48	-110.0	110	10661	48	-110.0	110	10661	48	-110.0	110	10661	48	-110.0	110	10661	48	-110.0	110	10661	48	-110.0	110	10661
49	-175.0	175	10836	49	-175.0	175	10836	49	-175.0	175	10836	49	-175.0	175	10836	49	-175.0	175	10836	49	-175.0	175	10836	49	-175.0	175	10836	49	-175.0	175	10836
50	-152.0	152	10988	50	-152.0	152	10988	50	-152.0	152	10988	50	-152.0	152	10988	50	-152.0	152	10988	50	-152.0	152	10988	50	-152.0	152	10988	50	-152.0	152	10988
51	-114.0	114	11102	51	-114.0	114	11102	51	-114.0	114	11102	51	-114.0	114	11102	51	-114.0	114	11102	51	-114.0	114	11102	51	-114.0	114	11102	51	-114.0	114	11102
52	-110.0	110	11212	52	-110.0	110	11212	52	-110.0	110	11212	52	-110.0	110	11212	52	-110.0	110	11212	52	-110.0	110	11212	52	-110.0	110	11212	52	-110.0	110	11212
53	-157.0	157	11369	53	-157.0	157	11369	53	-157.0	157	11369	53	-157.0	157	11369	53	-157.0	157	11369	53	-157.0	157	11369	53	-157.0	157	11369	53	-157.0	157	11369
54	-146.0	146	11515	54	-146.0	146	11515	54	-146.0	146	11515	54	-146.0	146	11515	54	-146.0	146	11515	54	-146.0	146	11515	54	-146.0	146	11515	54	-146.0	146	11515
55	-147.0	147	11662	55	-147.0	147	11662	55	-147.0	147	11662	55	-147.0	147	11662	55	-147.0	147	11662	55	-147.0	147	11662	55	-147.0	147	11662	55	-147.0	147	11662
56	-171.0	171	11833	56	-171.0	171	11833	56	-171.0	171	11833	56	-171.0	171	11833	56	-171.0	171	11833	56	-171.0	171	11833	56	-171.0	171	11833	56	-171.0	171	11833
57	-142.0	142	11975	57	-142.0	142	11975	57	-142.0	142	11975	57	-142.0	142	11975	57	-142.0	142	11975	57	-142.0	142	11975	57	-142.0	142	11975	57	-142.0	142	11975
58	-126.0	126	12101	58	-126.0	126	12101	58	-126.0	126	12101	58	-126.0	126	12101	58	-126.0	126	12101	58	-126.0	126	12101	58	-126.0	126	12101	58	-126.0	126	12101
59	-148.0	148	12249	59	-148.0	148	12249	59	-148.0	148	12249	59	-148.0	148	12249	59	-148.0	148	12249	59	-148.0	148	12249	59	-148.0	148	12249	59	-148.0	148	12249
60	-135.0	135	12384	60	-135.0	135	12384	60	-135.0	135	12384	60	-135.0	135	12384	60	-135.0	135	12384	60	-135.0	135	12384	60	-135.0	135	12384	60	-135.0	135	12384
61	-150.0	150	12534	61	-150.0	150	12534	61	-150.0	150	12534	61	-150.0	150	12534	61	-150.0	150	12534	61	-150.0	150	12534	61	-150.0	150	12534	61	-150.0	150	12534
62	-179.0	179	12713	62	-179.0	179	12713	62	-179.0	179	12713	62	-179.0	179	12713	62	-179.0	179	12713	62	-179.0	179	12713	62	-179.0	179	12713	62	-179.0	179	12713
63	-147.0	147	12860	63	-147.0	147	12860	63	-147.0	147	12860	63	-147.0	147	12860	63	-147.0	147	12860	63	-147.0	147	12860	63	-147.0	147	12860	63	-147.0	147	12860
64	-145.0	145	13005	64	-145.0	145	13005	64	-145.0	145	13005	64	-145.0	145	13005	64	-145.0	145	13005	64	-145.0	145	13005	64	-145.0	145	13005	64	-145.0	145	13005
65	-125.0	125	13130	65	-125.0	125	13130	65	-125.0	125	13130	65	-125.0	125	13130	65	-125.0	125	13130	65	-125.0	125	13130	65	-125.0	125	13130	65	-125.0	125	13130
66	-140.0	140	13270	66	-140.0	140	13270	66	-140.0	140	13270	66	-140.0	140	13270	66	-140.0	140	13270	66	-140.0	140	13270	66	-140.0	140	13270	66	-140.0	140	13270
67	-143.0	143	13413	67	-143.0	143	13413	67	-143.0	143	13413	67	-143.0	143	13413	67	-143.0	143	13413	67	-143.0	143	13413	67	-143.0	143	13413	67	-143.0	143	13413
68	-143.0	143	13556	68	-143.0	143	13556	68	-143.0	143	13556	68	-143.0	143	13556	68	-143.0	143	13556	68	-143.0	143	13556	68	-143.0	143	13556	68	-143.0	143	13556
69	-149.0	149	13705	69	-149.0	149	13705	69	-149.0	149	13705	69	-149.0	149	13705	69	-149.0	149	13705	69	-149.0	149	13705	69	-149.0	149	13705	69	-149.0	149	13705
70	-153.0	153	13858	70	-153.0	153	13858	70	-153.0	153	13858	70	-153.0	153	13858	70	-153.0	153	13858	70	-153.0	153	13858	70	-153.0	153	13858	70	-153.0	153	13858
71	-151.0	151	14009	71	-151.0	151	14009	71	-151.0	151	14009	71	-151.0	151	14009	71	-151.0	151	14009	71	-151.0	151	14009	71	-151.0	151	14009	71	-151.0	151	14009
72	-157.0	157	14166	72	-157.0	157	14166	72	-157.0	157	14166	72	-157.0	157	14166	72	-157.0	157	14166	72	-157.0	157	14166	72	-157.0	157	14166	72	-157.0	157	14166
73	-151.0	151	14317	73	-151.0	151	14317	73	-151.0	151	14317	73	-151.0	151	14317	73	-151.0	151	14317	73	-151.0	151	14317	73	-151.0	151	14317	73	-151.0	151	14317
74	-152.0	152	14469	74	-152.0	152	14469	74	-152.0	152	14469	74	-152.0	152	14469	74	-152.0	152	14469	74	-152.0	152	14469	74	-152.0	152	14469	74	-152.0	152	14469
75	-150.0	150	14619	75	-150.0	150	14619	75	-150.0	150	14619	75	-150.0	150	14619	75	-150.0	150	14619	75	-150.0	150	14619	75	-150.0	150	14619	75	-150.0	150	14619
76	-145.0	145	14764	76	-145.0	145	14764	76	-145.0	145	14764	76	-145.0	145	14764	76	-145.0	145	14764	76	-145.0	145	14764	76	-145.0	145	14764	76	-145.0	145	14764
77	-137.0	137	14901	77	-137.0	137	14901	77	-137.0	137	14901	77	-137.0	137	14901	77	-137.0	137	14901	77	-137.0	137	14901	77	-137.0	137	14901	77	-137.0	137	14901
78	-146.0	146	15047	78	-146.0	146	15047	78	-146.0	146	15047	78	-146.0	146	15047	78	-146.0	146	15047	78	-146.0	146	15047	78	-146.0	146	15047	78	-146.0	146	15047
79	-150.0	150	15197	79	-150.0	150	15197	79	-150.0	150	15197	79	-150.0	150	15197	79	-150.0	150	15197	79	-150.0	150	15197	79	-150.0	150	15197	79	-150.0	150	15197
80	-181.0	181	15378	80	-181.0	181	15378	80	-181.0	181	15378	80	-181.0	181	15378	80	-181.0	181	15378	80	-181.0	181	15378	80	-181.0	181	15378	80	-181.0	181	15378
81	-146.0	146	15524	81	-146.0	146	15524	81	-146.0	146	15524	81	-146.0	146	15524	81	-146.0	146	15524	81	-146.0	146	15524	81	-146.0	146	15524	81	-146.0	146	15524
82	-191.0	191	15715	82	-191.0	191	15715	82	-191.0	191	15715	82	-191.0	191	15715	82	-191.0	191	15715	82	-191.0	191	15715	82	-191.0	191	15715	82	-191.0	191	15715
83	-160.0	160	15875	83	-160.0	160	15875	83	-160.0	160	15875	83	-160.0	160	15875	83	-160.0	160	15875	83	-160.0	160	15875	83	-160.0	160	15875	83	-160.0	160	15875
84	-154.0	154	16029	84	-154.0	154	16029	84	-154.0	154	16029	84	-154.0	154	16029	84	-154.0	154	16029	84	-154.0	154	16029	84	-154.0	154	16029	84	-154.0	154	16029
85	-143.0	143	16172	85	-143.0	143	16172	85	-143.0	143	16172	85	-143.0	143	16172	85	-143.0	143	16172	85	-143.0	143	16172	85	-143.0	143	16172	85	-143.0	143	16172
86	-151.0	151	16323	86	-151.0	151	16323	86	-151.0	151	16323	86	-151.0	151	16323	86	-151.0	151	16323	86	-151.0	151	16323	86	-151.0	151	16323	86	-151.0	151	16323
87	-138.0	138	16461	87	-138.0	138	16461	87	-138.0	138	16461	87	-138.0	138	16461	87	-138.0	138	16461	87	-138.0	138	16461	87	-138.0	138	16461	87	-138.0	138	16461
88	-195.0	195	16656	88	-195.0	195	16656	88	-195.0	195	16656	88	-195.0	195	16656	88	-195.0	195	16656	88	-195.0	195	16656	88	-195.0	195	16656	88	-195.0	195	16656
89	-139.0	139	16795	89	-139.0	139	16795	89	-139.0	139	16795	89	-139.0	139	16795	89	-139.0	139	16795	89	-139.0	139	16795	89	-139.0	139	16795	89	-139.0	139	16795
90	-182.0	182	16977	90	-182.0	182	16977	90	-182.0	182	16977	90	-182.0	182	16977	90	-182.0	182	16977	90	-182.0	182	16977	90	-182.0	182	16977	90	-182.0	182	16977
91	-197.0	197	17174	91	-197.0	197	17174	91	-197.0	197	17174	91	-197.0	197	17174	91	-197.0	197	17174	91	-197.0	197	17174	91	-197.0	197	17174	91	-197.0	197	17174
92	-108.0	108	17282	92	-108.0	108	17282	92	-108.0	108	17282	92	-108.0	108	17282	92	-108.0	108	17282	92	-108.0	108	17282	92	-108.0	108	17282	92	-108.0	108	17282
93	-109.0	109	17391	93	-109.0	109	17391	93	-109.0	109	17391	93	-109.0	109	17391	93	-109.0	109	17391	93	-109.0	109	17391	93	-109.0	109	17391	93	-109.0	109	17391
94	-109.0	109	17500	94	-109.0	109	17500	94	-109.0	109	17500	94	-109.0	109	17500	94	-109.0	109	17500	94	-109.0	109	17500	94	-109.0	109	17500	94	-109.0	109	17500
95	-148.0	148	17648	95	-148.0	148	17648	95	-148.0	148	17648	95	-148.0	148	17648	95	-148.0	148	17648	95	-148.0	148	17648	95	-148.0	148	17648	95	-148.0	148	17648
96	-112.0	112	17760	96	-112.0	112	17760	96	-112.0	112	17760	96	-112.0	112	17760	96	-112.0	112	17760	96	-112.0	112	17760	96	-112.0	112	17760	96	-112.0	112	17760
97	-139.0	139	17899	97	-139.0	139	17899	97	-139.0	139	17899	97	-139.0	139	17899	97	-139.0	139	17899	97	-139.0	139	17899	97	-139.0	139	17899	97	-139.0	139	17899
98	-137.0	137	18036	98	-137.0	137	18036	98	-137.0	137	18036	98	-137.0	137	18036	98	-137.0	137	18036	98	-137.0	137	18036	98	-137.0	137	18036	98	-137.0	137	18036
99	-113.0	113	18149	99	-113.0	113	18149	99	-113.0	113	18149	99	-113.0	113	18149	99	-113.0	113	18149	99	-113.0	113	18149	99	-113.0	113	18149	99	-113.0	113	18149
100	-112.0	112	18261	100	-112.0	112	18261	100	-112.0	112	18261	100	-112.0	112	18261	100	-112.0	112	18261	100	-112.0	112	18261	100	-112.0	112	18261	100	-112.0	112	18261
101	-192.0	192	18453	101	-192.0	192	18453	101	-192.0	192	18453	101	-192.0	192	18453	101	-192.0	192	18453	101	-192.0	192	18453	101	-192.0	192	18453	101	-192.0	192	18453
102	-138.0	138	18591	102	-138.0	138	18591	102	-138.0	138	18591	102	-138.0	138	18591	102	-138.0	138	18591	102	-138.0	138	18591	102	-138.0	138	18591	102	-138.0	138	18591
103	-203.0	203	18794	103	-203.0	203	18794	103	-203.0	203	18794	103	-203.0	203	18794	103	-203.0	203	18794	103	-203.0	203	18794	103	-203.0	203	18794	103	-203.0	203	18794
104	-151.0	151	18945	104	-151.0	151	18945	104	-151.0	151	18945	104	-151.0	151	18945	104	-151.0	151	18945	104	-151.0	151	18945	104	-151.0	151	18945	104	-151.0	151	18945
105	-177.0	177	19122	105	-177.0	177	19122	105	-177.0	177	19122	105	-177.0	177	19122	105	-177.0	177	19122	105	-177.0	177	19122	105	-177.0	177	19122	105	-177.0	177	19122
106	-139.0	139	19261	106	-139.0	139	19261	106	-139.0	139	19261	106	-139.0	139	19261	106	-139.0	139	19261	106	-139.0	139	19261	106	-139.0	139	19261	106	-139.0	139	19261
107	-146.0	146	19407	107	-146.0	146	19407	107	-146.0	146	19407	107	-146.0	146	19407	107	-146.0	146	19407	107	-146.0	146	19407	107	-146.0	146	19407	107	-146.0	146	19407
108	-139.0	139	19546	108	-139.0	139	19546	108	-139.0	139	19546	108	-139.0	139	19546	108	-139.0	139	19546	108	-139.0	139	19546	108	-139.0	139	19546	108	-139.0	139	19546
109	-138.0	138	19684	109	-138.0	138	19684	109	-138.0	138	19684	109	-138.0	138	19684	109	-138.0	138	19684	109	-138.0	138	19684	109	-138.0	138	19684	109	-138.0	138	19684
110	-146.0	146	19830	110	-146.0	146	19830	110	-146.0	146	19830	110	-146.0	146	19830	110	-146.0	146	19830	110	-146.0	146	19830	110	-146.0	146	19830	110	-146.0	146	19830
111	-127.0	127	19957	111	-127.0	127	19957	111	-127.0	127	19957	111	-127.0	127	19957	111	-127.0	127	19957	111	-127.0	127	19957	111	-127.0	127	19957	111	-127.0	127	19957
112	-114.0	114	20071	112	-114.0	114	20071	112	-114.0	114	20071	112	-114.0	114	20071	112	-114.0	114	20071	112	-114.0	114	20071	112	-114.0	114	20071	112	-114.0	114	20071
113	-118.0	118	20189	113	-118.0	118	20189	113	-118.0	118	20189	113	-118.0	118	20189	113	-118.0	118	20189	113	-118.0	118	20189	113	-118.0	118	20189	113	-118.0	118	20189
114	-110.0	110	20299	114	-110.0	110	20299	114	-110.0	110	20299	114	-110.0	110	20299	114	-110.0	110	20299	114	-110.0	110	20299	114	-110.0	110	20299	114	-110.0	110	20299
115	-194.0	194	20493	115	-194.0	194	20493	115	-194.0	194	20493	115	-194.0	194	20493	115	-194.0	194	20493	115	-194.0	194	20493	115	-194.0	194	20493	115	-194.0	194	20493
116	-109.0	109	20602	116	-109.0	109	20602	116	-109.0	109	20602	116	-109.0	109	20602	116	-109.0	109	20602	116	-109.0	109	20602	116	-109.0	109	20602	116	-109.0	109	20602
117	-109.0	109	20711	117	-109.0	109	20711	117	-109.0	109	20711	117	-109.0	109	20711	117	-109.0	109	20711	117	-109.0	109	20711	117	-109.0	109	20711	117	-109.0	109	20711
118	-156.0	156	20867	118	-156.0	156	20867	118	-156.0	156	20867	118	-156.0	156	20867	118	-156.0	156	20867	118	-156.0	156	20867	118	-156.0	156	20867	118	-156.0	156	20867
119	-143.0	143	21010	119	-143.0	143	21010	119	-143.0	143	21010	119	-143.0	143	21010	119	-143.0	143	21010	119	-143.0	143	21010	119	-143.0	143	21010	119	-143.0	143	21010
120	-127.0	127	21137	120	-127.0	127	21137	120	-127.0	127	21137	120	-127.0	127	21137	120	-127.0	127	21137	120	-127.0	127	21137	120	-127.0	127	21137	120	-127.0	127	21137
121	-127.0	127	21264	121	-127.0	127	21264	121	-127.0	127	21264	121	-127.0	127	21264	121	-127.0	127	21264	121	-127.0	127	21264	121	-127.0	127	21264	121	-127.0	127	21264
122	-105.0	105	21369	122	-105.0	105	21369	122	-105.0	105	21369	122	-105.0	105	21369	122	-105.0	105	21369	122	-105.0	105	21369	122	-105.0	105	21369	122	-105.0	105	21369
123	-146.0	146	21515	123	-146.0	146	21515	123	-146.0	146	21515	123	-146.0	146	21515	123	-146.0	146	21515	123	-146.0	146	21515	123	-146.0	146	21515	123	-146.0	146	21515
124	-105.0	105	21620	124	-105.0	105	21620	124	-105.0	105	21620	124	-105.0	105	21620	124	-105.0	105	21620	124	-105.0	105	21620	124	-105.0	105	21620	124	-105.0	105	21620
125	-104.0	104	21724	125	-104.0	104	21724	125	-104.0	104	21724	125	-104.0	104	21724	125	-104.0	104	21724	125	-104.0	104	21724	125	-104.0	104	21724	125	-104.0	104	21724
126	-149.0	149	21873	126	-149.0	149	21873	126	-149.0	149	21873	126	-149.0	149	21873	126	-149.0	149	21873	126	-149.0	149	21873	126	-149.0	149	21873	126	-149.0	149	21873
127	-144.0	144	22017	127	-144.0	144	22017	127	-144.0	144	22017	127	-144.0	144	22017	127	-144.0	144	22017	127	-144.0	144	22017	127	-144.0	144	22017	127	-144.0	144	22017
128	-105.0	105	22122	128	-105.0	105	22122	128	-105.0	105	22122	128	-105.0	105	22122	128	-105.0	105	22122	128	-105.0	105	22122	128	-105.0	105	22122	128	-105.0	105	22122
129	-106.0	106	22228	129	-106.0	106	22228	129	-106.0	106	22228	129	-106.0	106	22228	129	-106.0	106	22228	129	-106.0	106	22228	129	-106.0	106	22228	129	-106.0	106	22228
130	-145.0	145	22373	130	-145.0	145	22373	130	-145.0	145	22373	130	-145.0	145	22373	130	-145.0	145	22373	130	-145.0	145	22373	130	-145.0	145	22373	130	-145.0	145	22373
131	-105.0	105	22478	131	-105.0	105	22478	131	-105.0	105	22478	131	-105.0	105	22478	131	-105.0	105	22478	131	-105.0	105	22478	131	-105.0	105	22478	131	-105.0	105	22478
132	-144.0	144	22622	132	-144.0	144	22622	132	-144.0	144	22622	132	-144.0	144	22622	132	-144.0	144	22622	132	-144.0	144	22622	132	-144.0	144	22622	132	-144.0	144	22622
133	-181.0	181	22803	133	-181.0	181	22803	133	-181.0	181	22803	133	-181.0	181	22803	133	-181.0	181	22803	133	-181.0	181	22803	133	-181.0	181	22803	133	-181.0	181	22803
134	-145.0	145	22948	134	-145.0	145	22948	134	-145.0	145	22948	134	-145.0	145	22948	134	-145.0	145	22948	134	-145.0	145	22948	134	-145.0	145	22948	134	-145.0	145	22948
135	-108.0	108	23056	135	-108.0	108	23056	135	-108.0	108	23056	135	-108.0	108	23056	135	-108.0	108	23056	135	-108.0	108	23056	135	-108.0	108	23056	135	-108.0	108	23056
136	-142.0	142	23198	136	-142.0	142	23198	136	-142.0	142	23198	136	-142.0	142	23198	136	-142.0	142	23198	136	-142.0	142	23198	136	-142.0	142	23198	136	-142.0	142	23198
137	-107.0	107	23305	137	-107.0	107	23305	137	-107.0	107	23305	137	-107.0	107	23305	137	-107.0	107	23305	137	-107.0	107	23305	137	-107.0	107	23305	137	-107.0	107	23305
138	-148.0	148	23453	138	-148.0	148	23453	138	-148.0	148	23453	138	-148.0	148	23453	138	-148.0	148	23453	138	-148.0	148	23453	138	-148.0	148	23453	138	-148.0	148	23453
139	-192.0	192	23645	139	-192.0	192	23645	139	-192.0	192	23645	139	-192.0	192	23645	139	-192.0	192	23645	139	-192.0	192	23645	139	-192.0	192	23645	139	-192.0	192	23645
140	-138.0	138	23783	140	-138.0	138	23783	140	-138.0	138	23783	140	-138.0	138	23783	140	-138.0	138	23783	140	-138.0	138	23783	140	-138.0	138	23783	140	-138.0	138	23783
141	-138.0	138	23921	141	-138.0	138	23921	141	-138.0	138	23921	141	-138.0	138	23921	141	-138.0	138	23921	141	-138.0	138	23921	141	-138.0	138	23921	141	-138.0	138	23921
142	-174.0	174	24095	142	-174.0	174	24095	142	-174.0	174	24095	142	-174.0	174	24095	142	-174.0	174	24095	142	-174.0	174	24095	142	-174.0	174	24095	142	-174.0	174	24095
143	-170.0	170	24265	143	-170.0	170	24265	143	-170.0	170	24265	143	-170.0	170	24265	143	-170.0	170	24265	143	-170.0	170	24265	143	-170.0	170	24265	143	-170.0	170	24265
144	-155.0	155	24420	144	-155.0	155	24420	144	-155.0	155	24420	144	-155.0	155	24420	144	-155.0	155	24420	144	-155.0	155	24420	144	-155.0	155	24420	144	-155.0	155	24420
145	-144.0	144	24564	145	-144.0	144	24564	145	-144.0	144	24564	145	-144.0	144	24564	145	-144.0	144	24564	145	-144.0	144	24564	145	-144.0	144	24564	145	-144.0	144	24564
146	-142.0	142	24706	146	-142.0	142	24706	146	-142.0	142	24706	146	-142.0	142	24706	146	-142.0	142	24706	146	-142.0	142	24706	146	-142.0	142	24706	146	-142.0	142	24706
147	-141.0	141	24847	147	-141.0	141	24847	147	-141.0	141	24847	147	-141.0	141	24847	147	-141.0	141	24847	147	-141.0	141	24847	147	-141.0	141	24847	147	-141.0	141	24847
148	-201.0	201	25048	148	-201.0	201	25048	148	-201.0	201	25048	148	-201.0	201	25048	148	-201.0	201	25048	148	-201.0	201	25048	148	-201.0	201	25048	148	-201.0	201	25048
149	-150.0	150	25198	149	-150.0	150	25198	149	-150.0	150	25198	149	-150.0	150	25198	149	-150.0	150	25198	149	-150.0	150	25198	149	-150.0	150	25198	149	-150.0	150	25198
150	-148.0	148	25346	150	-148.0	148	25346	150	-148.0	148	25346	150	-148.0	148	25346	150	-148.0	148	25346	150	-148.0	148	25346	150	-148.0	148	25346	150	-148.0	148	25346
151	-140.0	140	25486	151	-140.0	140	25486	151	-140.0	140	25486	151	-140.0	140	25486	151	-140.0	140	25486	151	-140.0	140	25486	151	-140.0	140	25486	151	-140.0	140	25486
152	-139.0	139	25625	152	-139.0	139	25625	152	-139.0	139	25625	152	-139.0	139	25625	152	-139.0	139	25625	152	-139.0	139	25625	152	-139.0	139	25625	152	-139.0	139	25625
153	-161.0	161	25786	153	-161.0	161	25786	153	-161.0	161	25786	153	-161.0	161	25786	153	-161.0	161	25786	153	-161.0	161	25786	153	-161.0	161	25786	153	-161.0	161	25786
154	-146.0	146	25932	154	-146.0	146	25932	154	-146.0	146	25932	154	-146.0	146	25932	154	-146.0	146	25932	154	-146.0	146	25932	154	-146.0	146	25932	154	-146.0	146	25932
155	-140.0	140	26072	155	-140.0	140	26072	155	-140.0	140	26072	155	-140.0	140	26072	155	-140.0	140	26072	155	-140.0	140	26072	155	-140.0	140	26072	155	-140.0	140	26072
156	-145.0	145	26217	156	-145.0	145	26217	156	-145.0	145	26217	156	-145.0	145	26217	156	-145.0	145	26217	156	-145.0	145	26217	156	-145.0	145	26217	156	-145.0	145	26217
157	-161.0	161	26378	157	-161.0	161	26378	157	-161.0	161	26378	157	-161.0	161	26378	157	-161.0	161	26378	157	-161.0	161	26378	157	-161.0	161	26378	157	-161.0	161	26378
158	-146.0	146	26524	158	-146.0	146	26524	158	-146.0	146	26524	158	-146.0	146	26524	158	-146.0	146	26524	158	-146.0	146	26524	158	-146.0	146	26524	158	-146.0	146	26524
159	-137.0	137	26661	159	-137.0	137	26661	159	-137.0	137	26661	159	-137.0	137	26661	159	-137.0	137	26661	159	-137.0	137	26661	159	-137.0	137	26661	159	-137.0	137	26661
160	-162.0	162	26823	160	-162.0	162	26823	160	-162.0	162	26823	160	-162.0	162	26823	160	-162.0	162	26823	160	-162.0	162	26823	160	-162.0	162	26823	160	-162.0	162	26823
161	-209.0	209	27032	161	-209.0	209	27032	161	-209.0	209	27032	161	-209.0	209	27032	161	-209.0	209	27032	161	-209.0	209	27032	161	-209.0	209	27032	161	-209.0	209	27032
162	-145.0	145	27177	162	-145.0	145	27177	162	-145.0	145	27177	162	-145.0	145	27177	162	-145.0	145	27177	162	-145.0	145	27177	162	-145.0	145	27177	162	-145.0	145	27177
163	-149.0	149	27326	163	-149.0	149	27326	163	-149.0	149	27326	163	-149.0	149	27326	163	-149.0	149	27326	163	-149.0	149	27326	163	-149.0	149	27326	163	-149.0	149	27326
164	-206.0	206	27532	164	-206.0	206	27532	164	-206.0	206	27532	164	-206.0	206	27532	164	-206.0	206	27532	164	-206.0	206	27532	164	-206.0	206	27532	164	-206.0	206	27532
165	-116.0	116	27648	165	-116.0	116	27648	165	-116.0	116	27648	165	-116.0	116	27648	165	-116.0	116	27648	165	-116.0	116	27648	165	-116.0	116	27648	165	-116.0	116	27648
166	-114.0	114	27762	166	-114.0	114	27762	166	-114.0	114	27762	166	-114.0	114	27762	166	-114.0	114	27762	166	-114.0	114	27762	166	-114.0	114	27762	166	-114.0	114	27762
167	-158.0	158	27920	167	-158.0	158	27920	167	-158.0	158	27920	167	-158.0	158	27920	167	-158.0	158	27920	167	-158.0	158	27920	167	-158.0	158	27920	167	-158.0	158	27920
168	-152.0	152	28072	168	-152.0	152	28072	168	-152.0	152	28072	168	-152.0	152	28072	168	-152.0	152	28072	168	-152.0	152	28072	168	-152.0	152	28072	168	-152.0	152	28072
169	-148.0	148	28220	169	-148.0	148	28220	169	-148.0	148	28220	169	-148.0	148	28220	169	-148.0	148	28220	169	-148.0	148	28220	169	-148.0	148	28220	169	-148.0	148	28220
170	-116.0	116	28336	170	-116.0	116	28336	170	-116.0	116	28336	170	-116.0	116	28336	170	-116.0	116	28336	170	-116.0	116	28336	170	-116.0	116	28336	170	-116.0	116	28336
171	-109.0	109	28445	171	-109.0	109	28445	171	-109.0	109	28445	171	-109.0	109	28445	171	-109.0	109	28445	171	-109.0	109	28445	171	-109.0	109	28445	171	-109.0	109	28445
172	-144.0	144	28589	172	-144.0	144	28589	172	-144.0	144	28589	172	-144.0	144	28589	172	-144.0	144	28589	172	-144.0	144	28589	172	-144.0	144	28589	172	-144.0	144	28589
173	-113.0	113	28702	173	-113.0	113	28702	173	-113.0	113	28702	173	-113.0	113	28702	173	-113.0	113	28702	173	-113.0	113	28702	173	-113.0	113	28702	173	-113.0	113	28702
174	-156.0	156	28858	174	-156.0	156	28858	174	-156.0	156	28858	174	-156.0	156	28858	174	-156.0	156	28858	174	-156.0	156	28858	174	-156.0	156	28858	174	-156.0	156	28858
175	-157.0	157	29015	175	-157.0	157	29015	175	-157.0	157	29015	175	-157.0	157	29015	175	-157.0	157	29015	175	-157.0	157	29015	175	-157.0	157	29015	175	-157.0	157	29015
176	-134.0	134	29149	176	-134.0	134	29149	176	-134.0	134	29149	176	-134.0	134	29149	176	-134.0	134	29149	176	-134.0	134	29149	176	-134.0	134	29149	176	-134.0	134	29149
177	-156.0	156	29305	177	-156.0	156	29305	177	-156.0	156	29305	177	-156.0	156	29305	177	-156.0	156	29305	177	-156.0	156	29305	177	-156.0	156	29305	177	-156.0	156	29305
178	-116.0	116	29421	178	-116.0	116	29421	178	-116.0	116	29421	178	-116.0	116	29421	178	-116.0	116	29421	178	-116.0	116	29421	178	-116.0	116	29421	178	-116.0	116	29421
179	-123.0	123	29544	179	-123.0	123	29544	179	-123.0	123	29544	179	-123.0	123	29544	179	-123.0	123	29544	179	-123.0	123	29544	179	-123.0	123	29544	179	-123.0	123	29544
180	-106.0	106	29650	180	-106.0	106	29650	180	-106.0	106	29650	180	-106.0	106	29650	180	-106.0	106	29650	180	-106.0	106	29650	180	-106.0	106	29650	180	-106.0	106	29650
181	-143.0	143	29793	181	-143.0	143	29793	181	-143.0	143	29793	181	-143.0	143	29793	181	-143.0	143	29793	181	-143.0	143	29793	181	-143.0	143	29793	181	-143.0	143	29793
182	-143.0	143	29936	182	-143.0	143	29936	182	-143.0	143	29936	182	-143.0	143	29936	182	-143.0	143	29936	182	-143.0	143	29936	182	-143.0	143	29936	182	-143.0	143	29936
183	-166.0	166	30102	183	-166.0	166	30102	183	-166.0	166	30102	183	-166.0	166	30102	183	-166.0	166	30102	183	-166.0	166	30102	183	-166.0	166	30102	183	-166.0	166	30102
184	-180.0	180	30282	184	-180.0	180	30282	184	-180.0	180	30282	184	-180.0	180	30282	184	-180.0	180	30282	184	-180.0	180	30282	184	-180.0	180	30282	184	-180.0	180	30282
185	-114.0	114	30396	185	-114.0	114	30396	185	-114.0	114	30396	185	-114.0	114	30396	185	-114.0	114	30396	185	-114.0	114	30396	185	-114.0	114	30396	185	-114.0	114	30396
186	-111.0	111	30507	186	-111.0	111	30507	186	-111.0	111	30507	186	-111.0	111	30507	186	-111.0	111	30507	186	-111.0	111	30507	186	-111.0	111	30507	186	-111.0	111	30507
187	-115.0	115	30622	187	-115.0	115	30622	187	-115.0	115	30622	187	-115.0	115	30622	187	-115.0	115	30622	187	-115.0	115	30622	187	-115.0	115	30622	187	-115.0	115	30622
188	-118.0	118	30740	188	-118.0	118	30740	188	-118.0	118	30740	188	-118.0	118	30740	188	-118.0	118	30740	188	-118.0	118	30740	188	-118.0	118	30740	188	-118.0	118	30740
189	-111.0	111	30851	189	-111.0	111	30851	189	-111.0	111	30851	189	-111.0	111	30851	189	-111.0	111	30851	189	-111.0	111	30851	189	-111.0	111	30851	189	-111.0	111	30851
190	-108.0	108	30959	190	-108.0	108	30959	190	-108.0	108	30959	190	-108.0	108	30959	190	-108.0	108	30959	190	-108.0	108	30959	190	-108.0	108	30959	190	-108.0	108	30959
191	-146.0	146	31105	191	-146.0	146	31105	191	-146.0	146	31105	191	-146.0	146	31105	191	-146.0	146	31105	191	-146.0	146	31105	191	-146.0	146	31105	191	-146.0	146	31105
192	-134.0	134	31239	192	-134.0	134	31239	192	-134.0	134	31239	192	-134.0	134	31239	192	-134.0	134	31239	192	-134.0	134	31239	192	-134.0	134	31239	192	-134.0	134	31239
193	-140.0	140	31379	193	-140.0	140	31379	193	-140.0	140	31379	193	-140.0	140	31379	193	-140.0	140	31379	193	-140.0	140	31379	193	-140.0	140	31379	193	-140.0	140	31379
194	-133.0	133	31512	194	-133.0	133	31512	194	-133.0	133	31512	194	-133.0	133	31512	194	-133.0	133	31512	194	-133.0	133	31512	194	-133.0	133	31512	194	-133.0	133	31512
195	-138.0	138	31650	195	-138.0	138	31650	195	-138.0	138	31650	195	-138.0	138	31650	195	-138.0	138	31650	195	-138.0	138	31650	195	-138.0	138	31650	195	-138.0	138	31650
196	-132.0	132	31782	196	-132.0	132	31782	196	-132.0	132	31782	196	-132.0	132	31782	196	-132.0	132	31782	196	-132.0	132	31782	196	-132.0	132	31782	196	-132.0	132	31782
197	-141.0	141	31923	197	-141.0	141	31923	197	-141.0	141	31923	197	-141.0	141	31923	197	-141.0	141	31923	197	-141.0	141	31923	197	-141.0	141	31923	197	-141.0	141	31923
198	-96.0	96	32019	198	-96.0	96	32019	198	-96.0	96	32019	198	-96.0	96	32019	198	-96.0	96	32019	198	-96.0	96	32019	198	-96.0	96	32019	198	-96.0	96	32019
199	-106.0	106	32125	199	-106.0	106	32125	199	-106.0	106	32125	199	-106.0	106	32125	199	-106.0	106	32125	199	-106.0	106	32125	199	-106.0	106	32125	199	-106.0	106	32125
200	-133.0	133	32258	200	-133.0	133	32258	200	-133.0	133	32258	200	-133.0	133	32258	200	-133.0	133	32258	200	-133.0	133	32258	200	-133.0	133	32258	200	-133.0	133	32258
201	-105.0	105	32363	201	-105.0	105	32363	201	-105.0	105	32363	201	-105.0	105	32363	201	-105.0	105	32363	201	-105.0	105	32363	201	-105.0	105	32363	201	-105.0	105	32363
202	-141.0	141	32504	202	-141.0	141	32504	202	-141.0	141	32504	202	-141.0	141	32504	202	-141.0	141	32504	202	-141.0	141	32504	202	-141.0	141	32504	202	-141.0	141	32504
203	-115.0	115	32619	203	-115.0	115	32619	203	-115.0	115	32619	203	-115.0	115	32619	203	-115.0	115	32619	203	-115.0	115	32619	203	-115.0	115	32619	203	-115.0	115	32619
204	-136.0	136	32755	204	-136.0	136	32755	204	-136.0	136	32755	204	-136.0	136	32755	204	-136.0	136	32755	204	-136.0	136	32755	204	-136.0	136	32755	204	-136.0	136	32755
205	-143.0	143	32898	205	-143.0	143	32898	205	-143.0	143	32898	205	-143.0	143	32898	205	-143.0	143	32898	205	-143.0	143	32898	205	-143.0	143	32898	205	-143.0	143	32898
206	-130.0	130	33028	206	-130.0	130	33028	206	-130.0	130	33028	206	-130.0	130	33028	206	-130.0	130	33028	206	-130.0	130	33028	206	-130.0	130	33028	206	-130.0	130	33028
207	-137.0	137	33165	207	-137.0	137	33165	207	-137.0	137	33165	207	-137.0	137	33165	207	-137.0	137	33165	207	-137.0	137	33165	207	-137.0	137	33165	207	-137.0	137	33165
208	-107.0	107	33272	208	-107.0	107	33272	208	-107.0	107	33272	208	-107.0	107	33272	208	-107.0	107	33272	208	-107.0	107	33272	208	-107.0	107	33272	208	-107.0	107	33272
209	-135.0	135	33407	209	-135.0	135	33407	209	-135.0	135	33407	209	-135.0	135	33407	209	-135.0	135	33407	209	-135.0	135	33407	209	-135.0	135	33407	209	-135.0	135	33407
210	-116.0	116	33523	210	-116.0	116	33523	210	-116.0	116	33523	210	-116.0	116	33523	210	-116.0	116	33523	210	-116.0	116	33523	210	-116.0	116	33523	210	-116.0	116	33523
211	-130.0	130	33653	211	-130.0	130	33653	211	-130.0	130	33653	211	-130.0	130	33653	211	-130.0	130	33653	211	-130.0	130	33653	211	-130.0	130	33653	211	-130.0	130	33653
212	-141.0	141	33794	212	-141.0	141	33794	212	-141.0	141	33794	212	-141.0	141	33794	212	-141.0	141	33794	212	-141.0	141	33794	212	-141.0	141	33794	212	-141.0	141	33794
213	-141.0	141	33935	213	-141.0	141	33935	213	-141.0	141	33935	213	-141.0	141	33935	213	-141.0	141	33935	213	-141.0	141	33935	213	-141.0	141	33935	213	-141.0	141	33935
214	-163.0	163	34098	214	-163.0	163	34098	214	-163.0	163	34098	214	-163.0	163	34098	214	-163.0	163	34098	214	-163.0	163	34098	214	-163.0	163	34098	214	-163.0	163	34098
215	-139.0	139	34237	215	-139.0	139	34237	215	-139.0	139	34237	215	-139.0	139	34237	215	-139.0	139	34237	215	-139.0	139	34237	215	-139.0	139	34237	215	-139.0	139	34237
216	-111.0	111	34348	216	-111.0	111	34348	216	-111.0	111	34348	216	-111.0	111	34348	216	-111.0	111	34348	216	-111.0	111	34348	216	-111.0	111	34348	216	-111.0	111	34348
217	-168.0	168	34516	217	-168.0	168	34516	217	-168.0	168	34516	217	-168.0	168	34516	217	-168.0	168	34516	217	-168.0	168	34516	217	-168.0	168	34516	217	-168.0	168	34516
218	-138.0	138	34654	218	-138.0	138	34654	218	-138.0	138	34654	218	-138.0	138	34654	218	-138.0	138	34654	218	-138.0	138	34654	218	-138.0	138	34654	218	-138.0	138	34654
219	-136.0	136	34790	219	-136.0	136	34790	219	-136.0	136	34790	219	-136.0	136	34790	219	-136.0	136	34790	219	-136.0	136	34790	219	-136.0	136	34790	219	-136.0	136	34790
220	-141.0	141	34931	220	-141.0	141	34931	220	-141.0	141	34931	220	-141.0	141	34931	220	-141.0	141	34931	220	-141.0	141	34931	220	-141.0	141	34931	220	-141.0	141	34931
221	-108.0	108	35039	221	-108.0	108	35039	221	-108.0	108	35039	221	-108.0	108	35039	221	-108.0	108	35039	221	-108.0	108	35039	221	-108.0	108	35039	221	-108.0	108	35039
222	-142.0	142	35181	222	-142.0	142	35181	222	-142.0	142	35181	222	-142.0	142	35181	222	-142.0	142	35181	222	-142.0	142	35181	222	-142.0	142	35181	222	-142.0	142	35181
223	-111.0	111	35292	223	-111.0	111	35292	223	-111.0	111	35292	223	-111.0	111	35292	223	-111.0	111	35292	223	-111.0	111	35292	223	-111.0	111	35292	223	-111.0	111	35292
224	-106.0	106	35398	224	-106.0	106	35398	224	-106.0	106	35398	224	-106.0	106	35398	224	-106.0	106	35398	224	-106.0	106	35398	224	-106.0	106	35398	224	-106.0	106	35398
225	-110.0	110	35508	225	-110.0	110	35508	225	-110.0	110	35508	225	-110.0	110	35508	225	-110.0	110	35508	225	-110.0	110	35508	225	-110.0	110	35508	225	-110.0	110	35508
226	-106.0	106	35614	226	-106.0	106	35614	226	-106.0	106	35614	226	-106.0	106	35614	226	-106.0	106	35614	226	-106.0	106	35614	226	-106.0	106	35614	226	-106.0	106	35614
227	-138.0	138	35752	227	-138.0	138	35752	227	-138.0	138	35752	227	-138.0	138	35752	227	-138.0	138	35752	227	-138.0	138	35752	227	-138.0	138	35752	227	-138.0	138	35752
228	-136.0	136	35888	228	-136.0	136	35888	228	-136.0	136	35888	228	-136.0	136	35888	228	-136.0	136	35888	228	-136.0	136	35888	228	-136.0	136	35888	228	-136.0	136	35888
229	-106.0	106	35994	229	-106.0	106	35994	229	-106.0	106	35994	229	-106.0	106	35994	229	-106.0	106	35994	229	-106.0	106	35994	229	-106.0	106	35994	229	-106.0	106	35994
230	-106.0	106	36100	230	-106.0	106	36100	230	-106.0	106	36100	230	-106.0	106	36100	230	-106.0	106	36100	230	-106.0	106	36100	230	-106.0	106	36100	230	-106.0	106	36100
231	-107.0	107	36207	231	-107.0	107	36207	231	-107.0	107	36207	231	-107.0	107	36207	231	-107.0	107	36207	231	-107.0	107	36207	231	-107.0	107	36207	231	-107.0	107	36207
232	-143.0	143	36350	232	-143.0	143	36350	232	-143.0	143	36350	232	-143.0	143	36350	232	-143.0	143	36350	232	-143.0	143	36350	232	-143.0	143	36350	232	-143.0	143	36350
233	-107.0	107	36457	233	-107.0	107	36457	233	-107.0	107	36457	233	-107.0	107	36457	233	-107.0	107	36457	233	-107.0	107	36457	233	-107.0	107	36457	233	-107.0	107	36457
234	-136.0	136	36593	234	-136.0	136	36593	234	-136.0	136	36593	234	-136.0	136	36593	234	-136.0	136	36593	234	-136.0	136	36593	234	-136.0	136	36593	234	-136.0	136	36593
235	-138.0	138	36731	235	-138.0	138	36731	235	-138.0	138	36731	235	-138.0	138	36731	235	-138.0	138	36731	235	-138.0	138	36731	235	-138.0	138	36731	235	-138.0	138	36731
236	-107.0	107	36838	236	-107.0	107	36838	236	-107.0	107	36838	236	-107.0	107	36838	236	-107.0	107	36838	236	-107.0	107	36838	236	-107.0	107	36838	236	-107.0	107	36838
237	-108.0	108	36946	237	-108.0	108	36946	237	-108.0	108	36946	237	-108.0	108	36946	237	-108.0	108	36946	237	-108.0	108	36946	237	-108.0	108	36946	237	-108.0	108	36946
238	-106.0	106	37052	238	-106.0	106	37052	238	-106.0	106	37052	238	-106.0	106	37052	238	-106.0	106	37052	238	-106.0	106	37052	238	-106.0	106	37052	238	-106.0	106	37052
239	-140.0	140	37192	239	-140.0	140	37192	239	-140.0	140	37192	239	-140.0	140	37192	239	-140.0	140	37192	239	-140.0	140	37192	239	-140.0	140	37192	239	-140.0	140	37192
240	-106.0	106	37298	240	-106.0	106	37298	240	-106.0	106	37298	240	-106.0	106	37298	240	-106.0	106	37298	240	-106.0	106	37298	240	-106.0	106	37298	240	-106.0	106	37298
241	-141.0	141	37439	241	-141.0	141	37439	241	-141.0	141	37439	241	-141.0	141	37439	241	-141.0	141	37439	241	-141.0	141	37439	241	-141.0	141	37439	241	-141.0	141	37439
242	-106.0	106	37545	242	-106.0	106	37545	242	-106.0	106	37545	242	-106.0	106	37545	242	-106.0	106	37545	242	-106.0	106	37545	242	-106.0	106	37545	242	-106.0	106	37545
243	-108.0	108	37653	243	-108.0	108	37653	243	-108.0	108	37653	243	-108.0	108	37653	243	-108.0	108	37653	243	-108.0	108	37653	243	-108.0	108	37653	243	-108.0	108	37653
244	-179.0	179	37832	244	-179.0	179	37832	244	-179.0	179	37832	244	-179.0	179	37832	244	-179.0	179	37832	244	-179.0	179	37832	244	-179.0	179	37832	244	-179.0	179	37832
245	-147.0	147	37979	245	-147.0	147	37979	245	-147.0	147	37979	245	-147.0	147	37979	245	-147.0	147	37979	245	-147.0	147	37979	245	-147.0	147	37979	245	-147.0	147	37979
246	-109.0	109	38088	246	-109.0	109	38088	246	-109.0	109	38088	246	-109.0	109	38088	246	-109.0	109	38088	246	-109.0	109	38088	246	-109.0	109	38088	246	-109.0	109	38088
247	-106.0	106	38194	247	-106.0	106	38194	247	-106.0	106	38194	247	-106.0	106	38194	247	-106.0	106	38194	247	-106.0	106	38194	247	-106.0	106	38194	247	-106.0	106	38194
248	-133.0	133	38327	248	-133.0	133	38327	248	-133.0	133	38327	248	-133.0	133	38327	248	-133.0	133	38327	248	-133.0	133	38327	248	-133.0	133	38327	248	-133.0	133	38327
249	-106.0	106	38433	249	-106.0	106	38433	249	-106.0	106	38433	249	-106.0	106	38433	249	-106.0	106	38433	249	-106.0	106	38433	249	-106.0	106	38433	249	-106.0	106	38433
250	-135.0	135	38568	250	-135.0	135	38568	250	-135.0	135	38568	250	-135.0	135	38568	250	-135.0	135	38568	250	-135.0	135	38568	250	-135.0	135	38568	250	-135.0	135	38568
251	-145.0	145	38713	251	-145.0	145	38713	251	-145.0	145	38713	251	-145.0	145	38713	251	-145.0	145	38713	251	-145.0	145	38713	251	-145.0	145	38713	251	-145.0	145	38713
252	-134.0	134	38847	252	-134.0	134	38847	252	-134.0	134	38847	252	-134.0	134	38847	252	-134.0	134	38847	252	-134.0	134	38847	252	-134.0	134	38847	252	-134.0	134	38847
253	-142.0	142	38989	253	-142.0	142	38989	253	-142.0	142	38989	253	-142.0	142	38989	253	-142.0	142	38989	253	-142.0	142	38989	253	-142.0	142	38989	253	-142.0	142	38989
254	-140.0	140	39129	254	-140.0	140	39129	254	-140.0	140	39129	254	-140.0	140	39129	254	-140.0	140	39129	254	-140.0	140	39129	254	-140.0	140	39129	254	-140.0	140	39129
255	-140.0	140	39269	255	-140.0	140	39269	255	-140.0	140	39269	255	-140.0	140	39269	255	-140.0	140	39269	255	-140.0	140	39269	255	-140.0	140	39269	255	-140.0	140	39269
256	-139.0	139	39408	256	-139.0	139	39408	256	-139.0	139	39408	256	-139.0	139	39408	256	-139.0	139	39408	256	-139.0	139	39408	256	-139.0	139	39408	256	-139.0	139	39408
257	-139.0	139	39547	257	-139.0	139	39547	257	-139.0	139	39547	257	-139.0	139	39547	257	-139.0	139	39547	257	-139.0	139	39547	257	-139.0	139	39547	257	-139.0	139	39547
258	-133.0	133	39680	258	-133.0	133	39680	258	-133.0	133	39680	258	-133.0	133	39680	258	-133.0	133	39680	258	-133.0	133	39680	258	-133.0	133	39680	258	-133.0	133	39680
259	-106.0	106	39786	259	-106.0	106	39786	259	-106.0	106	39786	259	-106.0	106	39786	259	-106.0	106	39786	259	-106.0	106	39786	259	-106.0	106	39786	259	-106.0	106	39786
260	-113.0	113	39899	260	-113.0	113	39899	260	-113.0	113	39899	260	-113.0	113	39899	260	-113.0	113	39899	260	-113.0	113	39899	260	-113.0	113	39899	260	-113.0	113	39899
261	-105.0	105	40004	261	-105.0	105	40004	261	-105.0	105	40004	261	-105.0	105	40004	261	-105.0	105	40004	261	-105.0	105	40004	261	-105.0	105	40004	261	-105.0	105	40004
262	-156.0	156	40160	262	-156.0	156	40160	262	-156.0	156	40160	262	-156.0	156	40160	262	-156.0	156	40160	262	-156.0	156	40160	262	-156.0	156	40160	262	-156.0	156	40160
263	-107.0	107	40267	263	-107.0	107	40267	263	-107.0	107	40267	263	-107.0	107	40267	263	-107.0	107	40267	263	-107.0	107	40267	263	-107.0	107	40267	263	-107.0	107	40267
264	-160.0	160	40427	264	-160.0	160	40427	264	-160.0	160	40427	264	-160.0	160	40427	264	-160.0	160	40427	264	-160.0	160	40427	264	-160.0	160	40427	264	-160.0	160	40427
265	-107.0	107	40534	265	-107.0	107	40534	265	-107.0	107	40534	265	-107.0	107	40534	265	-107.0	107	40534	265	-107.0	107	40534	265	-107.0	107	40534	265	-107.0	107	40534
266	-147.0	147	40681	266	-147.0	147	40681	266	-147.0	147	40681	266	-147.0	147	40681	266	-147.0	147	40681	266	-147.0	147	40681	266	-147.0	147	40681	266	-147.0	147	40681
267	-138.0	138	40819	267	-138.0	138	40819	267	-138.0	138	40819	267	-138.0	138	40819	267	-138.0	138	40819	267	-138.0	138	40819	267	-138.0	138	40819	267	-138.0	138	40819
268	-104.0	104	40923	268	-104.0	104	40923	268	-104.0	104	40923	268	-104.0	104	40923	268	-104.0	104	40923	268	-104.0	104	40923	268	-104.0	104	40923	268	-104.0	104	40923
269	-157.0	157	41080	269	-157.0	157	41080	269	-157.0	157	41080	269	-157.0	157	41080	269	-157.0	157	41080	269	-157.0	157	41080	269	-157.0	157	41080	269	-157.0	157	41080
270	-132.0	132	41212	270	-132.0	132	41212	270	-132.0	132	41212	270	-132.0	132	41212	270	-132.0	132	41212	270	-132.0	132	41212	270	-132.0	132	41212	270	-132.0	132	41212
271	-134.0	134	41346	271	-134.0	134	41346	271	-134.0	134	41346	271	-134.0	134	41346	271	-134.0	134	41346	271	-134.0	134	41346	271	-134.0	134	41346	271	-134.0	134	41346
272	-146.0	146	41492	272	-146.0	146	41492	272	-146.0	146	41492	272	-146.0	146	41492	272	-146.0	146	41492	272	-146.0	146	41492	272	-146.0	146	41492	272	-146.0	146	41492
273	-104.0	104	41596	273	-104.0	104	41596	273	-104.0	104	41596	273	-104.0	104	41596	273	-104.0	104	41596	273	-104.0	104	41596	273	-104.0	104	41596	273	-104.0	104	41596
274	-105.0	105	41701	274	-105.0	105	41701	274	-105.0	105	41701	274	-105.0	105	41701	274	-105.0	105	41701	274	-105.0	105	41701	274	-105.0	105	41701	274	-105.0	105	41701
275	-106.0	106	41807	275	-106.0	106	41807	275	-106.0	106	41807	275	-106.0	106	41807	275	-106.0	106	41807	275	-106.0	106	41807	275	-106.0	106	41807	275	-106.0	106	41807
276	-104.0	104	41911	276	-104.0	104	41911	276	-104.0	104	41911	276	-104.0	104	41911	276	-104.0	104	41911	276	-104.0	104	41911	276	-104.0	104	41911	276	-104.0	104	41911
277	-143.0	143	42054	277	-143.0	143	42054	277	-143.0	143	42054	277	-143.0	143	42054	277	-143.0	143	42054	277	-143.0	143	42054	277	-143.0	143	42054	277	-143.0	143	42054
278	-104.0	104	42158	278	-104.0	104	42158	278	-104.0	104	42158	278	-104.0	104	42158	278	-104.0	104	42158	278	-104.0	104	42158	278	-104.0	104	42158	278	-104.0	104	42158
279	-104.0	104	42262	279	-104.0	104	42262	279	-104.0	104	42262	279	-104.0	104	42262	279	-104.0	104	42262	279	-104.0	104	42262	279	-104.0	104	42262	279	-104.0	104	42262
280	-173.0	173	42435	280	-173.0	173	42435	280	-173.0	173	42435	280	-173.0	173	42435	280	-173.0	173	42435	280	-173.0	173	42435	280	-173.0	173	42435	280	-173.0	173	42435
281	-136.0	136	42571	281	-136.0	136	42571	281	-136.0	136	42571	281	-136.0	136	42571	281	-136.0	136	42571	281	-136.0	136	42571	281	-136.0	136	42571	281	-136.0	136	42571
282	-141.0	141	42712	282	-141.0	141	42712	282	-141.0	141	42712	282	-141.0	141	42712	282	-141.0	141	42712	282	-141.0	141	42712	282	-141.0	141	42712	282	-141.0	141	42712
283	-143.0	143	42855	283	-143.0	143	42855	283	-143.0	143	42855	283	-143.0	143	42855	283	-143.0	143	42855	283	-143.0	143	42855	283	-143.0	143	42855	283	-143.0	143	42855
284	-105.0	105	42960	284	-105.0	105	42960	284	-105.0	105	42960	284	-105.0	105	42960	284	-105.0	105	42960	284	-105.0	105	42960	284	-105.0	105	42960	284	-105.0	105	42960
285	-105.0	105	43065	285	-105.0	105	43065	285	-105.0	105	43065	285	-105.0	105	43065	285	-105.0	105	43065	285	-105.0	105	43065	285	-105.0	105	43065	285	-105.0	105	43065
286	-139.0	139	43204	286	-139.0	139	43204	286	-139.0	139	43204	286	-139.0	139	43204	286	-139.0	139	43204	286	-139.0	139	43204	286	-139.0	139	43204	286	-139.0	139	43204
287	-141.0	141	43345	287	-141.0	141	43345	287	-141.0	141	43345	287	-141.0	141	43345	287	-141.0	141	43345	287	-141.0	141	43345	287	-141.0	141	43345	287	-141.0	141	43345
288	-145.0	145	43490	288	-145.0	145	43490	288	-145.0	145	43490	288	-145.0	145	43490	288	-145.0	145	43490	288	-145.0	145	43490	288	-145.0	145	43490	288	-145.0	145	43490
289	-105.0	105	43595	289	-105.0	105	43595	289	-105.0	105	43595	289	-105.0	105	43595	289	-105.0	105	43595	289	-105.0	105	43595	289	-105.0	105	43595	289	-105.0	105	43595
290	-105.0	105	43700	290	-105.0	105	43700	290	-105.0	105	43700	290	-105.0	105	43700	290	-105.0	105	43700	290	-105.0	105	43700	290	-105.0	105	43700	290	-105.0	105	43700
291	-145.0	145	43845	291	-145.0	145	43845	291	-145.0	145	43845	291	-145.0	145	43845	291	-145.0	145	43845	291	-145.0	145	43845	291	-145.0	145	43845	291	-145.0	145	43845
292	-141.0	141	43986	292	-141.0	141	43986	292	-141.0	141	43986	292	-141.0	141	43986	292	-141.0	141	43986	292	-141.0	141	43986	292	-141.0	141	43986	292	-141.0	141	43986
293	-107.0	107	44093	293	-107.0	107	44093	293	-107.0	107	44093	293	-107.0	107	44093	293	-107.0	107	44093	293	-107.0	107	44093	293	-107.0	107	44093	293	-107.0	107	44093
294	-137.0	137	44230	294	-137.0	137	44230	294	-137.0	137	44230	294	-137.0	137	44230	294	-137.0	137	44230	294	-137.0	137	44230	294	-137.0	137	44230	294	-137.0	137	44230
295	-133.0	133	44363	295	-133.0	133	44363	295	-133.0	133	44363	295	-133.0	133	44363	295	-133.0	133	44363	295	-133.0	133	44363	295	-133.0	133	44363	295	-133.0	133	44363
296	-161.0	161	44524	296	-161.0	161	44524	296	-161.0	161	44524	296	-161.0	161	44524	296	-161.0	161	44524	296	-161.0	161	44524	296	-161.0	161	44524	296	-161.0	161	44524
297	-133.0	133	44657	297	-133.0	133	44657	297	-133.0	133	44657	297	-133.0	133	44657	297	-133.0	133	44657	297	-133.0	133	44657	297	-133.0	133	44657	297	-133.0	133	44657
298	-164.0	164	44821	298	-164.0	164	44821	298	-164.0	164	44821	298	-164.0	164	44821	298	-164.0	164	44821	298	-164.0	164	44821	298	-164.0	164	44821	298	-164.0	164	44821
299	-163.0	163	44984	299	-163.0	163	44984	299	-163.0	163	44984	299	-163.0	163	44984	299	-163.0	163	44984	299	-163.0	163	44984	299	-163.0	163	44984	299	-163.0	163	44984
