Episode	Accumulated Reward	Length	Steps	Episode	Accumulated Reward	Length	Steps	Episode	Accumulated Reward	Length	Steps	Episode	Accumulated Reward	Length	Steps	Episode	Accumulated Reward	Length	Steps	Episode	Accumulated Reward	Length	Steps	Episode	Accumulated Reward	Length	Steps	Episode	Accumulated Reward	Length	Steps	Episode	Accumulated Reward	Length	Steps	Episode	Accumulated Reward	Length	Steps	Episode	Accumulated Reward	Length	Steps
0	-122	23	23	0	-122	23	23	0	-122	23	23	0	-122	23	23	0	-122	23	23	0	-122	23	23	0	-122	23	23	0	-122	23	23	0	-122	23	23	0	-122	23	23	0	-122	23	23
1	-116	17	40	1	-116	17	40	1	-116	17	40	1	-116	17	40	1	-116	17	40	1	-116	17	40	1	-116	17	40	1	-116	17	40	1	-116	17	40	1	-116	17	40	1	-116	17	40
2	-13	13	53	2	-13	13	53	2	-13	13	53	2	-13	13	53	2	-13	13	53	2	-13	13	53	2	-13	13	53	2	-13	13	53	2	-13	13	53	2	-13	13	53	2	-13	13	53
3	-113	14	67	3	-113	14	67	3	-113	14	67	3	-113	14	67	3	-113	14	67	3	-113	14	67	3	-113	14	67	3	-113	14	67	3	-113	14	67	3	-113	14	67	3	-113	14	67
4	-15	15	82	4	-15	15	82	4	-15	15	82	4	-15	15	82	4	-15	15	82	4	-15	15	82	4	-15	15	82	4	-15	15	82	4	-15	15	82	4	-15	15	82	4	-15	15	82
5	-13	13	95	5	-13	13	95	5	-13	13	95	5	-13	13	95	5	-13	13	95	5	-13	13	95	5	-13	13	95	5	-13	13	95	5	-13	13	95	5	-13	13	95	5	-13	13	95
6	-231	33	128	6	-231	33	128	6	-231	33	128	6	-231	33	128	6	-231	33	128	6	-231	33	128	6	-231	33	128	6	-231	33	128	6	-231	33	128	6	-231	33	128	6	-231	33	128
7	-13	13	141	7	-13	13	141	7	-13	13	141	7	-13	13	141	7	-13	13	141	7	-13	13	141	7	-13	13	141	7	-13	13	141	7	-13	13	141	7	-13	13	141	7	-13	13	141
8	-122	23	164	8	-122	23	164	8	-122	23	164	8	-122	23	164	8	-122	23	164	8	-122	23	164	8	-122	23	164	8	-122	23	164	8	-122	23	164	8	-122	23	164	8	-122	23	164
9	-15	15	179	9	-15	15	179	9	-15	15	179	9	-15	15	179	9	-15	15	179	9	-15	15	179	9	-15	15	179	9	-15	15	179	9	-15	15	179	9	-15	15	179	9	-15	15	179
10	-17	17	196	10	-17	17	196	10	-17	17	196	10	-17	17	196	10	-17	17	196	10	-17	17	196	10	-17	17	196	10	-17	17	196	10	-17	17	196	10	-17	17	196	10	-17	17	196
11	-19	19	215	11	-19	19	215	11	-19	19	215	11	-19	19	215	11	-19	19	215	11	-19	19	215	11	-19	19	215	11	-19	19	215	11	-19	19	215	11	-19	19	215	11	-19	19	215
12	-117	18	233	12	-117	18	233	12	-117	18	233	12	-117	18	233	12	-117	18	233	12	-117	18	233	12	-117	18	233	12	-117	18	233	12	-117	18	233	12	-117	18	233	12	-117	18	233
13	-13	13	246	13	-13	13	246	13	-13	13	246	13	-13	13	246	13	-13	13	246	13	-13	13	246	13	-13	13	246	13	-13	13	246	13	-13	13	246	13	-13	13	246	13	-13	13	246
14	-13	13	259	14	-13	13	259	14	-13	13	259	14	-13	13	259	14	-13	13	259	14	-13	13	259	14	-13	13	259	14	-13	13	259	14	-13	13	259	14	-13	13	259	14	-13	13	259
15	-228	30	289	15	-228	30	289	15	-228	30	289	15	-228	30	289	15	-228	30	289	15	-228	30	289	15	-228	30	289	15	-228	30	289	15	-228	30	289	15	-228	30	289	15	-228	30	289
16	-13	13	302	16	-13	13	302	16	-13	13	302	16	-13	13	302	16	-13	13	302	16	-13	13	302	16	-13	13	302	16	-13	13	302	16	-13	13	302	16	-13	13	302	16	-13	13	302
17	-15	15	317	17	-15	15	317	17	-15	15	317	17	-15	15	317	17	-15	15	317	17	-15	15	317	17	-15	15	317	17	-15	15	317	17	-15	15	317	17	-15	15	317	17	-15	15	317
18	-13	13	330	18	-13	13	330	18	-13	13	330	18	-13	13	330	18	-13	13	330	18	-13	13	330	18	-13	13	330	18	-13	13	330	18	-13	13	330	18	-13	13	330	18	-13	13	330
19	-13	13	343	19	-13	13	343	19	-13	13	343	19	-13	13	343	19	-13	13	343	19	-13	13	343	19	-13	13	343	19	-13	13	343	19	-13	13	343	19	-13	13	343	19	-13	13	343
20	-13	13	356	20	-13	13	356	20	-13	13	356	20	-13	13	356	20	-13	13	356	20	-13	13	356	20	-13	13	356	20	-13	13	356	20	-13	13	356	20	-13	13	356	20	-13	13	356
21	-116	17	373	21	-116	17	373	21	-116	17	373	21	-116	17	373	21	-116	17	373	21	-116	17	373	21	-116	17	373	21	-116	17	373	21	-116	17	373	21	-116	17	373	21	-116	17	373
22	-124	25	398	22	-124	25	398	22	-124	25	398	22	-124	25	398	22	-124	25	398	22	-124	25	398	22	-124	25	398	22	-124	25	398	22	-124	25	398	22	-124	25	398	22	-124	25	398
23	-219	21	419	23	-219	21	419	23	-219	21	419	23	-219	21	419	23	-219	21	419	23	-219	21	419	23	-219	21	419	23	-219	21	419	23	-219	21	419	23	-219	21	419	23	-219	21	419
24	-216	18	437	24	-216	18	437	24	-216	18	437	24	-216	18	437	24	-216	18	437	24	-216	18	437	24	-216	18	437	24	-216	18	437	24	-216	18	437	24	-216	18	437	24	-216	18	437
25	-13	13	450	25	-13	13	450	25	-13	13	450	25	-13	13	450	25	-13	13	450	25	-13	13	450	25	-13	13	450	25	-13	13	450	25	-13	13	450	25	-13	13	450	25	-13	13	450
26	-13	13	463	26	-13	13	463	26	-13	13	463	26	-13	13	463	26	-13	13	463	26	-13	13	463	26	-13	13	463	26	-13	13	463	26	-13	13	463	26	-13	13	463	26	-13	13	463
27	-15	15	478	27	-15	15	478	27	-15	15	478	27	-15	15	478	27	-15	15	478	27	-15	15	478	27	-15	15	478	27	-15	15	478	27	-15	15	478	27	-15	15	478	27	-15	15	478
28	-17	17	495	28	-17	17	495	28	-17	17	495	28	-17	17	495	28	-17	17	495	28	-17	17	495	28	-17	17	495	28	-17	17	495	28	-17	17	495	28	-17	17	495	28	-17	17	495
29	-15	15	510	29	-15	15	510	29	-15	15	510	29	-15	15	510	29	-15	15	510	29	-15	15	510	29	-15	15	510	29	-15	15	510	29	-15	15	510	29	-15	15	510	29	-15	15	510
30	-13	13	523	30	-13	13	523	30	-13	13	523	30	-13	13	523	30	-13	13	523	30	-13	13	523	30	-13	13	523	30	-13	13	523	30	-13	13	523	30	-13	13	523	30	-13	13	523
31	-113	14	537	31	-113	14	537	31	-113	14	537	31	-113	14	537	31	-113	14	537	31	-113	14	537	31	-113	14	537	31	-113	14	537	31	-113	14	537	31	-113	14	537	31	-113	14	537
32	-121	22	559	32	-121	22	559	32	-121	22	559	32	-121	22	559	32	-121	22	559	32	-121	22	559	32	-121	22	559	32	-121	22	559	32	-121	22	559	32	-121	22	559	32	-121	22	559
33	-13	13	572	33	-13	13	572	33	-13	13	572	33	-13	13	572	33	-13	13	572	33	-13	13	572	33	-13	13	572	33	-13	13	572	33	-13	13	572	33	-13	13	572	33	-13	13	572
34	-13	13	585	34	-13	13	585	34	-13	13	585	34	-13	13	585	34	-13	13	585	34	-13	13	585	34	-13	13	585	34	-13	13	585	34	-13	13	585	34	-13	13	585	34	-13	13	585
35	-124	25	610	35	-124	25	610	35	-124	25	610	35	-124	25	610	35	-124	25	610	35	-124	25	610	35	-124	25	610	35	-124	25	610	35	-124	25	610	35	-124	25	610	35	-124	25	610
36	-15	15	625	36	-15	15	625	36	-15	15	625	36	-15	15	625	36	-15	15	625	36	-15	15	625	36	-15	15	625	36	-15	15	625	36	-15	15	625	36	-15	15	625	36	-15	15	625
37	-13	13	638	37	-13	13	638	37	-13	13	638	37	-13	13	638	37	-13	13	638	37	-13	13	638	37	-13	13	638	37	-13	13	638	37	-13	13	638	37	-13	13	638	37	-13	13	638
38	-126	27	665	38	-126	27	665	38	-126	27	665	38	-126	27	665	38	-126	27	665	38	-126	27	665	38	-126	27	665	38	-126	27	665	38	-126	27	665	38	-126	27	665	38	-126	27	665
39	-17	17	682	39	-17	17	682	39	-17	17	682	39	-17	17	682	39	-17	17	682	39	-17	17	682	39	-17	17	682	39	-17	17	682	39	-17	17	682	39	-17	17	682	39	-17	17	682
40	-15	15	697	40	-15	15	697	40	-15	15	697	40	-15	15	697	40	-15	15	697	40	-15	15	697	40	-15	15	697	40	-15	15	697	40	-15	15	697	40	-15	15	697	40	-15	15	697
41	-13	13	710	41	-13	13	710	41	-13	13	710	41	-13	13	710	41	-13	13	710	41	-13	13	710	41	-13	13	710	41	-13	13	710	41	-13	13	710	41	-13	13	710	41	-13	13	710
42	-15	15	725	42	-15	15	725	42	-15	15	725	42	-15	15	725	42	-15	15	725	42	-15	15	725	42	-15	15	725	42	-15	15	725	42	-15	15	725	42	-15	15	725	42	-15	15	725
43	-13	13	738	43	-13	13	738	43	-13	13	738	43	-13	13	738	43	-13	13	738	43	-13	13	738	43	-13	13	738	43	-13	13	738	43	-13	13	738	43	-13	13	738	43	-13	13	738
44	-13	13	751	44	-13	13	751	44	-13	13	751	44	-13	13	751	44	-13	13	751	44	-13	13	751	44	-13	13	751	44	-13	13	751	44	-13	13	751	44	-13	13	751	44	-13	13	751
45	-13	13	764	45	-13	13	764	45	-13	13	764	45	-13	13	764	45	-13	13	764	45	-13	13	764	45	-13	13	764	45	-13	13	764	45	-13	13	764	45	-13	13	764	45	-13	13	764
46	-13	13	777	46	-13	13	777	46	-13	13	777	46	-13	13	777	46	-13	13	777	46	-13	13	777	46	-13	13	777	46	-13	13	777	46	-13	13	777	46	-13	13	777	46	-13	13	777
47	-14	14	791	47	-14	14	791	47	-14	14	791	47	-14	14	791	47	-14	14	791	47	-14	14	791	47	-14	14	791	47	-14	14	791	47	-14	14	791	47	-14	14	791	47	-14	14	791
48	-17	17	808	48	-17	17	808	48	-17	17	808	48	-17	17	808	48	-17	17	808	48	-17	17	808	48	-17	17	808	48	-17	17	808	48	-17	17	808	48	-17	17	808	48	-17	17	808
49	-15	15	823	49	-15	15	823	49	-15	15	823	49	-15	15	823	49	-15	15	823	49	-15	15	823	49	-15	15	823	49	-15	15	823	49	-15	15	823	49	-15	15	823	49	-15	15	823
50	-13	13	836	50	-13	13	836	50	-13	13	836	50	-13	13	836	50	-13	13	836	50	-13	13	836	50	-13	13	836	50	-13	13	836	50	-13	13	836	50	-13	13	836	50	-13	13	836
51	-113	14	850	51	-113	14	850	51	-113	14	850	51	-113	14	850	51	-113	14	850	51	-113	14	850	51	-113	14	850	51	-113	14	850	51	-113	14	850	51	-113	14	850	51	-113	14	850
52	-120	21	871	52	-120	21	871	52	-120	21	871	52	-120	21	871	52	-120	21	871	52	-120	21	871	52	-120	21	871	52	-120	21	871	52	-120	21	871	52	-120	21	871	52	-120	21	871
53	-15	15	886	53	-15	15	886	53	-15	15	886	53	-15	15	886	53	-15	15	886	53	-15	15	886	53	-15	15	886	53	-15	15	886	53	-15	15	886	53	-15	15	886	53	-15	15	886
54	-117	18	904	54	-117	18	904	54	-117	18	904	54	-117	18	904	54	-117	18	904	54	-117	18	904	54	-117	18	904	54	-117	18	904	54	-117	18	904	54	-117	18	904	54	-117	18	904
55	-15	15	919	55	-15	15	919	55	-15	15	919	55	-15	15	919	55	-15	15	919	55	-15	15	919	55	-15	15	919	55	-15	15	919	55	-15	15	919	55	-15	15	919	55	-15	15	919
56	-15	15	934	56	-15	15	934	56	-15	15	934	56	-15	15	934	56	-15	15	934	56	-15	15	934	56	-15	15	934	56	-15	15	934	56	-15	15	934	56	-15	15	934	56	-15	15	934
57	-236	38	972	57	-236	38	972	57	-236	38	972	57	-236	38	972	57	-236	38	972	57	-236	38	972	57	-236	38	972	57	-236	38	972	57	-236	38	972	57	-236	38	972	57	-236	38	972
58	-15	15	987	58	-15	15	987	58	-15	15	987	58	-15	15	987	58	-15	15	987	58	-15	15	987	58	-15	15	987	58	-15	15	987	58	-15	15	987	58	-15	15	987	58	-15	15	987
59	-13	13	1000	59	-13	13	1000	59	-13	13	1000	59	-13	13	1000	59	-13	13	1000	59	-13	13	1000	59	-13	13	1000	59	-13	13	1000	59	-13	13	1000	59	-13	13	1000	59	-13	13	1000
60	-13	13	1013	60	-13	13	1013	60	-13	13	1013	60	-13	13	1013	60	-13	13	1013	60	-13	13	1013	60	-13	13	1013	60	-13	13	1013	60	-13	13	1013	60	-13	13	1013	60	-13	13	1013
61	-124	25	1038	61	-124	25	1038	61	-124	25	1038	61	-124	25	1038	61	-124	25	1038	61	-124	25	1038	61	-124	25	1038	61	-124	25	1038	61	-124	25	1038	61	-124	25	1038	61	-124	25	1038
62	-118	19	1057	62	-118	19	1057	62	-118	19	1057	62	-118	19	1057	62	-118	19	1057	62	-118	19	1057	62	-118	19	1057	62	-118	19	1057	62	-118	19	1057	62	-118	19	1057	62	-118	19	1057
63	-15	15	1072	63	-15	15	1072	63	-15	15	1072	63	-15	15	1072	63	-15	15	1072	63	-15	15	1072	63	-15	15	1072	63	-15	15	1072	63	-15	15	1072	63	-15	15	1072	63	-15	15	1072
64	-13	13	1085	64	-13	13	1085	64	-13	13	1085	64	-13	13	1085	64	-13	13	1085	64	-13	13	1085	64	-13	13	1085	64	-13	13	1085	64	-13	13	1085	64	-13	13	1085	64	-13	13	1085
65	-13	13	1098	65	-13	13	1098	65	-13	13	1098	65	-13	13	1098	65	-13	13	1098	65	-13	13	1098	65	-13	13	1098	65	-13	13	1098	65	-13	13	1098	65	-13	13	1098	65	-13	13	1098
66	-15	15	1113	66	-15	15	1113	66	-15	15	1113	66	-15	15	1113	66	-15	15	1113	66	-15	15	1113	66	-15	15	1113	66	-15	15	1113	66	-15	15	1113	66	-15	15	1113	66	-15	15	1113
67	-17	17	1130	67	-17	17	1130	67	-17	17	1130	67	-17	17	1130	67	-17	17	1130	67	-17	17	1130	67	-17	17	1130	67	-17	17	1130	67	-17	17	1130	67	-17	17	1130	67	-17	17	1130
68	-122	23	1153	68	-122	23	1153	68	-122	23	1153	68	-122	23	1153	68	-122	23	1153	68	-122	23	1153	68	-122	23	1153	68	-122	23	1153	68	-122	23	1153	68	-122	23	1153	68	-122	23	1153
69	-17	17	1170	69	-17	17	1170	69	-17	17	1170	69	-17	17	1170	69	-17	17	1170	69	-17	17	1170	69	-17	17	1170	69	-17	17	1170	69	-17	17	1170	69	-17	17	1170	69	-17	17	1170
70	-13	13	1183	70	-13	13	1183	70	-13	13	1183	70	-13	13	1183	70	-13	13	1183	70	-13	13	1183	70	-13	13	1183	70	-13	13	1183	70	-13	13	1183	70	-13	13	1183	70	-13	13	1183
71	-13	13	1196	71	-13	13	1196	71	-13	13	1196	71	-13	13	1196	71	-13	13	1196	71	-13	13	1196	71	-13	13	1196	71	-13	13	1196	71	-13	13	1196	71	-13	13	1196	71	-13	13	1196
72	-13	13	1209	72	-13	13	1209	72	-13	13	1209	72	-13	13	1209	72	-13	13	1209	72	-13	13	1209	72	-13	13	1209	72	-13	13	1209	72	-13	13	1209	72	-13	13	1209	72	-13	13	1209
73	-232	34	1243	73	-232	34	1243	73	-232	34	1243	73	-232	34	1243	73	-232	34	1243	73	-232	34	1243	73	-232	34	1243	73	-232	34	1243	73	-232	34	1243	73	-232	34	1243	73	-232	34	1243
74	-18	18	1261	74	-18	18	1261	74	-18	18	1261	74	-18	18	1261	74	-18	18	1261	74	-18	18	1261	74	-18	18	1261	74	-18	18	1261	74	-18	18	1261	74	-18	18	1261	74	-18	18	1261
75	-117	18	1279	75	-117	18	1279	75	-117	18	1279	75	-117	18	1279	75	-117	18	1279	75	-117	18	1279	75	-117	18	1279	75	-117	18	1279	75	-117	18	1279	75	-117	18	1279	75	-117	18	1279
76	-13	13	1292	76	-13	13	1292	76	-13	13	1292	76	-13	13	1292	76	-13	13	1292	76	-13	13	1292	76	-13	13	1292	76	-13	13	1292	76	-13	13	1292	76	-13	13	1292	76	-13	13	1292
77	-17	17	1309	77	-17	17	1309	77	-17	17	1309	77	-17	17	1309	77	-17	17	1309	77	-17	17	1309	77	-17	17	1309	77	-17	17	1309	77	-17	17	1309	77	-17	17	1309	77	-17	17	1309
78	-15	15	1324	78	-15	15	1324	78	-15	15	1324	78	-15	15	1324	78	-15	15	1324	78	-15	15	1324	78	-15	15	1324	78	-15	15	1324	78	-15	15	1324	78	-15	15	1324	78	-15	15	1324
79	-14	14	1338	79	-14	14	1338	79	-14	14	1338	79	-14	14	1338	79	-14	14	1338	79	-14	14	1338	79	-14	14	1338	79	-14	14	1338	79	-14	14	1338	79	-14	14	1338	79	-14	14	1338
80	-13	13	1351	80	-13	13	1351	80	-13	13	1351	80	-13	13	1351	80	-13	13	1351	80	-13	13	1351	80	-13	13	1351	80	-13	13	1351	80	-13	13	1351	80	-13	13	1351	80	-13	13	1351
81	-13	13	1364	81	-13	13	1364	81	-13	13	1364	81	-13	13	1364	81	-13	13	1364	81	-13	13	1364	81	-13	13	1364	81	-13	13	1364	81	-13	13	1364	81	-13	13	1364	81	-13	13	1364
82	-222	24	1388	82	-222	24	1388	82	-222	24	1388	82	-222	24	1388	82	-222	24	1388	82	-222	24	1388	82	-222	24	1388	82	-222	24	1388	82	-222	24	1388	82	-222	24	1388	82	-222	24	1388
83	-124	25	1413	83	-124	25	1413	83	-124	25	1413	83	-124	25	1413	83	-124	25	1413	83	-124	25	1413	83	-124	25	1413	83	-124	25	1413	83	-124	25	1413	83	-124	25	1413	83	-124	25	1413
84	-13	13	1426	84	-13	13	1426	84	-13	13	1426	84	-13	13	1426	84	-13	13	1426	84	-13	13	1426	84	-13	13	1426	84	-13	13	1426	84	-13	13	1426	84	-13	13	1426	84	-13	13	1426
85	-13	13	1439	85	-13	13	1439	85	-13	13	1439	85	-13	13	1439	85	-13	13	1439	85	-13	13	1439	85	-13	13	1439	85	-13	13	1439	85	-13	13	1439	85	-13	13	1439	85	-13	13	1439
86	-123	24	1463	86	-123	24	1463	86	-123	24	1463	86	-123	24	1463	86	-123	24	1463	86	-123	24	1463	86	-123	24	1463	86	-123	24	1463	86	-123	24	1463	86	-123	24	1463	86	-123	24	1463
87	-20	20	1483	87	-20	20	1483	87	-20	20	1483	87	-20	20	1483	87	-20	20	1483	87	-20	20	1483	87	-20	20	1483	87	-20	20	1483	87	-20	20	1483	87	-20	20	1483	87	-20	20	1483
88	-13	13	1496	88	-13	13	1496	88	-13	13	1496	88	-13	13	1496	88	-13	13	1496	88	-13	13	1496	88	-13	13	1496	88	-13	13	1496	88	-13	13	1496	88	-13	13	1496	88	-13	13	1496
89	-17	17	1513	89	-17	17	1513	89	-17	17	1513	89	-17	17	1513	89	-17	17	1513	89	-17	17	1513	89	-17	17	1513	89	-17	17	1513	89	-17	17	1513	89	-17	17	1513	89	-17	17	1513
90	-14	14	1527	90	-14	14	1527	90	-14	14	1527	90	-14	14	1527	90	-14	14	1527	90	-14	14	1527	90	-14	14	1527	90	-14	14	1527	90	-14	14	1527	90	-14	14	1527	90	-14	14	1527
91	-13	13	1540	91	-13	13	1540	91	-13	13	1540	91	-13	13	1540	91	-13	13	1540	91	-13	13	1540	91	-13	13	1540	91	-13	13	1540	91	-13	13	1540	91	-13	13	1540	91	-13	13	1540
92	-125	26	1566	92	-125	26	1566	92	-125	26	1566	92	-125	26	1566	92	-125	26	1566	92	-125	26	1566	92	-125	26	1566	92	-125	26	1566	92	-125	26	1566	92	-125	26	1566	92	-125	26	1566
93	-13	13	1579	93	-13	13	1579	93	-13	13	1579	93	-13	13	1579	93	-13	13	1579	93	-13	13	1579	93	-13	13	1579	93	-13	13	1579	93	-13	13	1579	93	-13	13	1579	93	-13	13	1579
94	-232	34	1613	94	-232	34	1613	94	-232	34	1613	94	-232	34	1613	94	-232	34	1613	94	-232	34	1613	94	-232	34	1613	94	-232	34	1613	94	-232	34	1613	94	-232	34	1613	94	-232	34	1613
95	-17	17	1630	95	-17	17	1630	95	-17	17	1630	95	-17	17	1630	95	-17	17	1630	95	-17	17	1630	95	-17	17	1630	95	-17	17	1630	95	-17	17	1630	95	-17	17	1630	95	-17	17	1630
96	-121	22	1652	96	-121	22	1652	96	-121	22	1652	96	-121	22	1652	96	-121	22	1652	96	-121	22	1652	96	-121	22	1652	96	-121	22	1652	96	-121	22	1652	96	-121	22	1652	96	-121	22	1652
97	-13	13	1665	97	-13	13	1665	97	-13	13	1665	97	-13	13	1665	97	-13	13	1665	97	-13	13	1665	97	-13	13	1665	97	-13	13	1665	97	-13	13	1665	97	-13	13	1665	97	-13	13	1665
98	-15	15	1680	98	-15	15	1680	98	-15	15	1680	98	-15	15	1680	98	-15	15	1680	98	-15	15	1680	98	-15	15	1680	98	-15	15	1680	98	-15	15	1680	98	-15	15	1680	98	-15	15	1680
99	-13	13	1693	99	-13	13	1693	99	-13	13	1693	99	-13	13	1693	99	-13	13	1693	99	-13	13	1693	99	-13	13	1693	99	-13	13	1693	99	-13	13	1693	99	-13	13	1693	99	-13	13	1693
100	-13	13	1706	100	-13	13	1706	100	-13	13	1706	100	-13	13	1706	100	-13	13	1706	100	-13	13	1706	100	-13	13	1706	100	-13	13	1706	100	-13	13	1706	100	-13	13	1706	100	-13	13	1706
101	-125	26	1732	101	-125	26	1732	101	-125	26	1732	101	-125	26	1732	101	-125	26	1732	101	-125	26	1732	101	-125	26	1732	101	-125	26	1732	101	-125	26	1732	101	-125	26	1732	101	-125	26	1732
102	-437	41	1773	102	-437	41	1773	102	-437	41	1773	102	-437	41	1773	102	-437	41	1773	102	-437	41	1773	102	-437	41	1773	102	-437	41	1773	102	-437	41	1773	102	-437	41	1773	102	-437	41	1773
103	-15	15	1788	103	-15	15	1788	103	-15	15	1788	103	-15	15	1788	103	-15	15	1788	103	-15	15	1788	103	-15	15	1788	103	-15	15	1788	103	-15	15	1788	103	-15	15	1788	103	-15	15	1788
104	-13	13	1801	104	-13	13	1801	104	-13	13	1801	104	-13	13	1801	104	-13	13	1801	104	-13	13	1801	104	-13	13	1801	104	-13	13	1801	104	-13	13	1801	104	-13	13	1801	104	-13	13	1801
105	-13	13	1814	105	-13	13	1814	105	-13	13	1814	105	-13	13	1814	105	-13	13	1814	105	-13	13	1814	105	-13	13	1814	105	-13	13	1814	105	-13	13	1814	105	-13	13	1814	105	-13	13	1814
106	-117	18	1832	106	-117	18	1832	106	-117	18	1832	106	-117	18	1832	106	-117	18	1832	106	-117	18	1832	106	-117	18	1832	106	-117	18	1832	106	-117	18	1832	106	-117	18	1832	106	-117	18	1832
107	-15	15	1847	107	-15	15	1847	107	-15	15	1847	107	-15	15	1847	107	-15	15	1847	107	-15	15	1847	107	-15	15	1847	107	-15	15	1847	107	-15	15	1847	107	-15	15	1847	107	-15	15	1847
108	-15	15	1862	108	-15	15	1862	108	-15	15	1862	108	-15	15	1862	108	-15	15	1862	108	-15	15	1862	108	-15	15	1862	108	-15	15	1862	108	-15	15	1862	108	-15	15	1862	108	-15	15	1862
109	-14	14	1876	109	-14	14	1876	109	-14	14	1876	109	-14	14	1876	109	-14	14	1876	109	-14	14	1876	109	-14	14	1876	109	-14	14	1876	109	-14	14	1876	109	-14	14	1876	109	-14	14	1876
110	-16	16	1892	110	-16	16	1892	110	-16	16	1892	110	-16	16	1892	110	-16	16	1892	110	-16	16	1892	110	-16	16	1892	110	-16	16	1892	110	-16	16	1892	110	-16	16	1892	110	-16	16	1892
111	-13	13	1905	111	-13	13	1905	111	-13	13	1905	111	-13	13	1905	111	-13	13	1905	111	-13	13	1905	111	-13	13	1905	111	-13	13	1905	111	-13	13	1905	111	-13	13	1905	111	-13	13	1905
112	-13	13	1918	112	-13	13	1918	112	-13	13	1918	112	-13	13	1918	112	-13	13	1918	112	-13	13	1918	112	-13	13	1918	112	-13	13	1918	112	-13	13	1918	112	-13	13	1918	112	-13	13	1918
113	-17	17	1935	113	-17	17	1935	113	-17	17	1935	113	-17	17	1935	113	-17	17	1935	113	-17	17	1935	113	-17	17	1935	113	-17	17	1935	113	-17	17	1935	113	-17	17	1935	113	-17	17	1935
114	-127	28	1963	114	-127	28	1963	114	-127	28	1963	114	-127	28	1963	114	-127	28	1963	114	-127	28	1963	114	-127	28	1963	114	-127	28	1963	114	-127	28	1963	114	-127	28	1963	114	-127	28	1963
115	-13	13	1976	115	-13	13	1976	115	-13	13	1976	115	-13	13	1976	115	-13	13	1976	115	-13	13	1976	115	-13	13	1976	115	-13	13	1976	115	-13	13	1976	115	-13	13	1976	115	-13	13	1976
116	-19	19	1995	116	-19	19	1995	116	-19	19	1995	116	-19	19	1995	116	-19	19	1995	116	-19	19	1995	116	-19	19	1995	116	-19	19	1995	116	-19	19	1995	116	-19	19	1995	116	-19	19	1995
117	-121	22	2017	117	-121	22	2017	117	-121	22	2017	117	-121	22	2017	117	-121	22	2017	117	-121	22	2017	117	-121	22	2017	117	-121	22	2017	117	-121	22	2017	117	-121	22	2017	117	-121	22	2017
118	-13	13	2030	118	-13	13	2030	118	-13	13	2030	118	-13	13	2030	118	-13	13	2030	118	-13	13	2030	118	-13	13	2030	118	-13	13	2030	118	-13	13	2030	118	-13	13	2030	118	-13	13	2030
119	-13	13	2043	119	-13	13	2043	119	-13	13	2043	119	-13	13	2043	119	-13	13	2043	119	-13	13	2043	119	-13	13	2043	119	-13	13	2043	119	-13	13	2043	119	-13	13	2043	119	-13	13	2043
120	-15	15	2058	120	-15	15	2058	120	-15	15	2058	120	-15	15	2058	120	-15	15	2058	120	-15	15	2058	120	-15	15	2058	120	-15	15	2058	120	-15	15	2058	120	-15	15	2058	120	-15	15	2058
121	-17	17	2075	121	-17	17	2075	121	-17	17	2075	121	-17	17	2075	121	-17	17	2075	121	-17	17	2075	121	-17	17	2075	121	-17	17	2075	121	-17	17	2075	121	-17	17	2075	121	-17	17	2075
122	-13	13	2088	122	-13	13	2088	122	-13	13	2088	122	-13	13	2088	122	-13	13	2088	122	-13	13	2088	122	-13	13	2088	122	-13	13	2088	122	-13	13	2088	122	-13	13	2088	122	-13	13	2088
123	-17	17	2105	123	-17	17	2105	123	-17	17	2105	123	-17	17	2105	123	-17	17	2105	123	-17	17	2105	123	-17	17	2105	123	-17	17	2105	123	-17	17	2105	123	-17	17	2105	123	-17	17	2105
124	-15	15	2120	124	-15	15	2120	124	-15	15	2120	124	-15	15	2120	124	-15	15	2120	124	-15	15	2120	124	-15	15	2120	124	-15	15	2120	124	-15	15	2120	124	-15	15	2120	124	-15	15	2120
125	-15	15	2135	125	-15	15	2135	125	-15	15	2135	125	-15	15	2135	125	-15	15	2135	125	-15	15	2135	125	-15	15	2135	125	-15	15	2135	125	-15	15	2135	125	-15	15	2135	125	-15	15	2135
126	-13	13	2148	126	-13	13	2148	126	-13	13	2148	126	-13	13	2148	126	-13	13	2148	126	-13	13	2148	126	-13	13	2148	126	-13	13	2148	126	-13	13	2148	126	-13	13	2148	126	-13	13	2148
127	-17	17	2165	127	-17	17	2165	127	-17	17	2165	127	-17	17	2165	127	-17	17	2165	127	-17	17	2165	127	-17	17	2165	127	-17	17	2165	127	-17	17	2165	127	-17	17	2165	127	-17	17	2165
128	-15	15	2180	128	-15	15	2180	128	-15	15	2180	128	-15	15	2180	128	-15	15	2180	128	-15	15	2180	128	-15	15	2180	128	-15	15	2180	128	-15	15	2180	128	-15	15	2180	128	-15	15	2180
129	-13	13	2193	129	-13	13	2193	129	-13	13	2193	129	-13	13	2193	129	-13	13	2193	129	-13	13	2193	129	-13	13	2193	129	-13	13	2193	129	-13	13	2193	129	-13	13	2193	129	-13	13	2193
130	-15	15	2208	130	-15	15	2208	130	-15	15	2208	130	-15	15	2208	130	-15	15	2208	130	-15	15	2208	130	-15	15	2208	130	-15	15	2208	130	-15	15	2208	130	-15	15	2208	130	-15	15	2208
131	-13	13	2221	131	-13	13	2221	131	-13	13	2221	131	-13	13	2221	131	-13	13	2221	131	-13	13	2221	131	-13	13	2221	131	-13	13	2221	131	-13	13	2221	131	-13	13	2221	131	-13	13	2221
132	-16	16	2237	132	-16	16	2237	132	-16	16	2237	132	-16	16	2237	132	-16	16	2237	132	-16	16	2237	132	-16	16	2237	132	-16	16	2237	132	-16	16	2237	132	-16	16	2237	132	-16	16	2237
133	-13	13	2250	133	-13	13	2250	133	-13	13	2250	133	-13	13	2250	133	-13	13	2250	133	-13	13	2250	133	-13	13	2250	133	-13	13	2250	133	-13	13	2250	133	-13	13	2250	133	-13	13	2250
134	-16	16	2266	134	-16	16	2266	134	-16	16	2266	134	-16	16	2266	134	-16	16	2266	134	-16	16	2266	134	-16	16	2266	134	-16	16	2266	134	-16	16	2266	134	-16	16	2266	134	-16	16	2266
135	-15	15	2281	135	-15	15	2281	135	-15	15	2281	135	-15	15	2281	135	-15	15	2281	135	-15	15	2281	135	-15	15	2281	135	-15	15	2281	135	-15	15	2281	135	-15	15	2281	135	-15	15	2281
136	-17	17	2298	136	-17	17	2298	136	-17	17	2298	136	-17	17	2298	136	-17	17	2298	136	-17	17	2298	136	-17	17	2298	136	-17	17	2298	136	-17	17	2298	136	-17	17	2298	136	-17	17	2298
137	-13	13	2311	137	-13	13	2311	137	-13	13	2311	137	-13	13	2311	137	-13	13	2311	137	-13	13	2311	137	-13	13	2311	137	-13	13	2311	137	-13	13	2311	137	-13	13	2311	137	-13	13	2311
138	-15	15	2326	138	-15	15	2326	138	-15	15	2326	138	-15	15	2326	138	-15	15	2326	138	-15	15	2326	138	-15	15	2326	138	-15	15	2326	138	-15	15	2326	138	-15	15	2326	138	-15	15	2326
139	-15	15	2341	139	-15	15	2341	139	-15	15	2341	139	-15	15	2341	139	-15	15	2341	139	-15	15	2341	139	-15	15	2341	139	-15	15	2341	139	-15	15	2341	139	-15	15	2341	139	-15	15	2341
140	-122	23	2364	140	-122	23	2364	140	-122	23	2364	140	-122	23	2364	140	-122	23	2364	140	-122	23	2364	140	-122	23	2364	140	-122	23	2364	140	-122	23	2364	140	-122	23	2364	140	-122	23	2364
141	-13	13	2377	141	-13	13	2377	141	-13	13	2377	141	-13	13	2377	141	-13	13	2377	141	-13	13	2377	141	-13	13	2377	141	-13	13	2377	141	-13	13	2377	141	-13	13	2377	141	-13	13	2377
142	-15	15	2392	142	-15	15	2392	142	-15	15	2392	142	-15	15	2392	142	-15	15	2392	142	-15	15	2392	142	-15	15	2392	142	-15	15	2392	142	-15	15	2392	142	-15	15	2392	142	-15	15	2392
143	-13	13	2405	143	-13	13	2405	143	-13	13	2405	143	-13	13	2405	143	-13	13	2405	143	-13	13	2405	143	-13	13	2405	143	-13	13	2405	143	-13	13	2405	143	-13	13	2405	143	-13	13	2405
144	-15	15	2420	144	-15	15	2420	144	-15	15	2420	144	-15	15	2420	144	-15	15	2420	144	-15	15	2420	144	-15	15	2420	144	-15	15	2420	144	-15	15	2420	144	-15	15	2420	144	-15	15	2420
145	-13	13	2433	145	-13	13	2433	145	-13	13	2433	145	-13	13	2433	145	-13	13	2433	145	-13	13	2433	145	-13	13	2433	145	-13	13	2433	145	-13	13	2433	145	-13	13	2433	145	-13	13	2433
146	-17	17	2450	146	-17	17	2450	146	-17	17	2450	146	-17	17	2450	146	-17	17	2450	146	-17	17	2450	146	-17	17	2450	146	-17	17	2450	146	-17	17	2450	146	-17	17	2450	146	-17	17	2450
147	-118	19	2469	147	-118	19	2469	147	-118	19	2469	147	-118	19	2469	147	-118	19	2469	147	-118	19	2469	147	-118	19	2469	147	-118	19	2469	147	-118	19	2469	147	-118	19	2469	147	-118	19	2469
148	-13	13	2482	148	-13	13	2482	148	-13	13	2482	148	-13	13	2482	148	-13	13	2482	148	-13	13	2482	148	-13	13	2482	148	-13	13	2482	148	-13	13	2482	148	-13	13	2482	148	-13	13	2482
149	-15	15	2497	149	-15	15	2497	149	-15	15	2497	149	-15	15	2497	149	-15	15	2497	149	-15	15	2497	149	-15	15	2497	149	-15	15	2497	149	-15	15	2497	149	-15	15	2497	149	-15	15	2497
150	-119	20	2517	150	-119	20	2517	150	-119	20	2517	150	-119	20	2517	150	-119	20	2517	150	-119	20	2517	150	-119	20	2517	150	-119	20	2517	150	-119	20	2517	150	-119	20	2517	150	-119	20	2517
151	-14	14	2531	151	-14	14	2531	151	-14	14	2531	151	-14	14	2531	151	-14	14	2531	151	-14	14	2531	151	-14	14	2531	151	-14	14	2531	151	-14	14	2531	151	-14	14	2531	151	-14	14	2531
152	-115	16	2547	152	-115	16	2547	152	-115	16	2547	152	-115	16	2547	152	-115	16	2547	152	-115	16	2547	152	-115	16	2547	152	-115	16	2547	152	-115	16	2547	152	-115	16	2547	152	-115	16	2547
153	-15	15	2562	153	-15	15	2562	153	-15	15	2562	153	-15	15	2562	153	-15	15	2562	153	-15	15	2562	153	-15	15	2562	153	-15	15	2562	153	-15	15	2562	153	-15	15	2562	153	-15	15	2562
154	-18	18	2580	154	-18	18	2580	154	-18	18	2580	154	-18	18	2580	154	-18	18	2580	154	-18	18	2580	154	-18	18	2580	154	-18	18	2580	154	-18	18	2580	154	-18	18	2580	154	-18	18	2580
155	-117	18	2598	155	-117	18	2598	155	-117	18	2598	155	-117	18	2598	155	-117	18	2598	155	-117	18	2598	155	-117	18	2598	155	-117	18	2598	155	-117	18	2598	155	-117	18	2598	155	-117	18	2598
156	-14	14	2612	156	-14	14	2612	156	-14	14	2612	156	-14	14	2612	156	-14	14	2612	156	-14	14	2612	156	-14	14	2612	156	-14	14	2612	156	-14	14	2612	156	-14	14	2612	156	-14	14	2612
157	-337	40	2652	157	-337	40	2652	157	-337	40	2652	157	-337	40	2652	157	-337	40	2652	157	-337	40	2652	157	-337	40	2652	157	-337	40	2652	157	-337	40	2652	157	-337	40	2652	157	-337	40	2652
158	-17	17	2669	158	-17	17	2669	158	-17	17	2669	158	-17	17	2669	158	-17	17	2669	158	-17	17	2669	158	-17	17	2669	158	-17	17	2669	158	-17	17	2669	158	-17	17	2669	158	-17	17	2669
159	-116	17	2686	159	-116	17	2686	159	-116	17	2686	159	-116	17	2686	159	-116	17	2686	159	-116	17	2686	159	-116	17	2686	159	-116	17	2686	159	-116	17	2686	159	-116	17	2686	159	-116	17	2686
160	-17	17	2703	160	-17	17	2703	160	-17	17	2703	160	-17	17	2703	160	-17	17	2703	160	-17	17	2703	160	-17	17	2703	160	-17	17	2703	160	-17	17	2703	160	-17	17	2703	160	-17	17	2703
161	-15	15	2718	161	-15	15	2718	161	-15	15	2718	161	-15	15	2718	161	-15	15	2718	161	-15	15	2718	161	-15	15	2718	161	-15	15	2718	161	-15	15	2718	161	-15	15	2718	161	-15	15	2718
162	-13	13	2731	162	-13	13	2731	162	-13	13	2731	162	-13	13	2731	162	-13	13	2731	162	-13	13	2731	162	-13	13	2731	162	-13	13	2731	162	-13	13	2731	162	-13	13	2731	162	-13	13	2731
163	-13	13	2744	163	-13	13	2744	163	-13	13	2744	163	-13	13	2744	163	-13	13	2744	163	-13	13	2744	163	-13	13	2744	163	-13	13	2744	163	-13	13	2744	163	-13	13	2744	163	-13	13	2744
164	-13	13	2757	164	-13	13	2757	164	-13	13	2757	164	-13	13	2757	164	-13	13	2757	164	-13	13	2757	164	-13	13	2757	164	-13	13	2757	164	-13	13	2757	164	-13	13	2757	164	-13	13	2757
165	-17	17	2774	165	-17	17	2774	165	-17	17	2774	165	-17	17	2774	165	-17	17	2774	165	-17	17	2774	165	-17	17	2774	165	-17	17	2774	165	-17	17	2774	165	-17	17	2774	165	-17	17	2774
166	-123	24	2798	166	-123	24	2798	166	-123	24	2798	166	-123	24	2798	166	-123	24	2798	166	-123	24	2798	166	-123	24	2798	166	-123	24	2798	166	-123	24	2798	166	-123	24	2798	166	-123	24	2798
167	-226	28	2826	167	-226	28	2826	167	-226	28	2826	167	-226	28	2826	167	-226	28	2826	167	-226	28	2826	167	-226	28	2826	167	-226	28	2826	167	-226	28	2826	167	-226	28	2826	167	-226	28	2826
168	-13	13	2839	168	-13	13	2839	168	-13	13	2839	168	-13	13	2839	168	-13	13	2839	168	-13	13	2839	168	-13	13	2839	168	-13	13	2839	168	-13	13	2839	168	-13	13	2839	168	-13	13	2839
169	-13	13	2852	169	-13	13	2852	169	-13	13	2852	169	-13	13	2852	169	-13	13	2852	169	-13	13	2852	169	-13	13	2852	169	-13	13	2852	169	-13	13	2852	169	-13	13	2852	169	-13	13	2852
170	-13	13	2865	170	-13	13	2865	170	-13	13	2865	170	-13	13	2865	170	-13	13	2865	170	-13	13	2865	170	-13	13	2865	170	-13	13	2865	170	-13	13	2865	170	-13	13	2865	170	-13	13	2865
171	-17	17	2882	171	-17	17	2882	171	-17	17	2882	171	-17	17	2882	171	-17	17	2882	171	-17	17	2882	171	-17	17	2882	171	-17	17	2882	171	-17	17	2882	171	-17	17	2882	171	-17	17	2882
172	-13	13	2895	172	-13	13	2895	172	-13	13	2895	172	-13	13	2895	172	-13	13	2895	172	-13	13	2895	172	-13	13	2895	172	-13	13	2895	172	-13	13	2895	172	-13	13	2895	172	-13	13	2895
173	-16	16	2911	173	-16	16	2911	173	-16	16	2911	173	-16	16	2911	173	-16	16	2911	173	-16	16	2911	173	-16	16	2911	173	-16	16	2911	173	-16	16	2911	173	-16	16	2911	173	-16	16	2911
174	-15	15	2926	174	-15	15	2926	174	-15	15	2926	174	-15	15	2926	174	-15	15	2926	174	-15	15	2926	174	-15	15	2926	174	-15	15	2926	174	-15	15	2926	174	-15	15	2926	174	-15	15	2926
175	-115	16	2942	175	-115	16	2942	175	-115	16	2942	175	-115	16	2942	175	-115	16	2942	175	-115	16	2942	175	-115	16	2942	175	-115	16	2942	175	-115	16	2942	175	-115	16	2942	175	-115	16	2942
176	-123	24	2966	176	-123	24	2966	176	-123	24	2966	176	-123	24	2966	176	-123	24	2966	176	-123	24	2966	176	-123	24	2966	176	-123	24	2966	176	-123	24	2966	176	-123	24	2966	176	-123	24	2966
177	-15	15	2981	177	-15	15	2981	177	-15	15	2981	177	-15	15	2981	177	-15	15	2981	177	-15	15	2981	177	-15	15	2981	177	-15	15	2981	177	-15	15	2981	177	-15	15	2981	177	-15	15	2981
178	-13	13	2994	178	-13	13	2994	178	-13	13	2994	178	-13	13	2994	178	-13	13	2994	178	-13	13	2994	178	-13	13	2994	178	-13	13	2994	178	-13	13	2994	178	-13	13	2994	178	-13	13	2994
179	-19	19	3013	179	-19	19	3013	179	-19	19	3013	179	-19	19	3013	179	-19	19	3013	179	-19	19	3013	179	-19	19	3013	179	-19	19	3013	179	-19	19	3013	179	-19	19	3013	179	-19	19	3013
180	-13	13	3026	180	-13	13	3026	180	-13	13	3026	180	-13	13	3026	180	-13	13	3026	180	-13	13	3026	180	-13	13	3026	180	-13	13	3026	180	-13	13	3026	180	-13	13	3026	180	-13	13	3026
181	-15	15	3041	181	-15	15	3041	181	-15	15	3041	181	-15	15	3041	181	-15	15	3041	181	-15	15	3041	181	-15	15	3041	181	-15	15	3041	181	-15	15	3041	181	-15	15	3041	181	-15	15	3041
182	-15	15	3056	182	-15	15	3056	182	-15	15	3056	182	-15	15	3056	182	-15	15	3056	182	-15	15	3056	182	-15	15	3056	182	-15	15	3056	182	-15	15	3056	182	-15	15	3056	182	-15	15	3056
183	-13	13	3069	183	-13	13	3069	183	-13	13	3069	183	-13	13	3069	183	-13	13	3069	183	-13	13	3069	183	-13	13	3069	183	-13	13	3069	183	-13	13	3069	183	-13	13	3069	183	-13	13	3069
184	-128	29	3098	184	-128	29	3098	184	-128	29	3098	184	-128	29	3098	184	-128	29	3098	184	-128	29	3098	184	-128	29	3098	184	-128	29	3098	184	-128	29	3098	184	-128	29	3098	184	-128	29	3098
185	-13	13	3111	185	-13	13	3111	185	-13	13	3111	185	-13	13	3111	185	-13	13	3111	185	-13	13	3111	185	-13	13	3111	185	-13	13	3111	185	-13	13	3111	185	-13	13	3111	185	-13	13	3111
186	-13	13	3124	186	-13	13	3124	186	-13	13	3124	186	-13	13	3124	186	-13	13	3124	186	-13	13	3124	186	-13	13	3124	186	-13	13	3124	186	-13	13	3124	186	-13	13	3124	186	-13	13	3124
187	-116	17	3141	187	-116	17	3141	187	-116	17	3141	187	-116	17	3141	187	-116	17	3141	187	-116	17	3141	187	-116	17	3141	187	-116	17	3141	187	-116	17	3141	187	-116	17	3141	187	-116	17	3141
188	-13	13	3154	188	-13	13	3154	188	-13	13	3154	188	-13	13	3154	188	-13	13	3154	188	-13	13	3154	188	-13	13	3154	188	-13	13	3154	188	-13	13	3154	188	-13	13	3154	188	-13	13	3154
189	-19	19	3173	189	-19	19	3173	189	-19	19	3173	189	-19	19	3173	189	-19	19	3173	189	-19	19	3173	189	-19	19	3173	189	-19	19	3173	189	-19	19	3173	189	-19	19	3173	189	-19	19	3173
190	-113	14	3187	190	-113	14	3187	190	-113	14	3187	190	-113	14	3187	190	-113	14	3187	190	-113	14	3187	190	-113	14	3187	190	-113	14	3187	190	-113	14	3187	190	-113	14	3187	190	-113	14	3187
191	-15	15	3202	191	-15	15	3202	191	-15	15	3202	191	-15	15	3202	191	-15	15	3202	191	-15	15	3202	191	-15	15	3202	191	-15	15	3202	191	-15	15	3202	191	-15	15	3202	191	-15	15	3202
192	-15	15	3217	192	-15	15	3217	192	-15	15	3217	192	-15	15	3217	192	-15	15	3217	192	-15	15	3217	192	-15	15	3217	192	-15	15	3217	192	-15	15	3217	192	-15	15	3217	192	-15	15	3217
193	-13	13	3230	193	-13	13	3230	193	-13	13	3230	193	-13	13	3230	193	-13	13	3230	193	-13	13	3230	193	-13	13	3230	193	-13	13	3230	193	-13	13	3230	193	-13	13	3230	193	-13	13	3230
194	-17	17	3247	194	-17	17	3247	194	-17	17	3247	194	-17	17	3247	194	-17	17	3247	194	-17	17	3247	194	-17	17	3247	194	-17	17	3247	194	-17	17	3247	194	-17	17	3247	194	-17	17	3247
195	-13	13	3260	195	-13	13	3260	195	-13	13	3260	195	-13	13	3260	195	-13	13	3260	195	-13	13	3260	195	-13	13	3260	195	-13	13	3260	195	-13	13	3260	195	-13	13	3260	195	-13	13	3260
196	-15	15	3275	196	-15	15	3275	196	-15	15	3275	196	-15	15	3275	196	-15	15	3275	196	-15	15	3275	196	-15	15	3275	196	-15	15	3275	196	-15	15	3275	196	-15	15	3275	196	-15	15	3275
197	-16	16	3291	197	-16	16	3291	197	-16	16	3291	197	-16	16	3291	197	-16	16	3291	197	-16	16	3291	197	-16	16	3291	197	-16	16	3291	197	-16	16	3291	197	-16	16	3291	197	-16	16	3291
198	-14	14	3305	198	-14	14	3305	198	-14	14	3305	198	-14	14	3305	198	-14	14	3305	198	-14	14	3305	198	-14	14	3305	198	-14	14	3305	198	-14	14	3305	198	-14	14	3305	198	-14	14	3305
199	-16	16	3321	199	-16	16	3321	199	-16	16	3321	199	-16	16	3321	199	-16	16	3321	199	-16	16	3321	199	-16	16	3321	199	-16	16	3321	199	-16	16	3321	199	-16	16	3321	199	-16	16	3321
