Episode	Accumulated Reward	Length	Steps	Episode	Accumulated Reward	Length	Steps	Episode	Accumulated Reward	Length	Steps	Episode	Accumulated Reward	Length	Steps	Episode	Accumulated Reward	Length	Steps	Episode	Accumulated Reward	Length	Steps	Episode	Accumulated Reward	Length	Steps	Episode	Accumulated Reward	Length	Steps	Episode	Accumulated Reward	Length	Steps	Episode	Accumulated Reward	Length	Steps	Episode	Accumulated Reward	Length	Steps	Episode	Accumulated Reward	Length	Steps	Episode	Accumulated Reward	Length	Steps	Episode	Accumulated Reward	Length	Steps
0	-500.0	500	500	0	-500.0	500	500	0	-500.0	500	500	0	-500.0	500	500	0	-500.0	500	500	0	-500.0	500	500	0	-500.0	500	500	0	-500.0	500	500	0	-500.0	500	500	0	-500.0	500	500	0	-500.0	500	500	0	-500.0	500	500	0	-500.0	500	500	0	-500.0	500	500
1	-500.0	500	1000	1	-500.0	500	1000	1	-500.0	500	1000	1	-500.0	500	1000	1	-500.0	500	1000	1	-500.0	500	1000	1	-500.0	500	1000	1	-500.0	500	1000	1	-500.0	500	1000	1	-500.0	500	1000	1	-500.0	500	1000	1	-500.0	500	1000	1	-500.0	500	1000	1	-500.0	500	1000
2	-500.0	500	1500	2	-500.0	500	1500	2	-500.0	500	1500	2	-500.0	500	1500	2	-500.0	500	1500	2	-500.0	500	1500	2	-500.0	500	1500	2	-500.0	500	1500	2	-500.0	500	1500	2	-500.0	500	1500	2	-500.0	500	1500	2	-500.0	500	1500	2	-500.0	500	1500	2	-500.0	500	1500
3	-371.0	371	1871	3	-371.0	371	1871	3	-371.0	371	1871	3	-371.0	371	1871	3	-371.0	371	1871	3	-371.0	371	1871	3	-371.0	371	1871	3	-371.0	371	1871	3	-371.0	371	1871	3	-371.0	371	1871	3	-371.0	371	1871	3	-371.0	371	1871	3	-371.0	371	1871	3	-371.0	371	1871
4	-500.0	500	2371	4	-500.0	500	2371	4	-500.0	500	2371	4	-500.0	500	2371	4	-500.0	500	2371	4	-500.0	500	2371	4	-500.0	500	2371	4	-500.0	500	2371	4	-500.0	500	2371	4	-500.0	500	2371	4	-500.0	500	2371	4	-500.0	500	2371	4	-500.0	500	2371	4	-500.0	500	2371
5	-404.0	404	2775	5	-404.0	404	2775	5	-404.0	404	2775	5	-404.0	404	2775	5	-404.0	404	2775	5	-404.0	404	2775	5	-404.0	404	2775	5	-404.0	404	2775	5	-404.0	404	2775	5	-404.0	404	2775	5	-404.0	404	2775	5	-404.0	404	2775	5	-404.0	404	2775	5	-404.0	404	2775
6	-500.0	500	3275	6	-500.0	500	3275	6	-500.0	500	3275	6	-500.0	500	3275	6	-500.0	500	3275	6	-500.0	500	3275	6	-500.0	500	3275	6	-500.0	500	3275	6	-500.0	500	3275	6	-500.0	500	3275	6	-500.0	500	3275	6	-500.0	500	3275	6	-500.0	500	3275	6	-500.0	500	3275
7	-400.0	400	3675	7	-400.0	400	3675	7	-400.0	400	3675	7	-400.0	400	3675	7	-400.0	400	3675	7	-400.0	400	3675	7	-400.0	400	3675	7	-400.0	400	3675	7	-400.0	400	3675	7	-400.0	400	3675	7	-400.0	400	3675	7	-400.0	400	3675	7	-400.0	400	3675	7	-400.0	400	3675
8	-243.0	243	3918	8	-243.0	243	3918	8	-243.0	243	3918	8	-243.0	243	3918	8	-243.0	243	3918	8	-243.0	243	3918	8	-243.0	243	3918	8	-243.0	243	3918	8	-243.0	243	3918	8	-243.0	243	3918	8	-243.0	243	3918	8	-243.0	243	3918	8	-243.0	243	3918	8	-243.0	243	3918
9	-248.0	248	4166	9	-248.0	248	4166	9	-248.0	248	4166	9	-248.0	248	4166	9	-248.0	248	4166	9	-248.0	248	4166	9	-248.0	248	4166	9	-248.0	248	4166	9	-248.0	248	4166	9	-248.0	248	4166	9	-248.0	248	4166	9	-248.0	248	4166	9	-248.0	248	4166	9	-248.0	248	4166
10	-241.0	241	4407	10	-241.0	241	4407	10	-241.0	241	4407	10	-241.0	241	4407	10	-241.0	241	4407	10	-241.0	241	4407	10	-241.0	241	4407	10	-241.0	241	4407	10	-241.0	241	4407	10	-241.0	241	4407	10	-241.0	241	4407	10	-241.0	241	4407	10	-241.0	241	4407	10	-241.0	241	4407
11	-236.0	236	4643	11	-236.0	236	4643	11	-236.0	236	4643	11	-236.0	236	4643	11	-236.0	236	4643	11	-236.0	236	4643	11	-236.0	236	4643	11	-236.0	236	4643	11	-236.0	236	4643	11	-236.0	236	4643	11	-236.0	236	4643	11	-236.0	236	4643	11	-236.0	236	4643	11	-236.0	236	4643
12	-157.0	157	4800	12	-157.0	157	4800	12	-157.0	157	4800	12	-157.0	157	4800	12	-157.0	157	4800	12	-157.0	157	4800	12	-157.0	157	4800	12	-157.0	157	4800	12	-157.0	157	4800	12	-157.0	157	4800	12	-157.0	157	4800	12	-157.0	157	4800	12	-157.0	157	4800	12	-157.0	157	4800
13	-214.0	214	5014	13	-214.0	214	5014	13	-214.0	214	5014	13	-214.0	214	5014	13	-214.0	214	5014	13	-214.0	214	5014	13	-214.0	214	5014	13	-214.0	214	5014	13	-214.0	214	5014	13	-214.0	214	5014	13	-214.0	214	5014	13	-214.0	214	5014	13	-214.0	214	5014	13	-214.0	214	5014
14	-247.0	247	5261	14	-247.0	247	5261	14	-247.0	247	5261	14	-247.0	247	5261	14	-247.0	247	5261	14	-247.0	247	5261	14	-247.0	247	5261	14	-247.0	247	5261	14	-247.0	247	5261	14	-247.0	247	5261	14	-247.0	247	5261	14	-247.0	247	5261	14	-247.0	247	5261	14	-247.0	247	5261
15	-165.0	165	5426	15	-165.0	165	5426	15	-165.0	165	5426	15	-165.0	165	5426	15	-165.0	165	5426	15	-165.0	165	5426	15	-165.0	165	5426	15	-165.0	165	5426	15	-165.0	165	5426	15	-165.0	165	5426	15	-165.0	165	5426	15	-165.0	165	5426	15	-165.0	165	5426	15	-165.0	165	5426
16	-238.0	238	5664	16	-238.0	238	5664	16	-238.0	238	5664	16	-238.0	238	5664	16	-238.0	238	5664	16	-238.0	238	5664	16	-238.0	238	5664	16	-238.0	238	5664	16	-238.0	238	5664	16	-238.0	238	5664	16	-238.0	238	5664	16	-238.0	238	5664	16	-238.0	238	5664	16	-238.0	238	5664
17	-279.0	279	5943	17	-279.0	279	5943	17	-279.0	279	5943	17	-279.0	279	5943	17	-279.0	279	5943	17	-279.0	279	5943	17	-279.0	279	5943	17	-279.0	279	5943	17	-279.0	279	5943	17	-279.0	279	5943	17	-279.0	279	5943	17	-279.0	279	5943	17	-279.0	279	5943	17	-279.0	279	5943
18	-174.0	174	6117	18	-174.0	174	6117	18	-174.0	174	6117	18	-174.0	174	6117	18	-174.0	174	6117	18	-174.0	174	6117	18	-174.0	174	6117	18	-174.0	174	6117	18	-174.0	174	6117	18	-174.0	174	6117	18	-174.0	174	6117	18	-174.0	174	6117	18	-174.0	174	6117	18	-174.0	174	6117
19	-229.0	229	6346	19	-229.0	229	6346	19	-229.0	229	6346	19	-229.0	229	6346	19	-229.0	229	6346	19	-229.0	229	6346	19	-229.0	229	6346	19	-229.0	229	6346	19	-229.0	229	6346	19	-229.0	229	6346	19	-229.0	229	6346	19	-229.0	229	6346	19	-229.0	229	6346	19	-229.0	229	6346
20	-156.0	156	6502	20	-156.0	156	6502	20	-156.0	156	6502	20	-156.0	156	6502	20	-156.0	156	6502	20	-156.0	156	6502	20	-156.0	156	6502	20	-156.0	156	6502	20	-156.0	156	6502	20	-156.0	156	6502	20	-156.0	156	6502	20	-156.0	156	6502	20	-156.0	156	6502	20	-156.0	156	6502
21	-188.0	188	6690	21	-188.0	188	6690	21	-188.0	188	6690	21	-188.0	188	6690	21	-188.0	188	6690	21	-188.0	188	6690	21	-188.0	188	6690	21	-188.0	188	6690	21	-188.0	188	6690	21	-188.0	188	6690	21	-188.0	188	6690	21	-188.0	188	6690	21	-188.0	188	6690	21	-188.0	188	6690
22	-166.0	166	6856	22	-166.0	166	6856	22	-166.0	166	6856	22	-166.0	166	6856	22	-166.0	166	6856	22	-166.0	166	6856	22	-166.0	166	6856	22	-166.0	166	6856	22	-166.0	166	6856	22	-166.0	166	6856	22	-166.0	166	6856	22	-166.0	166	6856	22	-166.0	166	6856	22	-166.0	166	6856
23	-144.0	144	7000	23	-144.0	144	7000	23	-144.0	144	7000	23	-144.0	144	7000	23	-144.0	144	7000	23	-144.0	144	7000	23	-144.0	144	7000	23	-144.0	144	7000	23	-144.0	144	7000	23	-144.0	144	7000	23	-144.0	144	7000	23	-144.0	144	7000	23	-144.0	144	7000	23	-144.0	144	7000
24	-145.0	145	7145	24	-145.0	145	7145	24	-145.0	145	7145	24	-145.0	145	7145	24	-145.0	145	7145	24	-145.0	145	7145	24	-145.0	145	7145	24	-145.0	145	7145	24	-145.0	145	7145	24	-145.0	145	7145	24	-145.0	145	7145	24	-145.0	145	7145	24	-145.0	145	7145	24	-145.0	145	7145
25	-227.0	227	7372	25	-227.0	227	7372	25	-227.0	227	7372	25	-227.0	227	7372	25	-227.0	227	7372	25	-227.0	227	7372	25	-227.0	227	7372	25	-227.0	227	7372	25	-227.0	227	7372	25	-227.0	227	7372	25	-227.0	227	7372	25	-227.0	227	7372	25	-227.0	227	7372	25	-227.0	227	7372
26	-194.0	194	7566	26	-194.0	194	7566	26	-194.0	194	7566	26	-194.0	194	7566	26	-194.0	194	7566	26	-194.0	194	7566	26	-194.0	194	7566	26	-194.0	194	7566	26	-194.0	194	7566	26	-194.0	194	7566	26	-194.0	194	7566	26	-194.0	194	7566	26	-194.0	194	7566	26	-194.0	194	7566
27	-159.0	159	7725	27	-159.0	159	7725	27	-159.0	159	7725	27	-159.0	159	7725	27	-159.0	159	7725	27	-159.0	159	7725	27	-159.0	159	7725	27	-159.0	159	7725	27	-159.0	159	7725	27	-159.0	159	7725	27	-159.0	159	7725	27	-159.0	159	7725	27	-159.0	159	7725	27	-159.0	159	7725
28	-186.0	186	7911	28	-186.0	186	7911	28	-186.0	186	7911	28	-186.0	186	7911	28	-186.0	186	7911	28	-186.0	186	7911	28	-186.0	186	7911	28	-186.0	186	7911	28	-186.0	186	7911	28	-186.0	186	7911	28	-186.0	186	7911	28	-186.0	186	7911	28	-186.0	186	7911	28	-186.0	186	7911
29	-190.0	190	8101	29	-190.0	190	8101	29	-190.0	190	8101	29	-190.0	190	8101	29	-190.0	190	8101	29	-190.0	190	8101	29	-190.0	190	8101	29	-190.0	190	8101	29	-190.0	190	8101	29	-190.0	190	8101	29	-190.0	190	8101	29	-190.0	190	8101	29	-190.0	190	8101	29	-190.0	190	8101
30	-138.0	138	8239	30	-138.0	138	8239	30	-138.0	138	8239	30	-138.0	138	8239	30	-138.0	138	8239	30	-138.0	138	8239	30	-138.0	138	8239	30	-138.0	138	8239	30	-138.0	138	8239	30	-138.0	138	8239	30	-138.0	138	8239	30	-138.0	138	8239	30	-138.0	138	8239	30	-138.0	138	8239
31	-139.0	139	8378	31	-139.0	139	8378	31	-139.0	139	8378	31	-139.0	139	8378	31	-139.0	139	8378	31	-139.0	139	8378	31	-139.0	139	8378	31	-139.0	139	8378	31	-139.0	139	8378	31	-139.0	139	8378	31	-139.0	139	8378	31	-139.0	139	8378	31	-139.0	139	8378	31	-139.0	139	8378
32	-211.0	211	8589	32	-211.0	211	8589	32	-211.0	211	8589	32	-211.0	211	8589	32	-211.0	211	8589	32	-211.0	211	8589	32	-211.0	211	8589	32	-211.0	211	8589	32	-211.0	211	8589	32	-211.0	211	8589	32	-211.0	211	8589	32	-211.0	211	8589	32	-211.0	211	8589	32	-211.0	211	8589
33	-139.0	139	8728	33	-139.0	139	8728	33	-139.0	139	8728	33	-139.0	139	8728	33	-139.0	139	8728	33	-139.0	139	8728	33	-139.0	139	8728	33	-139.0	139	8728	33	-139.0	139	8728	33	-139.0	139	8728	33	-139.0	139	8728	33	-139.0	139	8728	33	-139.0	139	8728	33	-139.0	139	8728
34	-111.0	111	8839	34	-111.0	111	8839	34	-111.0	111	8839	34	-111.0	111	8839	34	-111.0	111	8839	34	-111.0	111	8839	34	-111.0	111	8839	34	-111.0	111	8839	34	-111.0	111	8839	34	-111.0	111	8839	34	-111.0	111	8839	34	-111.0	111	8839	34	-111.0	111	8839	34	-111.0	111	8839
35	-222.0	222	9061	35	-222.0	222	9061	35	-222.0	222	9061	35	-222.0	222	9061	35	-222.0	222	9061	35	-222.0	222	9061	35	-222.0	222	9061	35	-222.0	222	9061	35	-222.0	222	9061	35	-222.0	222	9061	35	-222.0	222	9061	35	-222.0	222	9061	35	-222.0	222	9061	35	-222.0	222	9061
36	-193.0	193	9254	36	-193.0	193	9254	36	-193.0	193	9254	36	-193.0	193	9254	36	-193.0	193	9254	36	-193.0	193	9254	36	-193.0	193	9254	36	-193.0	193	9254	36	-193.0	193	9254	36	-193.0	193	9254	36	-193.0	193	9254	36	-193.0	193	9254	36	-193.0	193	9254	36	-193.0	193	9254
37	-177.0	177	9431	37	-177.0	177	9431	37	-177.0	177	9431	37	-177.0	177	9431	37	-177.0	177	9431	37	-177.0	177	9431	37	-177.0	177	9431	37	-177.0	177	9431	37	-177.0	177	9431	37	-177.0	177	9431	37	-177.0	177	9431	37	-177.0	177	9431	37	-177.0	177	9431	37	-177.0	177	9431
38	-187.0	187	9618	38	-187.0	187	9618	38	-187.0	187	9618	38	-187.0	187	9618	38	-187.0	187	9618	38	-187.0	187	9618	38	-187.0	187	9618	38	-187.0	187	9618	38	-187.0	187	9618	38	-187.0	187	9618	38	-187.0	187	9618	38	-187.0	187	9618	38	-187.0	187	9618	38	-187.0	187	9618
39	-186.0	186	9804	39	-186.0	186	9804	39	-186.0	186	9804	39	-186.0	186	9804	39	-186.0	186	9804	39	-186.0	186	9804	39	-186.0	186	9804	39	-186.0	186	9804	39	-186.0	186	9804	39	-186.0	186	9804	39	-186.0	186	9804	39	-186.0	186	9804	39	-186.0	186	9804	39	-186.0	186	9804
40	-183.0	183	9987	40	-183.0	183	9987	40	-183.0	183	9987	40	-183.0	183	9987	40	-183.0	183	9987	40	-183.0	183	9987	40	-183.0	183	9987	40	-183.0	183	9987	40	-183.0	183	9987	40	-183.0	183	9987	40	-183.0	183	9987	40	-183.0	183	9987	40	-183.0	183	9987	40	-183.0	183	9987
41	-146.0	146	10133	41	-146.0	146	10133	41	-146.0	146	10133	41	-146.0	146	10133	41	-146.0	146	10133	41	-146.0	146	10133	41	-146.0	146	10133	41	-146.0	146	10133	41	-146.0	146	10133	41	-146.0	146	10133	41	-146.0	146	10133	41	-146.0	146	10133	41	-146.0	146	10133	41	-146.0	146	10133
42	-144.0	144	10277	42	-144.0	144	10277	42	-144.0	144	10277	42	-144.0	144	10277	42	-144.0	144	10277	42	-144.0	144	10277	42	-144.0	144	10277	42	-144.0	144	10277	42	-144.0	144	10277	42	-144.0	144	10277	42	-144.0	144	10277	42	-144.0	144	10277	42	-144.0	144	10277	42	-144.0	144	10277
43	-223.0	223	10500	43	-223.0	223	10500	43	-223.0	223	10500	43	-223.0	223	10500	43	-223.0	223	10500	43	-223.0	223	10500	43	-223.0	223	10500	43	-223.0	223	10500	43	-223.0	223	10500	43	-223.0	223	10500	43	-223.0	223	10500	43	-223.0	223	10500	43	-223.0	223	10500	43	-223.0	223	10500
44	-144.0	144	10644	44	-144.0	144	10644	44	-144.0	144	10644	44	-144.0	144	10644	44	-144.0	144	10644	44	-144.0	144	10644	44	-144.0	144	10644	44	-144.0	144	10644	44	-144.0	144	10644	44	-144.0	144	10644	44	-144.0	144	10644	44	-144.0	144	10644	44	-144.0	144	10644	44	-144.0	144	10644
45	-145.0	145	10789	45	-145.0	145	10789	45	-145.0	145	10789	45	-145.0	145	10789	45	-145.0	145	10789	45	-145.0	145	10789	45	-145.0	145	10789	45	-145.0	145	10789	45	-145.0	145	10789	45	-145.0	145	10789	45	-145.0	145	10789	45	-145.0	145	10789	45	-145.0	145	10789	45	-145.0	145	10789
46	-148.0	148	10937	46	-148.0	148	10937	46	-148.0	148	10937	46	-148.0	148	10937	46	-148.0	148	10937	46	-148.0	148	10937	46	-148.0	148	10937	46	-148.0	148	10937	46	-148.0	148	10937	46	-148.0	148	10937	46	-148.0	148	10937	46	-148.0	148	10937	46	-148.0	148	10937	46	-148.0	148	10937
47	-185.0	185	11122	47	-185.0	185	11122	47	-185.0	185	11122	47	-185.0	185	11122	47	-185.0	185	11122	47	-185.0	185	11122	47	-185.0	185	11122	47	-185.0	185	11122	47	-185.0	185	11122	47	-185.0	185	11122	47	-185.0	185	11122	47	-185.0	185	11122	47	-185.0	185	11122	47	-185.0	185	11122
48	-139.0	139	11261	48	-139.0	139	11261	48	-139.0	139	11261	48	-139.0	139	11261	48	-139.0	139	11261	48	-139.0	139	11261	48	-139.0	139	11261	48	-139.0	139	11261	48	-139.0	139	11261	48	-139.0	139	11261	48	-139.0	139	11261	48	-139.0	139	11261	48	-139.0	139	11261	48	-139.0	139	11261
49	-146.0	146	11407	49	-146.0	146	11407	49	-146.0	146	11407	49	-146.0	146	11407	49	-146.0	146	11407	49	-146.0	146	11407	49	-146.0	146	11407	49	-146.0	146	11407	49	-146.0	146	11407	49	-146.0	146	11407	49	-146.0	146	11407	49	-146.0	146	11407	49	-146.0	146	11407	49	-146.0	146	11407
50	-142.0	142	11549	50	-142.0	142	11549	50	-142.0	142	11549	50	-142.0	142	11549	50	-142.0	142	11549	50	-142.0	142	11549	50	-142.0	142	11549	50	-142.0	142	11549	50	-142.0	142	11549	50	-142.0	142	11549	50	-142.0	142	11549	50	-142.0	142	11549	50	-142.0	142	11549	50	-142.0	142	11549
51	-179.0	179	11728	51	-179.0	179	11728	51	-179.0	179	11728	51	-179.0	179	11728	51	-179.0	179	11728	51	-179.0	179	11728	51	-179.0	179	11728	51	-179.0	179	11728	51	-179.0	179	11728	51	-179.0	179	11728	51	-179.0	179	11728	51	-179.0	179	11728	51	-179.0	179	11728	51	-179.0	179	11728
52	-179.0	179	11907	52	-179.0	179	11907	52	-179.0	179	11907	52	-179.0	179	11907	52	-179.0	179	11907	52	-179.0	179	11907	52	-179.0	179	11907	52	-179.0	179	11907	52	-179.0	179	11907	52	-179.0	179	11907	52	-179.0	179	11907	52	-179.0	179	11907	52	-179.0	179	11907	52	-179.0	179	11907
53	-125.0	125	12032	53	-125.0	125	12032	53	-125.0	125	12032	53	-125.0	125	12032	53	-125.0	125	12032	53	-125.0	125	12032	53	-125.0	125	12032	53	-125.0	125	12032	53	-125.0	125	12032	53	-125.0	125	12032	53	-125.0	125	12032	53	-125.0	125	12032	53	-125.0	125	12032	53	-125.0	125	12032
54	-176.0	176	12208	54	-176.0	176	12208	54	-176.0	176	12208	54	-176.0	176	12208	54	-176.0	176	12208	54	-176.0	176	12208	54	-176.0	176	12208	54	-176.0	176	12208	54	-176.0	176	12208	54	-176.0	176	12208	54	-176.0	176	12208	54	-176.0	176	12208	54	-176.0	176	12208	54	-176.0	176	12208
55	-144.0	144	12352	55	-144.0	144	12352	55	-144.0	144	12352	55	-144.0	144	12352	55	-144.0	144	12352	55	-144.0	144	12352	55	-144.0	144	12352	55	-144.0	144	12352	55	-144.0	144	12352	55	-144.0	144	12352	55	-144.0	144	12352	55	-144.0	144	12352	55	-144.0	144	12352	55	-144.0	144	12352
56	-135.0	135	12487	56	-135.0	135	12487	56	-135.0	135	12487	56	-135.0	135	12487	56	-135.0	135	12487	56	-135.0	135	12487	56	-135.0	135	12487	56	-135.0	135	12487	56	-135.0	135	12487	56	-135.0	135	12487	56	-135.0	135	12487	56	-135.0	135	12487	56	-135.0	135	12487	56	-135.0	135	12487
57	-151.0	151	12638	57	-151.0	151	12638	57	-151.0	151	12638	57	-151.0	151	12638	57	-151.0	151	12638	57	-151.0	151	12638	57	-151.0	151	12638	57	-151.0	151	12638	57	-151.0	151	12638	57	-151.0	151	12638	57	-151.0	151	12638	57	-151.0	151	12638	57	-151.0	151	12638	57	-151.0	151	12638
58	-144.0	144	12782	58	-144.0	144	12782	58	-144.0	144	12782	58	-144.0	144	12782	58	-144.0	144	12782	58	-144.0	144	12782	58	-144.0	144	12782	58	-144.0	144	12782	58	-144.0	144	12782	58	-144.0	144	12782	58	-144.0	144	12782	58	-144.0	144	12782	58	-144.0	144	12782	58	-144.0	144	12782
59	-146.0	146	12928	59	-146.0	146	12928	59	-146.0	146	12928	59	-146.0	146	12928	59	-146.0	146	12928	59	-146.0	146	12928	59	-146.0	146	12928	59	-146.0	146	12928	59	-146.0	146	12928	59	-146.0	146	12928	59	-146.0	146	12928	59	-146.0	146	12928	59	-146.0	146	12928	59	-146.0	146	12928
60	-108.0	108	13036	60	-108.0	108	13036	60	-108.0	108	13036	60	-108.0	108	13036	60	-108.0	108	13036	60	-108.0	108	13036	60	-108.0	108	13036	60	-108.0	108	13036	60	-108.0	108	13036	60	-108.0	108	13036	60	-108.0	108	13036	60	-108.0	108	13036	60	-108.0	108	13036	60	-108.0	108	13036
61	-148.0	148	13184	61	-148.0	148	13184	61	-148.0	148	13184	61	-148.0	148	13184	61	-148.0	148	13184	61	-148.0	148	13184	61	-148.0	148	13184	61	-148.0	148	13184	61	-148.0	148	13184	61	-148.0	148	13184	61	-148.0	148	13184	61	-148.0	148	13184	61	-148.0	148	13184	61	-148.0	148	13184
62	-111.0	111	13295	62	-111.0	111	13295	62	-111.0	111	13295	62	-111.0	111	13295	62	-111.0	111	13295	62	-111.0	111	13295	62	-111.0	111	13295	62	-111.0	111	13295	62	-111.0	111	13295	62	-111.0	111	13295	62	-111.0	111	13295	62	-111.0	111	13295	62	-111.0	111	13295	62	-111.0	111	13295
63	-92.0	92	13387	63	-92.0	92	13387	63	-92.0	92	13387	63	-92.0	92	13387	63	-92.0	92	13387	63	-92.0	92	13387	63	-92.0	92	13387	63	-92.0	92	13387	63	-92.0	92	13387	63	-92.0	92	13387	63	-92.0	92	13387	63	-92.0	92	13387	63	-92.0	92	13387	63	-92.0	92	13387
64	-147.0	147	13534	64	-147.0	147	13534	64	-147.0	147	13534	64	-147.0	147	13534	64	-147.0	147	13534	64	-147.0	147	13534	64	-147.0	147	13534	64	-147.0	147	13534	64	-147.0	147	13534	64	-147.0	147	13534	64	-147.0	147	13534	64	-147.0	147	13534	64	-147.0	147	13534	64	-147.0	147	13534
65	-159.0	159	13693	65	-159.0	159	13693	65	-159.0	159	13693	65	-159.0	159	13693	65	-159.0	159	13693	65	-159.0	159	13693	65	-159.0	159	13693	65	-159.0	159	13693	65	-159.0	159	13693	65	-159.0	159	13693	65	-159.0	159	13693	65	-159.0	159	13693	65	-159.0	159	13693	65	-159.0	159	13693
66	-153.0	153	13846	66	-153.0	153	13846	66	-153.0	153	13846	66	-153.0	153	13846	66	-153.0	153	13846	66	-153.0	153	13846	66	-153.0	153	13846	66	-153.0	153	13846	66	-153.0	153	13846	66	-153.0	153	13846	66	-153.0	153	13846	66	-153.0	153	13846	66	-153.0	153	13846	66	-153.0	153	13846
67	-173.0	173	14019	67	-173.0	173	14019	67	-173.0	173	14019	67	-173.0	173	14019	67	-173.0	173	14019	67	-173.0	173	14019	67	-173.0	173	14019	67	-173.0	173	14019	67	-173.0	173	14019	67	-173.0	173	14019	67	-173.0	173	14019	67	-173.0	173	14019	67	-173.0	173	14019	67	-173.0	173	14019
68	-138.0	138	14157	68	-138.0	138	14157	68	-138.0	138	14157	68	-138.0	138	14157	68	-138.0	138	14157	68	-138.0	138	14157	68	-138.0	138	14157	68	-138.0	138	14157	68	-138.0	138	14157	68	-138.0	138	14157	68	-138.0	138	14157	68	-138.0	138	14157	68	-138.0	138	14157	68	-138.0	138	14157
69	-148.0	148	14305	69	-148.0	148	14305	69	-148.0	148	14305	69	-148.0	148	14305	69	-148.0	148	14305	69	-148.0	148	14305	69	-148.0	148	14305	69	-148.0	148	14305	69	-148.0	148	14305	69	-148.0	148	14305	69	-148.0	148	14305	69	-148.0	148	14305	69	-148.0	148	14305	69	-148.0	148	14305
70	-152.0	152	14457	70	-152.0	152	14457	70	-152.0	152	14457	70	-152.0	152	14457	70	-152.0	152	14457	70	-152.0	152	14457	70	-152.0	152	14457	70	-152.0	152	14457	70	-152.0	152	14457	70	-152.0	152	14457	70	-152.0	152	14457	70	-152.0	152	14457	70	-152.0	152	14457	70	-152.0	152	14457
71	-124.0	124	14581	71	-124.0	124	14581	71	-124.0	124	14581	71	-124.0	124	14581	71	-124.0	124	14581	71	-124.0	124	14581	71	-124.0	124	14581	71	-124.0	124	14581	71	-124.0	124	14581	71	-124.0	124	14581	71	-124.0	124	14581	71	-124.0	124	14581	71	-124.0	124	14581	71	-124.0	124	14581
72	-99.0	99	14680	72	-99.0	99	14680	72	-99.0	99	14680	72	-99.0	99	14680	72	-99.0	99	14680	72	-99.0	99	14680	72	-99.0	99	14680	72	-99.0	99	14680	72	-99.0	99	14680	72	-99.0	99	14680	72	-99.0	99	14680	72	-99.0	99	14680	72	-99.0	99	14680	72	-99.0	99	14680
73	-151.0	151	14831	73	-151.0	151	14831	73	-151.0	151	14831	73	-151.0	151	14831	73	-151.0	151	14831	73	-151.0	151	14831	73	-151.0	151	14831	73	-151.0	151	14831	73	-151.0	151	14831	73	-151.0	151	14831	73	-151.0	151	14831	73	-151.0	151	14831	73	-151.0	151	14831	73	-151.0	151	14831
74	-95.0	95	14926	74	-95.0	95	14926	74	-95.0	95	14926	74	-95.0	95	14926	74	-95.0	95	14926	74	-95.0	95	14926	74	-95.0	95	14926	74	-95.0	95	14926	74	-95.0	95	14926	74	-95.0	95	14926	74	-95.0	95	14926	74	-95.0	95	14926	74	-95.0	95	14926	74	-95.0	95	14926
75	-167.0	167	15093	75	-167.0	167	15093	75	-167.0	167	15093	75	-167.0	167	15093	75	-167.0	167	15093	75	-167.0	167	15093	75	-167.0	167	15093	75	-167.0	167	15093	75	-167.0	167	15093	75	-167.0	167	15093	75	-167.0	167	15093	75	-167.0	167	15093	75	-167.0	167	15093	75	-167.0	167	15093
76	-148.0	148	15241	76	-148.0	148	15241	76	-148.0	148	15241	76	-148.0	148	15241	76	-148.0	148	15241	76	-148.0	148	15241	76	-148.0	148	15241	76	-148.0	148	15241	76	-148.0	148	15241	76	-148.0	148	15241	76	-148.0	148	15241	76	-148.0	148	15241	76	-148.0	148	15241	76	-148.0	148	15241
77	-145.0	145	15386	77	-145.0	145	15386	77	-145.0	145	15386	77	-145.0	145	15386	77	-145.0	145	15386	77	-145.0	145	15386	77	-145.0	145	15386	77	-145.0	145	15386	77	-145.0	145	15386	77	-145.0	145	15386	77	-145.0	145	15386	77	-145.0	145	15386	77	-145.0	145	15386	77	-145.0	145	15386
78	-136.0	136	15522	78	-136.0	136	15522	78	-136.0	136	15522	78	-136.0	136	15522	78	-136.0	136	15522	78	-136.0	136	15522	78	-136.0	136	15522	78	-136.0	136	15522	78	-136.0	136	15522	78	-136.0	136	15522	78	-136.0	136	15522	78	-136.0	136	15522	78	-136.0	136	15522	78	-136.0	136	15522
79	-125.0	125	15647	79	-125.0	125	15647	79	-125.0	125	15647	79	-125.0	125	15647	79	-125.0	125	15647	79	-125.0	125	15647	79	-125.0	125	15647	79	-125.0	125	15647	79	-125.0	125	15647	79	-125.0	125	15647	79	-125.0	125	15647	79	-125.0	125	15647	79	-125.0	125	15647	79	-125.0	125	15647
80	-139.0	139	15786	80	-139.0	139	15786	80	-139.0	139	15786	80	-139.0	139	15786	80	-139.0	139	15786	80	-139.0	139	15786	80	-139.0	139	15786	80	-139.0	139	15786	80	-139.0	139	15786	80	-139.0	139	15786	80	-139.0	139	15786	80	-139.0	139	15786	80	-139.0	139	15786	80	-139.0	139	15786
81	-108.0	108	15894	81	-108.0	108	15894	81	-108.0	108	15894	81	-108.0	108	15894	81	-108.0	108	15894	81	-108.0	108	15894	81	-108.0	108	15894	81	-108.0	108	15894	81	-108.0	108	15894	81	-108.0	108	15894	81	-108.0	108	15894	81	-108.0	108	15894	81	-108.0	108	15894	81	-108.0	108	15894
82	-107.0	107	16001	82	-107.0	107	16001	82	-107.0	107	16001	82	-107.0	107	16001	82	-107.0	107	16001	82	-107.0	107	16001	82	-107.0	107	16001	82	-107.0	107	16001	82	-107.0	107	16001	82	-107.0	107	16001	82	-107.0	107	16001	82	-107.0	107	16001	82	-107.0	107	16001	82	-107.0	107	16001
83	-153.0	153	16154	83	-153.0	153	16154	83	-153.0	153	16154	83	-153.0	153	16154	83	-153.0	153	16154	83	-153.0	153	16154	83	-153.0	153	16154	83	-153.0	153	16154	83	-153.0	153	16154	83	-153.0	153	16154	83	-153.0	153	16154	83	-153.0	153	16154	83	-153.0	153	16154	83	-153.0	153	16154
84	-145.0	145	16299	84	-145.0	145	16299	84	-145.0	145	16299	84	-145.0	145	16299	84	-145.0	145	16299	84	-145.0	145	16299	84	-145.0	145	16299	84	-145.0	145	16299	84	-145.0	145	16299	84	-145.0	145	16299	84	-145.0	145	16299	84	-145.0	145	16299	84	-145.0	145	16299	84	-145.0	145	16299
85	-144.0	144	16443	85	-144.0	144	16443	85	-144.0	144	16443	85	-144.0	144	16443	85	-144.0	144	16443	85	-144.0	144	16443	85	-144.0	144	16443	85	-144.0	144	16443	85	-144.0	144	16443	85	-144.0	144	16443	85	-144.0	144	16443	85	-144.0	144	16443	85	-144.0	144	16443	85	-144.0	144	16443
86	-140.0	140	16583	86	-140.0	140	16583	86	-140.0	140	16583	86	-140.0	140	16583	86	-140.0	140	16583	86	-140.0	140	16583	86	-140.0	140	16583	86	-140.0	140	16583	86	-140.0	140	16583	86	-140.0	140	16583	86	-140.0	140	16583	86	-140.0	140	16583	86	-140.0	140	16583	86	-140.0	140	16583
87	-136.0	136	16719	87	-136.0	136	16719	87	-136.0	136	16719	87	-136.0	136	16719	87	-136.0	136	16719	87	-136.0	136	16719	87	-136.0	136	16719	87	-136.0	136	16719	87	-136.0	136	16719	87	-136.0	136	16719	87	-136.0	136	16719	87	-136.0	136	16719	87	-136.0	136	16719	87	-136.0	136	16719
88	-140.0	140	16859	88	-140.0	140	16859	88	-140.0	140	16859	88	-140.0	140	16859	88	-140.0	140	16859	88	-140.0	140	16859	88	-140.0	140	16859	88	-140.0	140	16859	88	-140.0	140	16859	88	-140.0	140	16859	88	-140.0	140	16859	88	-140.0	140	16859	88	-140.0	140	16859	88	-140.0	140	16859
89	-141.0	141	17000	89	-141.0	141	17000	89	-141.0	141	17000	89	-141.0	141	17000	89	-141.0	141	17000	89	-141.0	141	17000	89	-141.0	141	17000	89	-141.0	141	17000	89	-141.0	141	17000	89	-141.0	141	17000	89	-141.0	141	17000	89	-141.0	141	17000	89	-141.0	141	17000	89	-141.0	141	17000
90	-138.0	138	17138	90	-138.0	138	17138	90	-138.0	138	17138	90	-138.0	138	17138	90	-138.0	138	17138	90	-138.0	138	17138	90	-138.0	138	17138	90	-138.0	138	17138	90	-138.0	138	17138	90	-138.0	138	17138	90	-138.0	138	17138	90	-138.0	138	17138	90	-138.0	138	17138	90	-138.0	138	17138
91	-139.0	139	17277	91	-139.0	139	17277	91	-139.0	139	17277	91	-139.0	139	17277	91	-139.0	139	17277	91	-139.0	139	17277	91	-139.0	139	17277	91	-139.0	139	17277	91	-139.0	139	17277	91	-139.0	139	17277	91	-139.0	139	17277	91	-139.0	139	17277	91	-139.0	139	17277	91	-139.0	139	17277
92	-116.0	116	17393	92	-116.0	116	17393	92	-116.0	116	17393	92	-116.0	116	17393	92	-116.0	116	17393	92	-116.0	116	17393	92	-116.0	116	17393	92	-116.0	116	17393	92	-116.0	116	17393	92	-116.0	116	17393	92	-116.0	116	17393	92	-116.0	116	17393	92	-116.0	116	17393	92	-116.0	116	17393
93	-138.0	138	17531	93	-138.0	138	17531	93	-138.0	138	17531	93	-138.0	138	17531	93	-138.0	138	17531	93	-138.0	138	17531	93	-138.0	138	17531	93	-138.0	138	17531	93	-138.0	138	17531	93	-138.0	138	17531	93	-138.0	138	17531	93	-138.0	138	17531	93	-138.0	138	17531	93	-138.0	138	17531
94	-138.0	138	17669	94	-138.0	138	17669	94	-138.0	138	17669	94	-138.0	138	17669	94	-138.0	138	17669	94	-138.0	138	17669	94	-138.0	138	17669	94	-138.0	138	17669	94	-138.0	138	17669	94	-138.0	138	17669	94	-138.0	138	17669	94	-138.0	138	17669	94	-138.0	138	17669	94	-138.0	138	17669
95	-168.0	168	17837	95	-168.0	168	17837	95	-168.0	168	17837	95	-168.0	168	17837	95	-168.0	168	17837	95	-168.0	168	17837	95	-168.0	168	17837	95	-168.0	168	17837	95	-168.0	168	17837	95	-168.0	168	17837	95	-168.0	168	17837	95	-168.0	168	17837	95	-168.0	168	17837	95	-168.0	168	17837
96	-139.0	139	17976	96	-139.0	139	17976	96	-139.0	139	17976	96	-139.0	139	17976	96	-139.0	139	17976	96	-139.0	139	17976	96	-139.0	139	17976	96	-139.0	139	17976	96	-139.0	139	17976	96	-139.0	139	17976	96	-139.0	139	17976	96	-139.0	139	17976	96	-139.0	139	17976	96	-139.0	139	17976
97	-173.0	173	18149	97	-173.0	173	18149	97	-173.0	173	18149	97	-173.0	173	18149	97	-173.0	173	18149	97	-173.0	173	18149	97	-173.0	173	18149	97	-173.0	173	18149	97	-173.0	173	18149	97	-173.0	173	18149	97	-173.0	173	18149	97	-173.0	173	18149	97	-173.0	173	18149	97	-173.0	173	18149
98	-143.0	143	18292	98	-143.0	143	18292	98	-143.0	143	18292	98	-143.0	143	18292	98	-143.0	143	18292	98	-143.0	143	18292	98	-143.0	143	18292	98	-143.0	143	18292	98	-143.0	143	18292	98	-143.0	143	18292	98	-143.0	143	18292	98	-143.0	143	18292	98	-143.0	143	18292	98	-143.0	143	18292
99	-138.0	138	18430	99	-138.0	138	18430	99	-138.0	138	18430	99	-138.0	138	18430	99	-138.0	138	18430	99	-138.0	138	18430	99	-138.0	138	18430	99	-138.0	138	18430	99	-138.0	138	18430	99	-138.0	138	18430	99	-138.0	138	18430	99	-138.0	138	18430	99	-138.0	138	18430	99	-138.0	138	18430
100	-134.0	134	18564	100	-134.0	134	18564	100	-134.0	134	18564	100	-134.0	134	18564	100	-134.0	134	18564	100	-134.0	134	18564	100	-134.0	134	18564	100	-134.0	134	18564	100	-134.0	134	18564	100	-134.0	134	18564	100	-134.0	134	18564	100	-134.0	134	18564	100	-134.0	134	18564	100	-134.0	134	18564
101	-105.0	105	18669	101	-105.0	105	18669	101	-105.0	105	18669	101	-105.0	105	18669	101	-105.0	105	18669	101	-105.0	105	18669	101	-105.0	105	18669	101	-105.0	105	18669	101	-105.0	105	18669	101	-105.0	105	18669	101	-105.0	105	18669	101	-105.0	105	18669	101	-105.0	105	18669	101	-105.0	105	18669
102	-106.0	106	18775	102	-106.0	106	18775	102	-106.0	106	18775	102	-106.0	106	18775	102	-106.0	106	18775	102	-106.0	106	18775	102	-106.0	106	18775	102	-106.0	106	18775	102	-106.0	106	18775	102	-106.0	106	18775	102	-106.0	106	18775	102	-106.0	106	18775	102	-106.0	106	18775	102	-106.0	106	18775
103	-139.0	139	18914	103	-139.0	139	18914	103	-139.0	139	18914	103	-139.0	139	18914	103	-139.0	139	18914	103	-139.0	139	18914	103	-139.0	139	18914	103	-139.0	139	18914	103	-139.0	139	18914	103	-139.0	139	18914	103	-139.0	139	18914	103	-139.0	139	18914	103	-139.0	139	18914	103	-139.0	139	18914
104	-140.0	140	19054	104	-140.0	140	19054	104	-140.0	140	19054	104	-140.0	140	19054	104	-140.0	140	19054	104	-140.0	140	19054	104	-140.0	140	19054	104	-140.0	140	19054	104	-140.0	140	19054	104	-140.0	140	19054	104	-140.0	140	19054	104	-140.0	140	19054	104	-140.0	140	19054	104	-140.0	140	19054
105	-177.0	177	19231	105	-177.0	177	19231	105	-177.0	177	19231	105	-177.0	177	19231	105	-177.0	177	19231	105	-177.0	177	19231	105	-177.0	177	19231	105	-177.0	177	19231	105	-177.0	177	19231	105	-177.0	177	19231	105	-177.0	177	19231	105	-177.0	177	19231	105	-177.0	177	19231	105	-177.0	177	19231
106	-139.0	139	19370	106	-139.0	139	19370	106	-139.0	139	19370	106	-139.0	139	19370	106	-139.0	139	19370	106	-139.0	139	19370	106	-139.0	139	19370	106	-139.0	139	19370	106	-139.0	139	19370	106	-139.0	139	19370	106	-139.0	139	19370	106	-139.0	139	19370	106	-139.0	139	19370	106	-139.0	139	19370
107	-135.0	135	19505	107	-135.0	135	19505	107	-135.0	135	19505	107	-135.0	135	19505	107	-135.0	135	19505	107	-135.0	135	19505	107	-135.0	135	19505	107	-135.0	135	19505	107	-135.0	135	19505	107	-135.0	135	19505	107	-135.0	135	19505	107	-135.0	135	19505	107	-135.0	135	19505	107	-135.0	135	19505
108	-171.0	171	19676	108	-171.0	171	19676	108	-171.0	171	19676	108	-171.0	171	19676	108	-171.0	171	19676	108	-171.0	171	19676	108	-171.0	171	19676	108	-171.0	171	19676	108	-171.0	171	19676	108	-171.0	171	19676	108	-171.0	171	19676	108	-171.0	171	19676	108	-171.0	171	19676	108	-171.0	171	19676
109	-171.0	171	19847	109	-171.0	171	19847	109	-171.0	171	19847	109	-171.0	171	19847	109	-171.0	171	19847	109	-171.0	171	19847	109	-171.0	171	19847	109	-171.0	171	19847	109	-171.0	171	19847	109	-171.0	171	19847	109	-171.0	171	19847	109	-171.0	171	19847	109	-171.0	171	19847	109	-171.0	171	19847
110	-134.0	134	19981	110	-134.0	134	19981	110	-134.0	134	19981	110	-134.0	134	19981	110	-134.0	134	19981	110	-134.0	134	19981	110	-134.0	134	19981	110	-134.0	134	19981	110	-134.0	134	19981	110	-134.0	134	19981	110	-134.0	134	19981	110	-134.0	134	19981	110	-134.0	134	19981	110	-134.0	134	19981
111	-140.0	140	20121	111	-140.0	140	20121	111	-140.0	140	20121	111	-140.0	140	20121	111	-140.0	140	20121	111	-140.0	140	20121	111	-140.0	140	20121	111	-140.0	140	20121	111	-140.0	140	20121	111	-140.0	140	20121	111	-140.0	140	20121	111	-140.0	140	20121	111	-140.0	140	20121	111	-140.0	140	20121
112	-201.0	201	20322	112	-201.0	201	20322	112	-201.0	201	20322	112	-201.0	201	20322	112	-201.0	201	20322	112	-201.0	201	20322	112	-201.0	201	20322	112	-201.0	201	20322	112	-201.0	201	20322	112	-201.0	201	20322	112	-201.0	201	20322	112	-201.0	201	20322	112	-201.0	201	20322	112	-201.0	201	20322
113	-183.0	183	20505	113	-183.0	183	20505	113	-183.0	183	20505	113	-183.0	183	20505	113	-183.0	183	20505	113	-183.0	183	20505	113	-183.0	183	20505	113	-183.0	183	20505	113	-183.0	183	20505	113	-183.0	183	20505	113	-183.0	183	20505	113	-183.0	183	20505	113	-183.0	183	20505	113	-183.0	183	20505
114	-112.0	112	20617	114	-112.0	112	20617	114	-112.0	112	20617	114	-112.0	112	20617	114	-112.0	112	20617	114	-112.0	112	20617	114	-112.0	112	20617	114	-112.0	112	20617	114	-112.0	112	20617	114	-112.0	112	20617	114	-112.0	112	20617	114	-112.0	112	20617	114	-112.0	112	20617	114	-112.0	112	20617
115	-108.0	108	20725	115	-108.0	108	20725	115	-108.0	108	20725	115	-108.0	108	20725	115	-108.0	108	20725	115	-108.0	108	20725	115	-108.0	108	20725	115	-108.0	108	20725	115	-108.0	108	20725	115	-108.0	108	20725	115	-108.0	108	20725	115	-108.0	108	20725	115	-108.0	108	20725	115	-108.0	108	20725
116	-158.0	158	20883	116	-158.0	158	20883	116	-158.0	158	20883	116	-158.0	158	20883	116	-158.0	158	20883	116	-158.0	158	20883	116	-158.0	158	20883	116	-158.0	158	20883	116	-158.0	158	20883	116	-158.0	158	20883	116	-158.0	158	20883	116	-158.0	158	20883	116	-158.0	158	20883	116	-158.0	158	20883
117	-154.0	154	21037	117	-154.0	154	21037	117	-154.0	154	21037	117	-154.0	154	21037	117	-154.0	154	21037	117	-154.0	154	21037	117	-154.0	154	21037	117	-154.0	154	21037	117	-154.0	154	21037	117	-154.0	154	21037	117	-154.0	154	21037	117	-154.0	154	21037	117	-154.0	154	21037	117	-154.0	154	21037
118	-119.0	119	21156	118	-119.0	119	21156	118	-119.0	119	21156	118	-119.0	119	21156	118	-119.0	119	21156	118	-119.0	119	21156	118	-119.0	119	21156	118	-119.0	119	21156	118	-119.0	119	21156	118	-119.0	119	21156	118	-119.0	119	21156	118	-119.0	119	21156	118	-119.0	119	21156	118	-119.0	119	21156
119	-120.0	120	21276	119	-120.0	120	21276	119	-120.0	120	21276	119	-120.0	120	21276	119	-120.0	120	21276	119	-120.0	120	21276	119	-120.0	120	21276	119	-120.0	120	21276	119	-120.0	120	21276	119	-120.0	120	21276	119	-120.0	120	21276	119	-120.0	120	21276	119	-120.0	120	21276	119	-120.0	120	21276
120	-86.0	86	21362	120	-86.0	86	21362	120	-86.0	86	21362	120	-86.0	86	21362	120	-86.0	86	21362	120	-86.0	86	21362	120	-86.0	86	21362	120	-86.0	86	21362	120	-86.0	86	21362	120	-86.0	86	21362	120	-86.0	86	21362	120	-86.0	86	21362	120	-86.0	86	21362	120	-86.0	86	21362
121	-88.0	88	21450	121	-88.0	88	21450	121	-88.0	88	21450	121	-88.0	88	21450	121	-88.0	88	21450	121	-88.0	88	21450	121	-88.0	88	21450	121	-88.0	88	21450	121	-88.0	88	21450	121	-88.0	88	21450	121	-88.0	88	21450	121	-88.0	88	21450	121	-88.0	88	21450	121	-88.0	88	21450
122	-98.0	98	21548	122	-98.0	98	21548	122	-98.0	98	21548	122	-98.0	98	21548	122	-98.0	98	21548	122	-98.0	98	21548	122	-98.0	98	21548	122	-98.0	98	21548	122	-98.0	98	21548	122	-98.0	98	21548	122	-98.0	98	21548	122	-98.0	98	21548	122	-98.0	98	21548	122	-98.0	98	21548
123	-135.0	135	21683	123	-135.0	135	21683	123	-135.0	135	21683	123	-135.0	135	21683	123	-135.0	135	21683	123	-135.0	135	21683	123	-135.0	135	21683	123	-135.0	135	21683	123	-135.0	135	21683	123	-135.0	135	21683	123	-135.0	135	21683	123	-135.0	135	21683	123	-135.0	135	21683	123	-135.0	135	21683
124	-150.0	150	21833	124	-150.0	150	21833	124	-150.0	150	21833	124	-150.0	150	21833	124	-150.0	150	21833	124	-150.0	150	21833	124	-150.0	150	21833	124	-150.0	150	21833	124	-150.0	150	21833	124	-150.0	150	21833	124	-150.0	150	21833	124	-150.0	150	21833	124	-150.0	150	21833	124	-150.0	150	21833
125	-134.0	134	21967	125	-134.0	134	21967	125	-134.0	134	21967	125	-134.0	134	21967	125	-134.0	134	21967	125	-134.0	134	21967	125	-134.0	134	21967	125	-134.0	134	21967	125	-134.0	134	21967	125	-134.0	134	21967	125	-134.0	134	21967	125	-134.0	134	21967	125	-134.0	134	21967	125	-134.0	134	21967
126	-147.0	147	22114	126	-147.0	147	22114	126	-147.0	147	22114	126	-147.0	147	22114	126	-147.0	147	22114	126	-147.0	147	22114	126	-147.0	147	22114	126	-147.0	147	22114	126	-147.0	147	22114	126	-147.0	147	22114	126	-147.0	147	22114	126	-147.0	147	22114	126	-147.0	147	22114	126	-147.0	147	22114
127	-141.0	141	22255	127	-141.0	141	22255	127	-141.0	141	22255	127	-141.0	141	22255	127	-141.0	141	22255	127	-141.0	141	22255	127	-141.0	141	22255	127	-141.0	141	22255	127	-141.0	141	22255	127	-141.0	141	22255	127	-141.0	141	22255	127	-141.0	141	22255	127	-141.0	141	22255	127	-141.0	141	22255
128	-145.0	145	22400	128	-145.0	145	22400	128	-145.0	145	22400	128	-145.0	145	22400	128	-145.0	145	22400	128	-145.0	145	22400	128	-145.0	145	22400	128	-145.0	145	22400	128	-145.0	145	22400	128	-145.0	145	22400	128	-145.0	145	22400	128	-145.0	145	22400	128	-145.0	145	22400	128	-145.0	145	22400
129	-138.0	138	22538	129	-138.0	138	22538	129	-138.0	138	22538	129	-138.0	138	22538	129	-138.0	138	22538	129	-138.0	138	22538	129	-138.0	138	22538	129	-138.0	138	22538	129	-138.0	138	22538	129	-138.0	138	22538	129	-138.0	138	22538	129	-138.0	138	22538	129	-138.0	138	22538	129	-138.0	138	22538
130	-122.0	122	22660	130	-122.0	122	22660	130	-122.0	122	22660	130	-122.0	122	22660	130	-122.0	122	22660	130	-122.0	122	22660	130	-122.0	122	22660	130	-122.0	122	22660	130	-122.0	122	22660	130	-122.0	122	22660	130	-122.0	122	22660	130	-122.0	122	22660	130	-122.0	122	22660	130	-122.0	122	22660
131	-105.0	105	22765	131	-105.0	105	22765	131	-105.0	105	22765	131	-105.0	105	22765	131	-105.0	105	22765	131	-105.0	105	22765	131	-105.0	105	22765	131	-105.0	105	22765	131	-105.0	105	22765	131	-105.0	105	22765	131	-105.0	105	22765	131	-105.0	105	22765	131	-105.0	105	22765	131	-105.0	105	22765
132	-139.0	139	22904	132	-139.0	139	22904	132	-139.0	139	22904	132	-139.0	139	22904	132	-139.0	139	22904	132	-139.0	139	22904	132	-139.0	139	22904	132	-139.0	139	22904	132	-139.0	139	22904	132	-139.0	139	22904	132	-139.0	139	22904	132	-139.0	139	22904	132	-139.0	139	22904	132	-139.0	139	22904
133	-108.0	108	23012	133	-108.0	108	23012	133	-108.0	108	23012	133	-108.0	108	23012	133	-108.0	108	23012	133	-108.0	108	23012	133	-108.0	108	23012	133	-108.0	108	23012	133	-108.0	108	23012	133	-108.0	108	23012	133	-108.0	108	23012	133	-108.0	108	23012	133	-108.0	108	23012	133	-108.0	108	23012
134	-136.0	136	23148	134	-136.0	136	23148	134	-136.0	136	23148	134	-136.0	136	23148	134	-136.0	136	23148	134	-136.0	136	23148	134	-136.0	136	23148	134	-136.0	136	23148	134	-136.0	136	23148	134	-136.0	136	23148	134	-136.0	136	23148	134	-136.0	136	23148	134	-136.0	136	23148	134	-136.0	136	23148
135	-135.0	135	23283	135	-135.0	135	23283	135	-135.0	135	23283	135	-135.0	135	23283	135	-135.0	135	23283	135	-135.0	135	23283	135	-135.0	135	23283	135	-135.0	135	23283	135	-135.0	135	23283	135	-135.0	135	23283	135	-135.0	135	23283	135	-135.0	135	23283	135	-135.0	135	23283	135	-135.0	135	23283
136	-110.0	110	23393	136	-110.0	110	23393	136	-110.0	110	23393	136	-110.0	110	23393	136	-110.0	110	23393	136	-110.0	110	23393	136	-110.0	110	23393	136	-110.0	110	23393	136	-110.0	110	23393	136	-110.0	110	23393	136	-110.0	110	23393	136	-110.0	110	23393	136	-110.0	110	23393	136	-110.0	110	23393
137	-135.0	135	23528	137	-135.0	135	23528	137	-135.0	135	23528	137	-135.0	135	23528	137	-135.0	135	23528	137	-135.0	135	23528	137	-135.0	135	23528	137	-135.0	135	23528	137	-135.0	135	23528	137	-135.0	135	23528	137	-135.0	135	23528	137	-135.0	135	23528	137	-135.0	135	23528	137	-135.0	135	23528
138	-138.0	138	23666	138	-138.0	138	23666	138	-138.0	138	23666	138	-138.0	138	23666	138	-138.0	138	23666	138	-138.0	138	23666	138	-138.0	138	23666	138	-138.0	138	23666	138	-138.0	138	23666	138	-138.0	138	23666	138	-138.0	138	23666	138	-138.0	138	23666	138	-138.0	138	23666	138	-138.0	138	23666
139	-138.0	138	23804	139	-138.0	138	23804	139	-138.0	138	23804	139	-138.0	138	23804	139	-138.0	138	23804	139	-138.0	138	23804	139	-138.0	138	23804	139	-138.0	138	23804	139	-138.0	138	23804	139	-138.0	138	23804	139	-138.0	138	23804	139	-138.0	138	23804	139	-138.0	138	23804	139	-138.0	138	23804
140	-156.0	156	23960	140	-156.0	156	23960	140	-156.0	156	23960	140	-156.0	156	23960	140	-156.0	156	23960	140	-156.0	156	23960	140	-156.0	156	23960	140	-156.0	156	23960	140	-156.0	156	23960	140	-156.0	156	23960	140	-156.0	156	23960	140	-156.0	156	23960	140	-156.0	156	23960	140	-156.0	156	23960
141	-149.0	149	24109	141	-149.0	149	24109	141	-149.0	149	24109	141	-149.0	149	24109	141	-149.0	149	24109	141	-149.0	149	24109	141	-149.0	149	24109	141	-149.0	149	24109	141	-149.0	149	24109	141	-149.0	149	24109	141	-149.0	149	24109	141	-149.0	149	24109	141	-149.0	149	24109	141	-149.0	149	24109
142	-143.0	143	24252	142	-143.0	143	24252	142	-143.0	143	24252	142	-143.0	143	24252	142	-143.0	143	24252	142	-143.0	143	24252	142	-143.0	143	24252	142	-143.0	143	24252	142	-143.0	143	24252	142	-143.0	143	24252	142	-143.0	143	24252	142	-143.0	143	24252	142	-143.0	143	24252	142	-143.0	143	24252
143	-138.0	138	24390	143	-138.0	138	24390	143	-138.0	138	24390	143	-138.0	138	24390	143	-138.0	138	24390	143	-138.0	138	24390	143	-138.0	138	24390	143	-138.0	138	24390	143	-138.0	138	24390	143	-138.0	138	24390	143	-138.0	138	24390	143	-138.0	138	24390	143	-138.0	138	24390	143	-138.0	138	24390
144	-136.0	136	24526	144	-136.0	136	24526	144	-136.0	136	24526	144	-136.0	136	24526	144	-136.0	136	24526	144	-136.0	136	24526	144	-136.0	136	24526	144	-136.0	136	24526	144	-136.0	136	24526	144	-136.0	136	24526	144	-136.0	136	24526	144	-136.0	136	24526	144	-136.0	136	24526	144	-136.0	136	24526
145	-131.0	131	24657	145	-131.0	131	24657	145	-131.0	131	24657	145	-131.0	131	24657	145	-131.0	131	24657	145	-131.0	131	24657	145	-131.0	131	24657	145	-131.0	131	24657	145	-131.0	131	24657	145	-131.0	131	24657	145	-131.0	131	24657	145	-131.0	131	24657	145	-131.0	131	24657	145	-131.0	131	24657
146	-142.0	142	24799	146	-142.0	142	24799	146	-142.0	142	24799	146	-142.0	142	24799	146	-142.0	142	24799	146	-142.0	142	24799	146	-142.0	142	24799	146	-142.0	142	24799	146	-142.0	142	24799	146	-142.0	142	24799	146	-142.0	142	24799	146	-142.0	142	24799	146	-142.0	142	24799	146	-142.0	142	24799
147	-118.0	118	24917	147	-118.0	118	24917	147	-118.0	118	24917	147	-118.0	118	24917	147	-118.0	118	24917	147	-118.0	118	24917	147	-118.0	118	24917	147	-118.0	118	24917	147	-118.0	118	24917	147	-118.0	118	24917	147	-118.0	118	24917	147	-118.0	118	24917	147	-118.0	118	24917	147	-118.0	118	24917
148	-148.0	148	25065	148	-148.0	148	25065	148	-148.0	148	25065	148	-148.0	148	25065	148	-148.0	148	25065	148	-148.0	148	25065	148	-148.0	148	25065	148	-148.0	148	25065	148	-148.0	148	25065	148	-148.0	148	25065	148	-148.0	148	25065	148	-148.0	148	25065	148	-148.0	148	25065	148	-148.0	148	25065
149	-161.0	161	25226	149	-161.0	161	25226	149	-161.0	161	25226	149	-161.0	161	25226	149	-161.0	161	25226	149	-161.0	161	25226	149	-161.0	161	25226	149	-161.0	161	25226	149	-161.0	161	25226	149	-161.0	161	25226	149	-161.0	161	25226	149	-161.0	161	25226	149	-161.0	161	25226	149	-161.0	161	25226
150	-153.0	153	25379	150	-153.0	153	25379	150	-153.0	153	25379	150	-153.0	153	25379	150	-153.0	153	25379	150	-153.0	153	25379	150	-153.0	153	25379	150	-153.0	153	25379	150	-153.0	153	25379	150	-153.0	153	25379	150	-153.0	153	25379	150	-153.0	153	25379	150	-153.0	153	25379	150	-153.0	153	25379
151	-110.0	110	25489	151	-110.0	110	25489	151	-110.0	110	25489	151	-110.0	110	25489	151	-110.0	110	25489	151	-110.0	110	25489	151	-110.0	110	25489	151	-110.0	110	25489	151	-110.0	110	25489	151	-110.0	110	25489	151	-110.0	110	25489	151	-110.0	110	25489	151	-110.0	110	25489	151	-110.0	110	25489
152	-108.0	108	25597	152	-108.0	108	25597	152	-108.0	108	25597	152	-108.0	108	25597	152	-108.0	108	25597	152	-108.0	108	25597	152	-108.0	108	25597	152	-108.0	108	25597	152	-108.0	108	25597	152	-108.0	108	25597	152	-108.0	108	25597	152	-108.0	108	25597	152	-108.0	108	25597	152	-108.0	108	25597
153	-149.0	149	25746	153	-149.0	149	25746	153	-149.0	149	25746	153	-149.0	149	25746	153	-149.0	149	25746	153	-149.0	149	25746	153	-149.0	149	25746	153	-149.0	149	25746	153	-149.0	149	25746	153	-149.0	149	25746	153	-149.0	149	25746	153	-149.0	149	25746	153	-149.0	149	25746	153	-149.0	149	25746
154	-109.0	109	25855	154	-109.0	109	25855	154	-109.0	109	25855	154	-109.0	109	25855	154	-109.0	109	25855	154	-109.0	109	25855	154	-109.0	109	25855	154	-109.0	109	25855	154	-109.0	109	25855	154	-109.0	109	25855	154	-109.0	109	25855	154	-109.0	109	25855	154	-109.0	109	25855	154	-109.0	109	25855
155	-158.0	158	26013	155	-158.0	158	26013	155	-158.0	158	26013	155	-158.0	158	26013	155	-158.0	158	26013	155	-158.0	158	26013	155	-158.0	158	26013	155	-158.0	158	26013	155	-158.0	158	26013	155	-158.0	158	26013	155	-158.0	158	26013	155	-158.0	158	26013	155	-158.0	158	26013	155	-158.0	158	26013
156	-118.0	118	26131	156	-118.0	118	26131	156	-118.0	118	26131	156	-118.0	118	26131	156	-118.0	118	26131	156	-118.0	118	26131	156	-118.0	118	26131	156	-118.0	118	26131	156	-118.0	118	26131	156	-118.0	118	26131	156	-118.0	118	26131	156	-118.0	118	26131	156	-118.0	118	26131	156	-118.0	118	26131
157	-107.0	107	26238	157	-107.0	107	26238	157	-107.0	107	26238	157	-107.0	107	26238	157	-107.0	107	26238	157	-107.0	107	26238	157	-107.0	107	26238	157	-107.0	107	26238	157	-107.0	107	26238	157	-107.0	107	26238	157	-107.0	107	26238	157	-107.0	107	26238	157	-107.0	107	26238	157	-107.0	107	26238
158	-110.0	110	26348	158	-110.0	110	26348	158	-110.0	110	26348	158	-110.0	110	26348	158	-110.0	110	26348	158	-110.0	110	26348	158	-110.0	110	26348	158	-110.0	110	26348	158	-110.0	110	26348	158	-110.0	110	26348	158	-110.0	110	26348	158	-110.0	110	26348	158	-110.0	110	26348	158	-110.0	110	26348
159	-108.0	108	26456	159	-108.0	108	26456	159	-108.0	108	26456	159	-108.0	108	26456	159	-108.0	108	26456	159	-108.0	108	26456	159	-108.0	108	26456	159	-108.0	108	26456	159	-108.0	108	26456	159	-108.0	108	26456	159	-108.0	108	26456	159	-108.0	108	26456	159	-108.0	108	26456	159	-108.0	108	26456
160	-105.0	105	26561	160	-105.0	105	26561	160	-105.0	105	26561	160	-105.0	105	26561	160	-105.0	105	26561	160	-105.0	105	26561	160	-105.0	105	26561	160	-105.0	105	26561	160	-105.0	105	26561	160	-105.0	105	26561	160	-105.0	105	26561	160	-105.0	105	26561	160	-105.0	105	26561	160	-105.0	105	26561
161	-89.0	89	26650	161	-89.0	89	26650	161	-89.0	89	26650	161	-89.0	89	26650	161	-89.0	89	26650	161	-89.0	89	26650	161	-89.0	89	26650	161	-89.0	89	26650	161	-89.0	89	26650	161	-89.0	89	26650	161	-89.0	89	26650	161	-89.0	89	26650	161	-89.0	89	26650	161	-89.0	89	26650
162	-107.0	107	26757	162	-107.0	107	26757	162	-107.0	107	26757	162	-107.0	107	26757	162	-107.0	107	26757	162	-107.0	107	26757	162	-107.0	107	26757	162	-107.0	107	26757	162	-107.0	107	26757	162	-107.0	107	26757	162	-107.0	107	26757	162	-107.0	107	26757	162	-107.0	107	26757	162	-107.0	107	26757
163	-108.0	108	26865	163	-108.0	108	26865	163	-108.0	108	26865	163	-108.0	108	26865	163	-108.0	108	26865	163	-108.0	108	26865	163	-108.0	108	26865	163	-108.0	108	26865	163	-108.0	108	26865	163	-108.0	108	26865	163	-108.0	108	26865	163	-108.0	108	26865	163	-108.0	108	26865	163	-108.0	108	26865
164	-106.0	106	26971	164	-106.0	106	26971	164	-106.0	106	26971	164	-106.0	106	26971	164	-106.0	106	26971	164	-106.0	106	26971	164	-106.0	106	26971	164	-106.0	106	26971	164	-106.0	106	26971	164	-106.0	106	26971	164	-106.0	106	26971	164	-106.0	106	26971	164	-106.0	106	26971	164	-106.0	106	26971
165	-87.0	87	27058	165	-87.0	87	27058	165	-87.0	87	27058	165	-87.0	87	27058	165	-87.0	87	27058	165	-87.0	87	27058	165	-87.0	87	27058	165	-87.0	87	27058	165	-87.0	87	27058	165	-87.0	87	27058	165	-87.0	87	27058	165	-87.0	87	27058	165	-87.0	87	27058	165	-87.0	87	27058
166	-103.0	103	27161	166	-103.0	103	27161	166	-103.0	103	27161	166	-103.0	103	27161	166	-103.0	103	27161	166	-103.0	103	27161	166	-103.0	103	27161	166	-103.0	103	27161	166	-103.0	103	27161	166	-103.0	103	27161	166	-103.0	103	27161	166	-103.0	103	27161	166	-103.0	103	27161	166	-103.0	103	27161
167	-108.0	108	27269	167	-108.0	108	27269	167	-108.0	108	27269	167	-108.0	108	27269	167	-108.0	108	27269	167	-108.0	108	27269	167	-108.0	108	27269	167	-108.0	108	27269	167	-108.0	108	27269	167	-108.0	108	27269	167	-108.0	108	27269	167	-108.0	108	27269	167	-108.0	108	27269	167	-108.0	108	27269
168	-103.0	103	27372	168	-103.0	103	27372	168	-103.0	103	27372	168	-103.0	103	27372	168	-103.0	103	27372	168	-103.0	103	27372	168	-103.0	103	27372	168	-103.0	103	27372	168	-103.0	103	27372	168	-103.0	103	27372	168	-103.0	103	27372	168	-103.0	103	27372	168	-103.0	103	27372	168	-103.0	103	27372
169	-110.0	110	27482	169	-110.0	110	27482	169	-110.0	110	27482	169	-110.0	110	27482	169	-110.0	110	27482	169	-110.0	110	27482	169	-110.0	110	27482	169	-110.0	110	27482	169	-110.0	110	27482	169	-110.0	110	27482	169	-110.0	110	27482	169	-110.0	110	27482	169	-110.0	110	27482	169	-110.0	110	27482
170	-99.0	99	27581	170	-99.0	99	27581	170	-99.0	99	27581	170	-99.0	99	27581	170	-99.0	99	27581	170	-99.0	99	27581	170	-99.0	99	27581	170	-99.0	99	27581	170	-99.0	99	27581	170	-99.0	99	27581	170	-99.0	99	27581	170	-99.0	99	27581	170	-99.0	99	27581	170	-99.0	99	27581
171	-100.0	100	27681	171	-100.0	100	27681	171	-100.0	100	27681	171	-100.0	100	27681	171	-100.0	100	27681	171	-100.0	100	27681	171	-100.0	100	27681	171	-100.0	100	27681	171	-100.0	100	27681	171	-100.0	100	27681	171	-100.0	100	27681	171	-100.0	100	27681	171	-100.0	100	27681	171	-100.0	100	27681
172	-90.0	90	27771	172	-90.0	90	27771	172	-90.0	90	27771	172	-90.0	90	27771	172	-90.0	90	27771	172	-90.0	90	27771	172	-90.0	90	27771	172	-90.0	90	27771	172	-90.0	90	27771	172	-90.0	90	27771	172	-90.0	90	27771	172	-90.0	90	27771	172	-90.0	90	27771	172	-90.0	90	27771
173	-169.0	169	27940	173	-169.0	169	27940	173	-169.0	169	27940	173	-169.0	169	27940	173	-169.0	169	27940	173	-169.0	169	27940	173	-169.0	169	27940	173	-169.0	169	27940	173	-169.0	169	27940	173	-169.0	169	27940	173	-169.0	169	27940	173	-169.0	169	27940	173	-169.0	169	27940	173	-169.0	169	27940
174	-151.0	151	28091	174	-151.0	151	28091	174	-151.0	151	28091	174	-151.0	151	28091	174	-151.0	151	28091	174	-151.0	151	28091	174	-151.0	151	28091	174	-151.0	151	28091	174	-151.0	151	28091	174	-151.0	151	28091	174	-151.0	151	28091	174	-151.0	151	28091	174	-151.0	151	28091	174	-151.0	151	28091
175	-147.0	147	28238	175	-147.0	147	28238	175	-147.0	147	28238	175	-147.0	147	28238	175	-147.0	147	28238	175	-147.0	147	28238	175	-147.0	147	28238	175	-147.0	147	28238	175	-147.0	147	28238	175	-147.0	147	28238	175	-147.0	147	28238	175	-147.0	147	28238	175	-147.0	147	28238	175	-147.0	147	28238
176	-133.0	133	28371	176	-133.0	133	28371	176	-133.0	133	28371	176	-133.0	133	28371	176	-133.0	133	28371	176	-133.0	133	28371	176	-133.0	133	28371	176	-133.0	133	28371	176	-133.0	133	28371	176	-133.0	133	28371	176	-133.0	133	28371	176	-133.0	133	28371	176	-133.0	133	28371	176	-133.0	133	28371
177	-145.0	145	28516	177	-145.0	145	28516	177	-145.0	145	28516	177	-145.0	145	28516	177	-145.0	145	28516	177	-145.0	145	28516	177	-145.0	145	28516	177	-145.0	145	28516	177	-145.0	145	28516	177	-145.0	145	28516	177	-145.0	145	28516	177	-145.0	145	28516	177	-145.0	145	28516	177	-145.0	145	28516
178	-129.0	129	28645	178	-129.0	129	28645	178	-129.0	129	28645	178	-129.0	129	28645	178	-129.0	129	28645	178	-129.0	129	28645	178	-129.0	129	28645	178	-129.0	129	28645	178	-129.0	129	28645	178	-129.0	129	28645	178	-129.0	129	28645	178	-129.0	129	28645	178	-129.0	129	28645	178	-129.0	129	28645
179	-110.0	110	28755	179	-110.0	110	28755	179	-110.0	110	28755	179	-110.0	110	28755	179	-110.0	110	28755	179	-110.0	110	28755	179	-110.0	110	28755	179	-110.0	110	28755	179	-110.0	110	28755	179	-110.0	110	28755	179	-110.0	110	28755	179	-110.0	110	28755	179	-110.0	110	28755	179	-110.0	110	28755
180	-85.0	85	28840	180	-85.0	85	28840	180	-85.0	85	28840	180	-85.0	85	28840	180	-85.0	85	28840	180	-85.0	85	28840	180	-85.0	85	28840	180	-85.0	85	28840	180	-85.0	85	28840	180	-85.0	85	28840	180	-85.0	85	28840	180	-85.0	85	28840	180	-85.0	85	28840	180	-85.0	85	28840
181	-111.0	111	28951	181	-111.0	111	28951	181	-111.0	111	28951	181	-111.0	111	28951	181	-111.0	111	28951	181	-111.0	111	28951	181	-111.0	111	28951	181	-111.0	111	28951	181	-111.0	111	28951	181	-111.0	111	28951	181	-111.0	111	28951	181	-111.0	111	28951	181	-111.0	111	28951	181	-111.0	111	28951
182	-153.0	153	29104	182	-153.0	153	29104	182	-153.0	153	29104	182	-153.0	153	29104	182	-153.0	153	29104	182	-153.0	153	29104	182	-153.0	153	29104	182	-153.0	153	29104	182	-153.0	153	29104	182	-153.0	153	29104	182	-153.0	153	29104	182	-153.0	153	29104	182	-153.0	153	29104	182	-153.0	153	29104
183	-146.0	146	29250	183	-146.0	146	29250	183	-146.0	146	29250	183	-146.0	146	29250	183	-146.0	146	29250	183	-146.0	146	29250	183	-146.0	146	29250	183	-146.0	146	29250	183	-146.0	146	29250	183	-146.0	146	29250	183	-146.0	146	29250	183	-146.0	146	29250	183	-146.0	146	29250	183	-146.0	146	29250
184	-142.0	142	29392	184	-142.0	142	29392	184	-142.0	142	29392	184	-142.0	142	29392	184	-142.0	142	29392	184	-142.0	142	29392	184	-142.0	142	29392	184	-142.0	142	29392	184	-142.0	142	29392	184	-142.0	142	29392	184	-142.0	142	29392	184	-142.0	142	29392	184	-142.0	142	29392	184	-142.0	142	29392
185	-99.0	99	29491	185	-99.0	99	29491	185	-99.0	99	29491	185	-99.0	99	29491	185	-99.0	99	29491	185	-99.0	99	29491	185	-99.0	99	29491	185	-99.0	99	29491	185	-99.0	99	29491	185	-99.0	99	29491	185	-99.0	99	29491	185	-99.0	99	29491	185	-99.0	99	29491	185	-99.0	99	29491
186	-147.0	147	29638	186	-147.0	147	29638	186	-147.0	147	29638	186	-147.0	147	29638	186	-147.0	147	29638	186	-147.0	147	29638	186	-147.0	147	29638	186	-147.0	147	29638	186	-147.0	147	29638	186	-147.0	147	29638	186	-147.0	147	29638	186	-147.0	147	29638	186	-147.0	147	29638	186	-147.0	147	29638
187	-139.0	139	29777	187	-139.0	139	29777	187	-139.0	139	29777	187	-139.0	139	29777	187	-139.0	139	29777	187	-139.0	139	29777	187	-139.0	139	29777	187	-139.0	139	29777	187	-139.0	139	29777	187	-139.0	139	29777	187	-139.0	139	29777	187	-139.0	139	29777	187	-139.0	139	29777	187	-139.0	139	29777
188	-143.0	143	29920	188	-143.0	143	29920	188	-143.0	143	29920	188	-143.0	143	29920	188	-143.0	143	29920	188	-143.0	143	29920	188	-143.0	143	29920	188	-143.0	143	29920	188	-143.0	143	29920	188	-143.0	143	29920	188	-143.0	143	29920	188	-143.0	143	29920	188	-143.0	143	29920	188	-143.0	143	29920
189	-108.0	108	30028	189	-108.0	108	30028	189	-108.0	108	30028	189	-108.0	108	30028	189	-108.0	108	30028	189	-108.0	108	30028	189	-108.0	108	30028	189	-108.0	108	30028	189	-108.0	108	30028	189	-108.0	108	30028	189	-108.0	108	30028	189	-108.0	108	30028	189	-108.0	108	30028	189	-108.0	108	30028
190	-135.0	135	30163	190	-135.0	135	30163	190	-135.0	135	30163	190	-135.0	135	30163	190	-135.0	135	30163	190	-135.0	135	30163	190	-135.0	135	30163	190	-135.0	135	30163	190	-135.0	135	30163	190	-135.0	135	30163	190	-135.0	135	30163	190	-135.0	135	30163	190	-135.0	135	30163	190	-135.0	135	30163
191	-123.0	123	30286	191	-123.0	123	30286	191	-123.0	123	30286	191	-123.0	123	30286	191	-123.0	123	30286	191	-123.0	123	30286	191	-123.0	123	30286	191	-123.0	123	30286	191	-123.0	123	30286	191	-123.0	123	30286	191	-123.0	123	30286	191	-123.0	123	30286	191	-123.0	123	30286	191	-123.0	123	30286
192	-146.0	146	30432	192	-146.0	146	30432	192	-146.0	146	30432	192	-146.0	146	30432	192	-146.0	146	30432	192	-146.0	146	30432	192	-146.0	146	30432	192	-146.0	146	30432	192	-146.0	146	30432	192	-146.0	146	30432	192	-146.0	146	30432	192	-146.0	146	30432	192	-146.0	146	30432	192	-146.0	146	30432
193	-140.0	140	30572	193	-140.0	140	30572	193	-140.0	140	30572	193	-140.0	140	30572	193	-140.0	140	30572	193	-140.0	140	30572	193	-140.0	140	30572	193	-140.0	140	30572	193	-140.0	140	30572	193	-140.0	140	30572	193	-140.0	140	30572	193	-140.0	140	30572	193	-140.0	140	30572	193	-140.0	140	30572
194	-141.0	141	30713	194	-141.0	141	30713	194	-141.0	141	30713	194	-141.0	141	30713	194	-141.0	141	30713	194	-141.0	141	30713	194	-141.0	141	30713	194	-141.0	141	30713	194	-141.0	141	30713	194	-141.0	141	30713	194	-141.0	141	30713	194	-141.0	141	30713	194	-141.0	141	30713	194	-141.0	141	30713
195	-118.0	118	30831	195	-118.0	118	30831	195	-118.0	118	30831	195	-118.0	118	30831	195	-118.0	118	30831	195	-118.0	118	30831	195	-118.0	118	30831	195	-118.0	118	30831	195	-118.0	118	30831	195	-118.0	118	30831	195	-118.0	118	30831	195	-118.0	118	30831	195	-118.0	118	30831	195	-118.0	118	30831
196	-143.0	143	30974	196	-143.0	143	30974	196	-143.0	143	30974	196	-143.0	143	30974	196	-143.0	143	30974	196	-143.0	143	30974	196	-143.0	143	30974	196	-143.0	143	30974	196	-143.0	143	30974	196	-143.0	143	30974	196	-143.0	143	30974	196	-143.0	143	30974	196	-143.0	143	30974	196	-143.0	143	30974
197	-146.0	146	31120	197	-146.0	146	31120	197	-146.0	146	31120	197	-146.0	146	31120	197	-146.0	146	31120	197	-146.0	146	31120	197	-146.0	146	31120	197	-146.0	146	31120	197	-146.0	146	31120	197	-146.0	146	31120	197	-146.0	146	31120	197	-146.0	146	31120	197	-146.0	146	31120	197	-146.0	146	31120
198	-154.0	154	31274	198	-154.0	154	31274	198	-154.0	154	31274	198	-154.0	154	31274	198	-154.0	154	31274	198	-154.0	154	31274	198	-154.0	154	31274	198	-154.0	154	31274	198	-154.0	154	31274	198	-154.0	154	31274	198	-154.0	154	31274	198	-154.0	154	31274	198	-154.0	154	31274	198	-154.0	154	31274
199	-152.0	152	31426	199	-152.0	152	31426	199	-152.0	152	31426	199	-152.0	152	31426	199	-152.0	152	31426	199	-152.0	152	31426	199	-152.0	152	31426	199	-152.0	152	31426	199	-152.0	152	31426	199	-152.0	152	31426	199	-152.0	152	31426	199	-152.0	152	31426	199	-152.0	152	31426	199	-152.0	152	31426
200	-158.0	158	31584	200	-158.0	158	31584	200	-158.0	158	31584	200	-158.0	158	31584	200	-158.0	158	31584	200	-158.0	158	31584	200	-158.0	158	31584	200	-158.0	158	31584	200	-158.0	158	31584	200	-158.0	158	31584	200	-158.0	158	31584	200	-158.0	158	31584	200	-158.0	158	31584	200	-158.0	158	31584
201	-142.0	142	31726	201	-142.0	142	31726	201	-142.0	142	31726	201	-142.0	142	31726	201	-142.0	142	31726	201	-142.0	142	31726	201	-142.0	142	31726	201	-142.0	142	31726	201	-142.0	142	31726	201	-142.0	142	31726	201	-142.0	142	31726	201	-142.0	142	31726	201	-142.0	142	31726	201	-142.0	142	31726
202	-134.0	134	31860	202	-134.0	134	31860	202	-134.0	134	31860	202	-134.0	134	31860	202	-134.0	134	31860	202	-134.0	134	31860	202	-134.0	134	31860	202	-134.0	134	31860	202	-134.0	134	31860	202	-134.0	134	31860	202	-134.0	134	31860	202	-134.0	134	31860	202	-134.0	134	31860	202	-134.0	134	31860
203	-136.0	136	31996	203	-136.0	136	31996	203	-136.0	136	31996	203	-136.0	136	31996	203	-136.0	136	31996	203	-136.0	136	31996	203	-136.0	136	31996	203	-136.0	136	31996	203	-136.0	136	31996	203	-136.0	136	31996	203	-136.0	136	31996	203	-136.0	136	31996	203	-136.0	136	31996	203	-136.0	136	31996
204	-138.0	138	32134	204	-138.0	138	32134	204	-138.0	138	32134	204	-138.0	138	32134	204	-138.0	138	32134	204	-138.0	138	32134	204	-138.0	138	32134	204	-138.0	138	32134	204	-138.0	138	32134	204	-138.0	138	32134	204	-138.0	138	32134	204	-138.0	138	32134	204	-138.0	138	32134	204	-138.0	138	32134
205	-145.0	145	32279	205	-145.0	145	32279	205	-145.0	145	32279	205	-145.0	145	32279	205	-145.0	145	32279	205	-145.0	145	32279	205	-145.0	145	32279	205	-145.0	145	32279	205	-145.0	145	32279	205	-145.0	145	32279	205	-145.0	145	32279	205	-145.0	145	32279	205	-145.0	145	32279	205	-145.0	145	32279
206	-138.0	138	32417	206	-138.0	138	32417	206	-138.0	138	32417	206	-138.0	138	32417	206	-138.0	138	32417	206	-138.0	138	32417	206	-138.0	138	32417	206	-138.0	138	32417	206	-138.0	138	32417	206	-138.0	138	32417	206	-138.0	138	32417	206	-138.0	138	32417	206	-138.0	138	32417	206	-138.0	138	32417
207	-181.0	181	32598	207	-181.0	181	32598	207	-181.0	181	32598	207	-181.0	181	32598	207	-181.0	181	32598	207	-181.0	181	32598	207	-181.0	181	32598	207	-181.0	181	32598	207	-181.0	181	32598	207	-181.0	181	32598	207	-181.0	181	32598	207	-181.0	181	32598	207	-181.0	181	32598	207	-181.0	181	32598
208	-169.0	169	32767	208	-169.0	169	32767	208	-169.0	169	32767	208	-169.0	169	32767	208	-169.0	169	32767	208	-169.0	169	32767	208	-169.0	169	32767	208	-169.0	169	32767	208	-169.0	169	32767	208	-169.0	169	32767	208	-169.0	169	32767	208	-169.0	169	32767	208	-169.0	169	32767	208	-169.0	169	32767
209	-161.0	161	32928	209	-161.0	161	32928	209	-161.0	161	32928	209	-161.0	161	32928	209	-161.0	161	32928	209	-161.0	161	32928	209	-161.0	161	32928	209	-161.0	161	32928	209	-161.0	161	32928	209	-161.0	161	32928	209	-161.0	161	32928	209	-161.0	161	32928	209	-161.0	161	32928	209	-161.0	161	32928
210	-137.0	137	33065	210	-137.0	137	33065	210	-137.0	137	33065	210	-137.0	137	33065	210	-137.0	137	33065	210	-137.0	137	33065	210	-137.0	137	33065	210	-137.0	137	33065	210	-137.0	137	33065	210	-137.0	137	33065	210	-137.0	137	33065	210	-137.0	137	33065	210	-137.0	137	33065	210	-137.0	137	33065
211	-136.0	136	33201	211	-136.0	136	33201	211	-136.0	136	33201	211	-136.0	136	33201	211	-136.0	136	33201	211	-136.0	136	33201	211	-136.0	136	33201	211	-136.0	136	33201	211	-136.0	136	33201	211	-136.0	136	33201	211	-136.0	136	33201	211	-136.0	136	33201	211	-136.0	136	33201	211	-136.0	136	33201
212	-137.0	137	33338	212	-137.0	137	33338	212	-137.0	137	33338	212	-137.0	137	33338	212	-137.0	137	33338	212	-137.0	137	33338	212	-137.0	137	33338	212	-137.0	137	33338	212	-137.0	137	33338	212	-137.0	137	33338	212	-137.0	137	33338	212	-137.0	137	33338	212	-137.0	137	33338	212	-137.0	137	33338
213	-167.0	167	33505	213	-167.0	167	33505	213	-167.0	167	33505	213	-167.0	167	33505	213	-167.0	167	33505	213	-167.0	167	33505	213	-167.0	167	33505	213	-167.0	167	33505	213	-167.0	167	33505	213	-167.0	167	33505	213	-167.0	167	33505	213	-167.0	167	33505	213	-167.0	167	33505	213	-167.0	167	33505
214	-186.0	186	33691	214	-186.0	186	33691	214	-186.0	186	33691	214	-186.0	186	33691	214	-186.0	186	33691	214	-186.0	186	33691	214	-186.0	186	33691	214	-186.0	186	33691	214	-186.0	186	33691	214	-186.0	186	33691	214	-186.0	186	33691	214	-186.0	186	33691	214	-186.0	186	33691	214	-186.0	186	33691
215	-108.0	108	33799	215	-108.0	108	33799	215	-108.0	108	33799	215	-108.0	108	33799	215	-108.0	108	33799	215	-108.0	108	33799	215	-108.0	108	33799	215	-108.0	108	33799	215	-108.0	108	33799	215	-108.0	108	33799	215	-108.0	108	33799	215	-108.0	108	33799	215	-108.0	108	33799	215	-108.0	108	33799
216	-188.0	188	33987	216	-188.0	188	33987	216	-188.0	188	33987	216	-188.0	188	33987	216	-188.0	188	33987	216	-188.0	188	33987	216	-188.0	188	33987	216	-188.0	188	33987	216	-188.0	188	33987	216	-188.0	188	33987	216	-188.0	188	33987	216	-188.0	188	33987	216	-188.0	188	33987	216	-188.0	188	33987
217	-107.0	107	34094	217	-107.0	107	34094	217	-107.0	107	34094	217	-107.0	107	34094	217	-107.0	107	34094	217	-107.0	107	34094	217	-107.0	107	34094	217	-107.0	107	34094	217	-107.0	107	34094	217	-107.0	107	34094	217	-107.0	107	34094	217	-107.0	107	34094	217	-107.0	107	34094	217	-107.0	107	34094
218	-182.0	182	34276	218	-182.0	182	34276	218	-182.0	182	34276	218	-182.0	182	34276	218	-182.0	182	34276	218	-182.0	182	34276	218	-182.0	182	34276	218	-182.0	182	34276	218	-182.0	182	34276	218	-182.0	182	34276	218	-182.0	182	34276	218	-182.0	182	34276	218	-182.0	182	34276	218	-182.0	182	34276
219	-149.0	149	34425	219	-149.0	149	34425	219	-149.0	149	34425	219	-149.0	149	34425	219	-149.0	149	34425	219	-149.0	149	34425	219	-149.0	149	34425	219	-149.0	149	34425	219	-149.0	149	34425	219	-149.0	149	34425	219	-149.0	149	34425	219	-149.0	149	34425	219	-149.0	149	34425	219	-149.0	149	34425
220	-146.0	146	34571	220	-146.0	146	34571	220	-146.0	146	34571	220	-146.0	146	34571	220	-146.0	146	34571	220	-146.0	146	34571	220	-146.0	146	34571	220	-146.0	146	34571	220	-146.0	146	34571	220	-146.0	146	34571	220	-146.0	146	34571	220	-146.0	146	34571	220	-146.0	146	34571	220	-146.0	146	34571
221	-151.0	151	34722	221	-151.0	151	34722	221	-151.0	151	34722	221	-151.0	151	34722	221	-151.0	151	34722	221	-151.0	151	34722	221	-151.0	151	34722	221	-151.0	151	34722	221	-151.0	151	34722	221	-151.0	151	34722	221	-151.0	151	34722	221	-151.0	151	34722	221	-151.0	151	34722	221	-151.0	151	34722
222	-107.0	107	34829	222	-107.0	107	34829	222	-107.0	107	34829	222	-107.0	107	34829	222	-107.0	107	34829	222	-107.0	107	34829	222	-107.0	107	34829	222	-107.0	107	34829	222	-107.0	107	34829	222	-107.0	107	34829	222	-107.0	107	34829	222	-107.0	107	34829	222	-107.0	107	34829	222	-107.0	107	34829
223	-146.0	146	34975	223	-146.0	146	34975	223	-146.0	146	34975	223	-146.0	146	34975	223	-146.0	146	34975	223	-146.0	146	34975	223	-146.0	146	34975	223	-146.0	146	34975	223	-146.0	146	34975	223	-146.0	146	34975	223	-146.0	146	34975	223	-146.0	146	34975	223	-146.0	146	34975	223	-146.0	146	34975
224	-108.0	108	35083	224	-108.0	108	35083	224	-108.0	108	35083	224	-108.0	108	35083	224	-108.0	108	35083	224	-108.0	108	35083	224	-108.0	108	35083	224	-108.0	108	35083	224	-108.0	108	35083	224	-108.0	108	35083	224	-108.0	108	35083	224	-108.0	108	35083	224	-108.0	108	35083	224	-108.0	108	35083
225	-141.0	141	35224	225	-141.0	141	35224	225	-141.0	141	35224	225	-141.0	141	35224	225	-141.0	141	35224	225	-141.0	141	35224	225	-141.0	141	35224	225	-141.0	141	35224	225	-141.0	141	35224	225	-141.0	141	35224	225	-141.0	141	35224	225	-141.0	141	35224	225	-141.0	141	35224	225	-141.0	141	35224
226	-139.0	139	35363	226	-139.0	139	35363	226	-139.0	139	35363	226	-139.0	139	35363	226	-139.0	139	35363	226	-139.0	139	35363	226	-139.0	139	35363	226	-139.0	139	35363	226	-139.0	139	35363	226	-139.0	139	35363	226	-139.0	139	35363	226	-139.0	139	35363	226	-139.0	139	35363	226	-139.0	139	35363
227	-137.0	137	35500	227	-137.0	137	35500	227	-137.0	137	35500	227	-137.0	137	35500	227	-137.0	137	35500	227	-137.0	137	35500	227	-137.0	137	35500	227	-137.0	137	35500	227	-137.0	137	35500	227	-137.0	137	35500	227	-137.0	137	35500	227	-137.0	137	35500	227	-137.0	137	35500	227	-137.0	137	35500
228	-105.0	105	35605	228	-105.0	105	35605	228	-105.0	105	35605	228	-105.0	105	35605	228	-105.0	105	35605	228	-105.0	105	35605	228	-105.0	105	35605	228	-105.0	105	35605	228	-105.0	105	35605	228	-105.0	105	35605	228	-105.0	105	35605	228	-105.0	105	35605	228	-105.0	105	35605	228	-105.0	105	35605
229	-132.0	132	35737	229	-132.0	132	35737	229	-132.0	132	35737	229	-132.0	132	35737	229	-132.0	132	35737	229	-132.0	132	35737	229	-132.0	132	35737	229	-132.0	132	35737	229	-132.0	132	35737	229	-132.0	132	35737	229	-132.0	132	35737	229	-132.0	132	35737	229	-132.0	132	35737	229	-132.0	132	35737
230	-109.0	109	35846	230	-109.0	109	35846	230	-109.0	109	35846	230	-109.0	109	35846	230	-109.0	109	35846	230	-109.0	109	35846	230	-109.0	109	35846	230	-109.0	109	35846	230	-109.0	109	35846	230	-109.0	109	35846	230	-109.0	109	35846	230	-109.0	109	35846	230	-109.0	109	35846	230	-109.0	109	35846
231	-136.0	136	35982	231	-136.0	136	35982	231	-136.0	136	35982	231	-136.0	136	35982	231	-136.0	136	35982	231	-136.0	136	35982	231	-136.0	136	35982	231	-136.0	136	35982	231	-136.0	136	35982	231	-136.0	136	35982	231	-136.0	136	35982	231	-136.0	136	35982	231	-136.0	136	35982	231	-136.0	136	35982
232	-110.0	110	36092	232	-110.0	110	36092	232	-110.0	110	36092	232	-110.0	110	36092	232	-110.0	110	36092	232	-110.0	110	36092	232	-110.0	110	36092	232	-110.0	110	36092	232	-110.0	110	36092	232	-110.0	110	36092	232	-110.0	110	36092	232	-110.0	110	36092	232	-110.0	110	36092	232	-110.0	110	36092
233	-138.0	138	36230	233	-138.0	138	36230	233	-138.0	138	36230	233	-138.0	138	36230	233	-138.0	138	36230	233	-138.0	138	36230	233	-138.0	138	36230	233	-138.0	138	36230	233	-138.0	138	36230	233	-138.0	138	36230	233	-138.0	138	36230	233	-138.0	138	36230	233	-138.0	138	36230	233	-138.0	138	36230
234	-109.0	109	36339	234	-109.0	109	36339	234	-109.0	109	36339	234	-109.0	109	36339	234	-109.0	109	36339	234	-109.0	109	36339	234	-109.0	109	36339	234	-109.0	109	36339	234	-109.0	109	36339	234	-109.0	109	36339	234	-109.0	109	36339	234	-109.0	109	36339	234	-109.0	109	36339	234	-109.0	109	36339
235	-131.0	131	36470	235	-131.0	131	36470	235	-131.0	131	36470	235	-131.0	131	36470	235	-131.0	131	36470	235	-131.0	131	36470	235	-131.0	131	36470	235	-131.0	131	36470	235	-131.0	131	36470	235	-131.0	131	36470	235	-131.0	131	36470	235	-131.0	131	36470	235	-131.0	131	36470	235	-131.0	131	36470
236	-108.0	108	36578	236	-108.0	108	36578	236	-108.0	108	36578	236	-108.0	108	36578	236	-108.0	108	36578	236	-108.0	108	36578	236	-108.0	108	36578	236	-108.0	108	36578	236	-108.0	108	36578	236	-108.0	108	36578	236	-108.0	108	36578	236	-108.0	108	36578	236	-108.0	108	36578	236	-108.0	108	36578
237	-114.0	114	36692	237	-114.0	114	36692	237	-114.0	114	36692	237	-114.0	114	36692	237	-114.0	114	36692	237	-114.0	114	36692	237	-114.0	114	36692	237	-114.0	114	36692	237	-114.0	114	36692	237	-114.0	114	36692	237	-114.0	114	36692	237	-114.0	114	36692	237	-114.0	114	36692	237	-114.0	114	36692
238	-112.0	112	36804	238	-112.0	112	36804	238	-112.0	112	36804	238	-112.0	112	36804	238	-112.0	112	36804	238	-112.0	112	36804	238	-112.0	112	36804	238	-112.0	112	36804	238	-112.0	112	36804	238	-112.0	112	36804	238	-112.0	112	36804	238	-112.0	112	36804	238	-112.0	112	36804	238	-112.0	112	36804
239	-137.0	137	36941	239	-137.0	137	36941	239	-137.0	137	36941	239	-137.0	137	36941	239	-137.0	137	36941	239	-137.0	137	36941	239	-137.0	137	36941	239	-137.0	137	36941	239	-137.0	137	36941	239	-137.0	137	36941	239	-137.0	137	36941	239	-137.0	137	36941	239	-137.0	137	36941	239	-137.0	137	36941
240	-203.0	203	37144	240	-203.0	203	37144	240	-203.0	203	37144	240	-203.0	203	37144	240	-203.0	203	37144	240	-203.0	203	37144	240	-203.0	203	37144	240	-203.0	203	37144	240	-203.0	203	37144	240	-203.0	203	37144	240	-203.0	203	37144	240	-203.0	203	37144	240	-203.0	203	37144	240	-203.0	203	37144
241	-138.0	138	37282	241	-138.0	138	37282	241	-138.0	138	37282	241	-138.0	138	37282	241	-138.0	138	37282	241	-138.0	138	37282	241	-138.0	138	37282	241	-138.0	138	37282	241	-138.0	138	37282	241	-138.0	138	37282	241	-138.0	138	37282	241	-138.0	138	37282	241	-138.0	138	37282	241	-138.0	138	37282
242	-137.0	137	37419	242	-137.0	137	37419	242	-137.0	137	37419	242	-137.0	137	37419	242	-137.0	137	37419	242	-137.0	137	37419	242	-137.0	137	37419	242	-137.0	137	37419	242	-137.0	137	37419	242	-137.0	137	37419	242	-137.0	137	37419	242	-137.0	137	37419	242	-137.0	137	37419	242	-137.0	137	37419
243	-111.0	111	37530	243	-111.0	111	37530	243	-111.0	111	37530	243	-111.0	111	37530	243	-111.0	111	37530	243	-111.0	111	37530	243	-111.0	111	37530	243	-111.0	111	37530	243	-111.0	111	37530	243	-111.0	111	37530	243	-111.0	111	37530	243	-111.0	111	37530	243	-111.0	111	37530	243	-111.0	111	37530
244	-138.0	138	37668	244	-138.0	138	37668	244	-138.0	138	37668	244	-138.0	138	37668	244	-138.0	138	37668	244	-138.0	138	37668	244	-138.0	138	37668	244	-138.0	138	37668	244	-138.0	138	37668	244	-138.0	138	37668	244	-138.0	138	37668	244	-138.0	138	37668	244	-138.0	138	37668	244	-138.0	138	37668
245	-173.0	173	37841	245	-173.0	173	37841	245	-173.0	173	37841	245	-173.0	173	37841	245	-173.0	173	37841	245	-173.0	173	37841	245	-173.0	173	37841	245	-173.0	173	37841	245	-173.0	173	37841	245	-173.0	173	37841	245	-173.0	173	37841	245	-173.0	173	37841	245	-173.0	173	37841	245	-173.0	173	37841
246	-266.0	266	38107	246	-266.0	266	38107	246	-266.0	266	38107	246	-266.0	266	38107	246	-266.0	266	38107	246	-266.0	266	38107	246	-266.0	266	38107	246	-266.0	266	38107	246	-266.0	266	38107	246	-266.0	266	38107	246	-266.0	266	38107	246	-266.0	266	38107	246	-266.0	266	38107	246	-266.0	266	38107
247	-162.0	162	38269	247	-162.0	162	38269	247	-162.0	162	38269	247	-162.0	162	38269	247	-162.0	162	38269	247	-162.0	162	38269	247	-162.0	162	38269	247	-162.0	162	38269	247	-162.0	162	38269	247	-162.0	162	38269	247	-162.0	162	38269	247	-162.0	162	38269	247	-162.0	162	38269	247	-162.0	162	38269
248	-165.0	165	38434	248	-165.0	165	38434	248	-165.0	165	38434	248	-165.0	165	38434	248	-165.0	165	38434	248	-165.0	165	38434	248	-165.0	165	38434	248	-165.0	165	38434	248	-165.0	165	38434	248	-165.0	165	38434	248	-165.0	165	38434	248	-165.0	165	38434	248	-165.0	165	38434	248	-165.0	165	38434
249	-133.0	133	38567	249	-133.0	133	38567	249	-133.0	133	38567	249	-133.0	133	38567	249	-133.0	133	38567	249	-133.0	133	38567	249	-133.0	133	38567	249	-133.0	133	38567	249	-133.0	133	38567	249	-133.0	133	38567	249	-133.0	133	38567	249	-133.0	133	38567	249	-133.0	133	38567	249	-133.0	133	38567
250	-159.0	159	38726	250	-159.0	159	38726	250	-159.0	159	38726	250	-159.0	159	38726	250	-159.0	159	38726	250	-159.0	159	38726	250	-159.0	159	38726	250	-159.0	159	38726	250	-159.0	159	38726	250	-159.0	159	38726	250	-159.0	159	38726	250	-159.0	159	38726	250	-159.0	159	38726	250	-159.0	159	38726
251	-231.0	231	38957	251	-231.0	231	38957	251	-231.0	231	38957	251	-231.0	231	38957	251	-231.0	231	38957	251	-231.0	231	38957	251	-231.0	231	38957	251	-231.0	231	38957	251	-231.0	231	38957	251	-231.0	231	38957	251	-231.0	231	38957	251	-231.0	231	38957	251	-231.0	231	38957	251	-231.0	231	38957
252	-175.0	175	39132	252	-175.0	175	39132	252	-175.0	175	39132	252	-175.0	175	39132	252	-175.0	175	39132	252	-175.0	175	39132	252	-175.0	175	39132	252	-175.0	175	39132	252	-175.0	175	39132	252	-175.0	175	39132	252	-175.0	175	39132	252	-175.0	175	39132	252	-175.0	175	39132	252	-175.0	175	39132
253	-133.0	133	39265	253	-133.0	133	39265	253	-133.0	133	39265	253	-133.0	133	39265	253	-133.0	133	39265	253	-133.0	133	39265	253	-133.0	133	39265	253	-133.0	133	39265	253	-133.0	133	39265	253	-133.0	133	39265	253	-133.0	133	39265	253	-133.0	133	39265	253	-133.0	133	39265	253	-133.0	133	39265
254	-134.0	134	39399	254	-134.0	134	39399	254	-134.0	134	39399	254	-134.0	134	39399	254	-134.0	134	39399	254	-134.0	134	39399	254	-134.0	134	39399	254	-134.0	134	39399	254	-134.0	134	39399	254	-134.0	134	39399	254	-134.0	134	39399	254	-134.0	134	39399	254	-134.0	134	39399	254	-134.0	134	39399
255	-111.0	111	39510	255	-111.0	111	39510	255	-111.0	111	39510	255	-111.0	111	39510	255	-111.0	111	39510	255	-111.0	111	39510	255	-111.0	111	39510	255	-111.0	111	39510	255	-111.0	111	39510	255	-111.0	111	39510	255	-111.0	111	39510	255	-111.0	111	39510	255	-111.0	111	39510	255	-111.0	111	39510
256	-189.0	189	39699	256	-189.0	189	39699	256	-189.0	189	39699	256	-189.0	189	39699	256	-189.0	189	39699	256	-189.0	189	39699	256	-189.0	189	39699	256	-189.0	189	39699	256	-189.0	189	39699	256	-189.0	189	39699	256	-189.0	189	39699	256	-189.0	189	39699	256	-189.0	189	39699	256	-189.0	189	39699
257	-165.0	165	39864	257	-165.0	165	39864	257	-165.0	165	39864	257	-165.0	165	39864	257	-165.0	165	39864	257	-165.0	165	39864	257	-165.0	165	39864	257	-165.0	165	39864	257	-165.0	165	39864	257	-165.0	165	39864	257	-165.0	165	39864	257	-165.0	165	39864	257	-165.0	165	39864	257	-165.0	165	39864
258	-163.0	163	40027	258	-163.0	163	40027	258	-163.0	163	40027	258	-163.0	163	40027	258	-163.0	163	40027	258	-163.0	163	40027	258	-163.0	163	40027	258	-163.0	163	40027	258	-163.0	163	40027	258	-163.0	163	40027	258	-163.0	163	40027	258	-163.0	163	40027	258	-163.0	163	40027	258	-163.0	163	40027
259	-163.0	163	40190	259	-163.0	163	40190	259	-163.0	163	40190	259	-163.0	163	40190	259	-163.0	163	40190	259	-163.0	163	40190	259	-163.0	163	40190	259	-163.0	163	40190	259	-163.0	163	40190	259	-163.0	163	40190	259	-163.0	163	40190	259	-163.0	163	40190	259	-163.0	163	40190	259	-163.0	163	40190
260	-165.0	165	40355	260	-165.0	165	40355	260	-165.0	165	40355	260	-165.0	165	40355	260	-165.0	165	40355	260	-165.0	165	40355	260	-165.0	165	40355	260	-165.0	165	40355	260	-165.0	165	40355	260	-165.0	165	40355	260	-165.0	165	40355	260	-165.0	165	40355	260	-165.0	165	40355	260	-165.0	165	40355
261	-146.0	146	40501	261	-146.0	146	40501	261	-146.0	146	40501	261	-146.0	146	40501	261	-146.0	146	40501	261	-146.0	146	40501	261	-146.0	146	40501	261	-146.0	146	40501	261	-146.0	146	40501	261	-146.0	146	40501	261	-146.0	146	40501	261	-146.0	146	40501	261	-146.0	146	40501	261	-146.0	146	40501
262	-159.0	159	40660	262	-159.0	159	40660	262	-159.0	159	40660	262	-159.0	159	40660	262	-159.0	159	40660	262	-159.0	159	40660	262	-159.0	159	40660	262	-159.0	159	40660	262	-159.0	159	40660	262	-159.0	159	40660	262	-159.0	159	40660	262	-159.0	159	40660	262	-159.0	159	40660	262	-159.0	159	40660
263	-138.0	138	40798	263	-138.0	138	40798	263	-138.0	138	40798	263	-138.0	138	40798	263	-138.0	138	40798	263	-138.0	138	40798	263	-138.0	138	40798	263	-138.0	138	40798	263	-138.0	138	40798	263	-138.0	138	40798	263	-138.0	138	40798	263	-138.0	138	40798	263	-138.0	138	40798	263	-138.0	138	40798
264	-143.0	143	40941	264	-143.0	143	40941	264	-143.0	143	40941	264	-143.0	143	40941	264	-143.0	143	40941	264	-143.0	143	40941	264	-143.0	143	40941	264	-143.0	143	40941	264	-143.0	143	40941	264	-143.0	143	40941	264	-143.0	143	40941	264	-143.0	143	40941	264	-143.0	143	40941	264	-143.0	143	40941
265	-145.0	145	41086	265	-145.0	145	41086	265	-145.0	145	41086	265	-145.0	145	41086	265	-145.0	145	41086	265	-145.0	145	41086	265	-145.0	145	41086	265	-145.0	145	41086	265	-145.0	145	41086	265	-145.0	145	41086	265	-145.0	145	41086	265	-145.0	145	41086	265	-145.0	145	41086	265	-145.0	145	41086
266	-142.0	142	41228	266	-142.0	142	41228	266	-142.0	142	41228	266	-142.0	142	41228	266	-142.0	142	41228	266	-142.0	142	41228	266	-142.0	142	41228	266	-142.0	142	41228	266	-142.0	142	41228	266	-142.0	142	41228	266	-142.0	142	41228	266	-142.0	142	41228	266	-142.0	142	41228	266	-142.0	142	41228
267	-142.0	142	41370	267	-142.0	142	41370	267	-142.0	142	41370	267	-142.0	142	41370	267	-142.0	142	41370	267	-142.0	142	41370	267	-142.0	142	41370	267	-142.0	142	41370	267	-142.0	142	41370	267	-142.0	142	41370	267	-142.0	142	41370	267	-142.0	142	41370	267	-142.0	142	41370	267	-142.0	142	41370
268	-141.0	141	41511	268	-141.0	141	41511	268	-141.0	141	41511	268	-141.0	141	41511	268	-141.0	141	41511	268	-141.0	141	41511	268	-141.0	141	41511	268	-141.0	141	41511	268	-141.0	141	41511	268	-141.0	141	41511	268	-141.0	141	41511	268	-141.0	141	41511	268	-141.0	141	41511	268	-141.0	141	41511
269	-163.0	163	41674	269	-163.0	163	41674	269	-163.0	163	41674	269	-163.0	163	41674	269	-163.0	163	41674	269	-163.0	163	41674	269	-163.0	163	41674	269	-163.0	163	41674	269	-163.0	163	41674	269	-163.0	163	41674	269	-163.0	163	41674	269	-163.0	163	41674	269	-163.0	163	41674	269	-163.0	163	41674
270	-144.0	144	41818	270	-144.0	144	41818	270	-144.0	144	41818	270	-144.0	144	41818	270	-144.0	144	41818	270	-144.0	144	41818	270	-144.0	144	41818	270	-144.0	144	41818	270	-144.0	144	41818	270	-144.0	144	41818	270	-144.0	144	41818	270	-144.0	144	41818	270	-144.0	144	41818	270	-144.0	144	41818
271	-141.0	141	41959	271	-141.0	141	41959	271	-141.0	141	41959	271	-141.0	141	41959	271	-141.0	141	41959	271	-141.0	141	41959	271	-141.0	141	41959	271	-141.0	141	41959	271	-141.0	141	41959	271	-141.0	141	41959	271	-141.0	141	41959	271	-141.0	141	41959	271	-141.0	141	41959	271	-141.0	141	41959
272	-142.0	142	42101	272	-142.0	142	42101	272	-142.0	142	42101	272	-142.0	142	42101	272	-142.0	142	42101	272	-142.0	142	42101	272	-142.0	142	42101	272	-142.0	142	42101	272	-142.0	142	42101	272	-142.0	142	42101	272	-142.0	142	42101	272	-142.0	142	42101	272	-142.0	142	42101	272	-142.0	142	42101
273	-139.0	139	42240	273	-139.0	139	42240	273	-139.0	139	42240	273	-139.0	139	42240	273	-139.0	139	42240	273	-139.0	139	42240	273	-139.0	139	42240	273	-139.0	139	42240	273	-139.0	139	42240	273	-139.0	139	42240	273	-139.0	139	42240	273	-139.0	139	42240	273	-139.0	139	42240	273	-139.0	139	42240
274	-199.0	199	42439	274	-199.0	199	42439	274	-199.0	199	42439	274	-199.0	199	42439	274	-199.0	199	42439	274	-199.0	199	42439	274	-199.0	199	42439	274	-199.0	199	42439	274	-199.0	199	42439	274	-199.0	199	42439	274	-199.0	199	42439	274	-199.0	199	42439	274	-199.0	199	42439	274	-199.0	199	42439
275	-206.0	206	42645	275	-206.0	206	42645	275	-206.0	206	42645	275	-206.0	206	42645	275	-206.0	206	42645	275	-206.0	206	42645	275	-206.0	206	42645	275	-206.0	206	42645	275	-206.0	206	42645	275	-206.0	206	42645	275	-206.0	206	42645	275	-206.0	206	42645	275	-206.0	206	42645	275	-206.0	206	42645
276	-235.0	235	42880	276	-235.0	235	42880	276	-235.0	235	42880	276	-235.0	235	42880	276	-235.0	235	42880	276	-235.0	235	42880	276	-235.0	235	42880	276	-235.0	235	42880	276	-235.0	235	42880	276	-235.0	235	42880	276	-235.0	235	42880	276	-235.0	235	42880	276	-235.0	235	42880	276	-235.0	235	42880
277	-111.0	111	42991	277	-111.0	111	42991	277	-111.0	111	42991	277	-111.0	111	42991	277	-111.0	111	42991	277	-111.0	111	42991	277	-111.0	111	42991	277	-111.0	111	42991	277	-111.0	111	42991	277	-111.0	111	42991	277	-111.0	111	42991	277	-111.0	111	42991	277	-111.0	111	42991	277	-111.0	111	42991
278	-149.0	149	43140	278	-149.0	149	43140	278	-149.0	149	43140	278	-149.0	149	43140	278	-149.0	149	43140	278	-149.0	149	43140	278	-149.0	149	43140	278	-149.0	149	43140	278	-149.0	149	43140	278	-149.0	149	43140	278	-149.0	149	43140	278	-149.0	149	43140	278	-149.0	149	43140	278	-149.0	149	43140
279	-141.0	141	43281	279	-141.0	141	43281	279	-141.0	141	43281	279	-141.0	141	43281	279	-141.0	141	43281	279	-141.0	141	43281	279	-141.0	141	43281	279	-141.0	141	43281	279	-141.0	141	43281	279	-141.0	141	43281	279	-141.0	141	43281	279	-141.0	141	43281	279	-141.0	141	43281	279	-141.0	141	43281
280	-105.0	105	43386	280	-105.0	105	43386	280	-105.0	105	43386	280	-105.0	105	43386	280	-105.0	105	43386	280	-105.0	105	43386	280	-105.0	105	43386	280	-105.0	105	43386	280	-105.0	105	43386	280	-105.0	105	43386	280	-105.0	105	43386	280	-105.0	105	43386	280	-105.0	105	43386	280	-105.0	105	43386
281	-104.0	104	43490	281	-104.0	104	43490	281	-104.0	104	43490	281	-104.0	104	43490	281	-104.0	104	43490	281	-104.0	104	43490	281	-104.0	104	43490	281	-104.0	104	43490	281	-104.0	104	43490	281	-104.0	104	43490	281	-104.0	104	43490	281	-104.0	104	43490	281	-104.0	104	43490	281	-104.0	104	43490
282	-105.0	105	43595	282	-105.0	105	43595	282	-105.0	105	43595	282	-105.0	105	43595	282	-105.0	105	43595	282	-105.0	105	43595	282	-105.0	105	43595	282	-105.0	105	43595	282	-105.0	105	43595	282	-105.0	105	43595	282	-105.0	105	43595	282	-105.0	105	43595	282	-105.0	105	43595	282	-105.0	105	43595
283	-165.0	165	43760	283	-165.0	165	43760	283	-165.0	165	43760	283	-165.0	165	43760	283	-165.0	165	43760	283	-165.0	165	43760	283	-165.0	165	43760	283	-165.0	165	43760	283	-165.0	165	43760	283	-165.0	165	43760	283	-165.0	165	43760	283	-165.0	165	43760	283	-165.0	165	43760	283	-165.0	165	43760
284	-139.0	139	43899	284	-139.0	139	43899	284	-139.0	139	43899	284	-139.0	139	43899	284	-139.0	139	43899	284	-139.0	139	43899	284	-139.0	139	43899	284	-139.0	139	43899	284	-139.0	139	43899	284	-139.0	139	43899	284	-139.0	139	43899	284	-139.0	139	43899	284	-139.0	139	43899	284	-139.0	139	43899
285	-131.0	131	44030	285	-131.0	131	44030	285	-131.0	131	44030	285	-131.0	131	44030	285	-131.0	131	44030	285	-131.0	131	44030	285	-131.0	131	44030	285	-131.0	131	44030	285	-131.0	131	44030	285	-131.0	131	44030	285	-131.0	131	44030	285	-131.0	131	44030	285	-131.0	131	44030	285	-131.0	131	44030
286	-138.0	138	44168	286	-138.0	138	44168	286	-138.0	138	44168	286	-138.0	138	44168	286	-138.0	138	44168	286	-138.0	138	44168	286	-138.0	138	44168	286	-138.0	138	44168	286	-138.0	138	44168	286	-138.0	138	44168	286	-138.0	138	44168	286	-138.0	138	44168	286	-138.0	138	44168	286	-138.0	138	44168
287	-123.0	123	44291	287	-123.0	123	44291	287	-123.0	123	44291	287	-123.0	123	44291	287	-123.0	123	44291	287	-123.0	123	44291	287	-123.0	123	44291	287	-123.0	123	44291	287	-123.0	123	44291	287	-123.0	123	44291	287	-123.0	123	44291	287	-123.0	123	44291	287	-123.0	123	44291	287	-123.0	123	44291
288	-154.0	154	44445	288	-154.0	154	44445	288	-154.0	154	44445	288	-154.0	154	44445	288	-154.0	154	44445	288	-154.0	154	44445	288	-154.0	154	44445	288	-154.0	154	44445	288	-154.0	154	44445	288	-154.0	154	44445	288	-154.0	154	44445	288	-154.0	154	44445	288	-154.0	154	44445	288	-154.0	154	44445
289	-137.0	137	44582	289	-137.0	137	44582	289	-137.0	137	44582	289	-137.0	137	44582	289	-137.0	137	44582	289	-137.0	137	44582	289	-137.0	137	44582	289	-137.0	137	44582	289	-137.0	137	44582	289	-137.0	137	44582	289	-137.0	137	44582	289	-137.0	137	44582	289	-137.0	137	44582	289	-137.0	137	44582
290	-129.0	129	44711	290	-129.0	129	44711	290	-129.0	129	44711	290	-129.0	129	44711	290	-129.0	129	44711	290	-129.0	129	44711	290	-129.0	129	44711	290	-129.0	129	44711	290	-129.0	129	44711	290	-129.0	129	44711	290	-129.0	129	44711	290	-129.0	129	44711	290	-129.0	129	44711	290	-129.0	129	44711
291	-147.0	147	44858	291	-147.0	147	44858	291	-147.0	147	44858	291	-147.0	147	44858	291	-147.0	147	44858	291	-147.0	147	44858	291	-147.0	147	44858	291	-147.0	147	44858	291	-147.0	147	44858	291	-147.0	147	44858	291	-147.0	147	44858	291	-147.0	147	44858	291	-147.0	147	44858	291	-147.0	147	44858
292	-133.0	133	44991	292	-133.0	133	44991	292	-133.0	133	44991	292	-133.0	133	44991	292	-133.0	133	44991	292	-133.0	133	44991	292	-133.0	133	44991	292	-133.0	133	44991	292	-133.0	133	44991	292	-133.0	133	44991	292	-133.0	133	44991	292	-133.0	133	44991	292	-133.0	133	44991	292	-133.0	133	44991
293	-130.0	130	45121	293	-130.0	130	45121	293	-130.0	130	45121	293	-130.0	130	45121	293	-130.0	130	45121	293	-130.0	130	45121	293	-130.0	130	45121	293	-130.0	130	45121	293	-130.0	130	45121	293	-130.0	130	45121	293	-130.0	130	45121	293	-130.0	130	45121	293	-130.0	130	45121	293	-130.0	130	45121
294	-142.0	142	45263	294	-142.0	142	45263	294	-142.0	142	45263	294	-142.0	142	45263	294	-142.0	142	45263	294	-142.0	142	45263	294	-142.0	142	45263	294	-142.0	142	45263	294	-142.0	142	45263	294	-142.0	142	45263	294	-142.0	142	45263	294	-142.0	142	45263	294	-142.0	142	45263	294	-142.0	142	45263
295	-128.0	128	45391	295	-128.0	128	45391	295	-128.0	128	45391	295	-128.0	128	45391	295	-128.0	128	45391	295	-128.0	128	45391	295	-128.0	128	45391	295	-128.0	128	45391	295	-128.0	128	45391	295	-128.0	128	45391	295	-128.0	128	45391	295	-128.0	128	45391	295	-128.0	128	45391	295	-128.0	128	45391
296	-134.0	134	45525	296	-134.0	134	45525	296	-134.0	134	45525	296	-134.0	134	45525	296	-134.0	134	45525	296	-134.0	134	45525	296	-134.0	134	45525	296	-134.0	134	45525	296	-134.0	134	45525	296	-134.0	134	45525	296	-134.0	134	45525	296	-134.0	134	45525	296	-134.0	134	45525	296	-134.0	134	45525
297	-106.0	106	45631	297	-106.0	106	45631	297	-106.0	106	45631	297	-106.0	106	45631	297	-106.0	106	45631	297	-106.0	106	45631	297	-106.0	106	45631	297	-106.0	106	45631	297	-106.0	106	45631	297	-106.0	106	45631	297	-106.0	106	45631	297	-106.0	106	45631	297	-106.0	106	45631	297	-106.0	106	45631
298	-127.0	127	45758	298	-127.0	127	45758	298	-127.0	127	45758	298	-127.0	127	45758	298	-127.0	127	45758	298	-127.0	127	45758	298	-127.0	127	45758	298	-127.0	127	45758	298	-127.0	127	45758	298	-127.0	127	45758	298	-127.0	127	45758	298	-127.0	127	45758	298	-127.0	127	45758	298	-127.0	127	45758
299	-171.0	171	45929	299	-171.0	171	45929	299	-171.0	171	45929	299	-171.0	171	45929	299	-171.0	171	45929	299	-171.0	171	45929	299	-171.0	171	45929	299	-171.0	171	45929	299	-171.0	171	45929	299	-171.0	171	45929	299	-171.0	171	45929	299	-171.0	171	45929	299	-171.0	171	45929	299	-171.0	171	45929
