Episode	Accumulated Reward	Length	Steps	Episode	Accumulated Reward	Length	Steps	Episode	Accumulated Reward	Length	Steps	Episode	Accumulated Reward	Length	Steps	Episode	Accumulated Reward	Length	Steps	Episode	Accumulated Reward	Length	Steps	Episode	Accumulated Reward	Length	Steps	Episode	Accumulated Reward	Length	Steps	Episode	Accumulated Reward	Length	Steps	Episode	Accumulated Reward	Length	Steps	Episode	Accumulated Reward	Length	Steps	Episode	Accumulated Reward	Length	Steps	Episode	Accumulated Reward	Length	Steps	Episode	Accumulated Reward	Length	Steps	Episode	Accumulated Reward	Length	Steps	Episode	Accumulated Reward	Length	Steps	Episode	Accumulated Reward	Length	Steps	Episode	Accumulated Reward	Length	Steps	Episode	Accumulated Reward	Length	Steps	Episode	Accumulated Reward	Length	Steps	Episode	Accumulated Reward	Length	Steps	Episode	Accumulated Reward	Length	Steps
0	-1529	440	440	0	-1529	440	440	0	-1529	440	440	0	-1529	440	440	0	-1529	440	440	0	-1529	440	440	0	-1529	440	440	0	-1529	440	440	0	-1529	440	440	0	-1529	440	440	0	-1529	440	440	0	-1529	440	440	0	-1529	440	440	0	-1529	440	440	0	-1529	440	440	0	-1529	440	440	0	-1529	440	440	0	-1529	440	440	0	-1529	440	440	0	-1529	440	440	0	-1529	440	440	0	-1529	440	440
1	-339	141	581	1	-339	141	581	1	-339	141	581	1	-339	141	581	1	-339	141	581	1	-339	141	581	1	-339	141	581	1	-339	141	581	1	-339	141	581	1	-339	141	581	1	-339	141	581	1	-339	141	581	1	-339	141	581	1	-339	141	581	1	-339	141	581	1	-339	141	581	1	-339	141	581	1	-339	141	581	1	-339	141	581	1	-339	141	581	1	-339	141	581	1	-339	141	581
2	-138	138	719	2	-138	138	719	2	-138	138	719	2	-138	138	719	2	-138	138	719	2	-138	138	719	2	-138	138	719	2	-138	138	719	2	-138	138	719	2	-138	138	719	2	-138	138	719	2	-138	138	719	2	-138	138	719	2	-138	138	719	2	-138	138	719	2	-138	138	719	2	-138	138	719	2	-138	138	719	2	-138	138	719	2	-138	138	719	2	-138	138	719	2	-138	138	719
3	-79	79	798	3	-79	79	798	3	-79	79	798	3	-79	79	798	3	-79	79	798	3	-79	79	798	3	-79	79	798	3	-79	79	798	3	-79	79	798	3	-79	79	798	3	-79	79	798	3	-79	79	798	3	-79	79	798	3	-79	79	798	3	-79	79	798	3	-79	79	798	3	-79	79	798	3	-79	79	798	3	-79	79	798	3	-79	79	798	3	-79	79	798	3	-79	79	798
4	-183	84	882	4	-183	84	882	4	-183	84	882	4	-183	84	882	4	-183	84	882	4	-183	84	882	4	-183	84	882	4	-183	84	882	4	-183	84	882	4	-183	84	882	4	-183	84	882	4	-183	84	882	4	-183	84	882	4	-183	84	882	4	-183	84	882	4	-183	84	882	4	-183	84	882	4	-183	84	882	4	-183	84	882	4	-183	84	882	4	-183	84	882	4	-183	84	882
5	-25	25	907	5	-25	25	907	5	-25	25	907	5	-25	25	907	5	-25	25	907	5	-25	25	907	5	-25	25	907	5	-25	25	907	5	-25	25	907	5	-25	25	907	5	-25	25	907	5	-25	25	907	5	-25	25	907	5	-25	25	907	5	-25	25	907	5	-25	25	907	5	-25	25	907	5	-25	25	907	5	-25	25	907	5	-25	25	907	5	-25	25	907	5	-25	25	907
6	-104	104	1011	6	-104	104	1011	6	-104	104	1011	6	-104	104	1011	6	-104	104	1011	6	-104	104	1011	6	-104	104	1011	6	-104	104	1011	6	-104	104	1011	6	-104	104	1011	6	-104	104	1011	6	-104	104	1011	6	-104	104	1011	6	-104	104	1011	6	-104	104	1011	6	-104	104	1011	6	-104	104	1011	6	-104	104	1011	6	-104	104	1011	6	-104	104	1011	6	-104	104	1011	6	-104	104	1011
7	-181	82	1093	7	-181	82	1093	7	-181	82	1093	7	-181	82	1093	7	-181	82	1093	7	-181	82	1093	7	-181	82	1093	7	-181	82	1093	7	-181	82	1093	7	-181	82	1093	7	-181	82	1093	7	-181	82	1093	7	-181	82	1093	7	-181	82	1093	7	-181	82	1093	7	-181	82	1093	7	-181	82	1093	7	-181	82	1093	7	-181	82	1093	7	-181	82	1093	7	-181	82	1093	7	-181	82	1093
8	-35	35	1128	8	-35	35	1128	8	-35	35	1128	8	-35	35	1128	8	-35	35	1128	8	-35	35	1128	8	-35	35	1128	8	-35	35	1128	8	-35	35	1128	8	-35	35	1128	8	-35	35	1128	8	-35	35	1128	8	-35	35	1128	8	-35	35	1128	8	-35	35	1128	8	-35	35	1128	8	-35	35	1128	8	-35	35	1128	8	-35	35	1128	8	-35	35	1128	8	-35	35	1128	8	-35	35	1128
9	-78	78	1206	9	-78	78	1206	9	-78	78	1206	9	-78	78	1206	9	-78	78	1206	9	-78	78	1206	9	-78	78	1206	9	-78	78	1206	9	-78	78	1206	9	-78	78	1206	9	-78	78	1206	9	-78	78	1206	9	-78	78	1206	9	-78	78	1206	9	-78	78	1206	9	-78	78	1206	9	-78	78	1206	9	-78	78	1206	9	-78	78	1206	9	-78	78	1206	9	-78	78	1206	9	-78	78	1206
10	-159	60	1266	10	-159	60	1266	10	-159	60	1266	10	-159	60	1266	10	-159	60	1266	10	-159	60	1266	10	-159	60	1266	10	-159	60	1266	10	-159	60	1266	10	-159	60	1266	10	-159	60	1266	10	-159	60	1266	10	-159	60	1266	10	-159	60	1266	10	-159	60	1266	10	-159	60	1266	10	-159	60	1266	10	-159	60	1266	10	-159	60	1266	10	-159	60	1266	10	-159	60	1266	10	-159	60	1266
11	-55	55	1321	11	-55	55	1321	11	-55	55	1321	11	-55	55	1321	11	-55	55	1321	11	-55	55	1321	11	-55	55	1321	11	-55	55	1321	11	-55	55	1321	11	-55	55	1321	11	-55	55	1321	11	-55	55	1321	11	-55	55	1321	11	-55	55	1321	11	-55	55	1321	11	-55	55	1321	11	-55	55	1321	11	-55	55	1321	11	-55	55	1321	11	-55	55	1321	11	-55	55	1321	11	-55	55	1321
12	-268	70	1391	12	-268	70	1391	12	-268	70	1391	12	-268	70	1391	12	-268	70	1391	12	-268	70	1391	12	-268	70	1391	12	-268	70	1391	12	-268	70	1391	12	-268	70	1391	12	-268	70	1391	12	-268	70	1391	12	-268	70	1391	12	-268	70	1391	12	-268	70	1391	12	-268	70	1391	12	-268	70	1391	12	-268	70	1391	12	-268	70	1391	12	-268	70	1391	12	-268	70	1391	12	-268	70	1391
13	-187	88	1479	13	-187	88	1479	13	-187	88	1479	13	-187	88	1479	13	-187	88	1479	13	-187	88	1479	13	-187	88	1479	13	-187	88	1479	13	-187	88	1479	13	-187	88	1479	13	-187	88	1479	13	-187	88	1479	13	-187	88	1479	13	-187	88	1479	13	-187	88	1479	13	-187	88	1479	13	-187	88	1479	13	-187	88	1479	13	-187	88	1479	13	-187	88	1479	13	-187	88	1479	13	-187	88	1479
14	-260	62	1541	14	-260	62	1541	14	-260	62	1541	14	-260	62	1541	14	-260	62	1541	14	-260	62	1541	14	-260	62	1541	14	-260	62	1541	14	-260	62	1541	14	-260	62	1541	14	-260	62	1541	14	-260	62	1541	14	-260	62	1541	14	-260	62	1541	14	-260	62	1541	14	-260	62	1541	14	-260	62	1541	14	-260	62	1541	14	-260	62	1541	14	-260	62	1541	14	-260	62	1541	14	-260	62	1541
15	-45	45	1586	15	-45	45	1586	15	-45	45	1586	15	-45	45	1586	15	-45	45	1586	15	-45	45	1586	15	-45	45	1586	15	-45	45	1586	15	-45	45	1586	15	-45	45	1586	15	-45	45	1586	15	-45	45	1586	15	-45	45	1586	15	-45	45	1586	15	-45	45	1586	15	-45	45	1586	15	-45	45	1586	15	-45	45	1586	15	-45	45	1586	15	-45	45	1586	15	-45	45	1586	15	-45	45	1586
16	-25	25	1611	16	-25	25	1611	16	-25	25	1611	16	-25	25	1611	16	-25	25	1611	16	-25	25	1611	16	-25	25	1611	16	-25	25	1611	16	-25	25	1611	16	-25	25	1611	16	-25	25	1611	16	-25	25	1611	16	-25	25	1611	16	-25	25	1611	16	-25	25	1611	16	-25	25	1611	16	-25	25	1611	16	-25	25	1611	16	-25	25	1611	16	-25	25	1611	16	-25	25	1611	16	-25	25	1611
17	-48	48	1659	17	-48	48	1659	17	-48	48	1659	17	-48	48	1659	17	-48	48	1659	17	-48	48	1659	17	-48	48	1659	17	-48	48	1659	17	-48	48	1659	17	-48	48	1659	17	-48	48	1659	17	-48	48	1659	17	-48	48	1659	17	-48	48	1659	17	-48	48	1659	17	-48	48	1659	17	-48	48	1659	17	-48	48	1659	17	-48	48	1659	17	-48	48	1659	17	-48	48	1659	17	-48	48	1659
18	-60	60	1719	18	-60	60	1719	18	-60	60	1719	18	-60	60	1719	18	-60	60	1719	18	-60	60	1719	18	-60	60	1719	18	-60	60	1719	18	-60	60	1719	18	-60	60	1719	18	-60	60	1719	18	-60	60	1719	18	-60	60	1719	18	-60	60	1719	18	-60	60	1719	18	-60	60	1719	18	-60	60	1719	18	-60	60	1719	18	-60	60	1719	18	-60	60	1719	18	-60	60	1719	18	-60	60	1719
19	-29	29	1748	19	-29	29	1748	19	-29	29	1748	19	-29	29	1748	19	-29	29	1748	19	-29	29	1748	19	-29	29	1748	19	-29	29	1748	19	-29	29	1748	19	-29	29	1748	19	-29	29	1748	19	-29	29	1748	19	-29	29	1748	19	-29	29	1748	19	-29	29	1748	19	-29	29	1748	19	-29	29	1748	19	-29	29	1748	19	-29	29	1748	19	-29	29	1748	19	-29	29	1748	19	-29	29	1748
20	-42	42	1790	20	-42	42	1790	20	-42	42	1790	20	-42	42	1790	20	-42	42	1790	20	-42	42	1790	20	-42	42	1790	20	-42	42	1790	20	-42	42	1790	20	-42	42	1790	20	-42	42	1790	20	-42	42	1790	20	-42	42	1790	20	-42	42	1790	20	-42	42	1790	20	-42	42	1790	20	-42	42	1790	20	-42	42	1790	20	-42	42	1790	20	-42	42	1790	20	-42	42	1790	20	-42	42	1790
21	-40	40	1830	21	-40	40	1830	21	-40	40	1830	21	-40	40	1830	21	-40	40	1830	21	-40	40	1830	21	-40	40	1830	21	-40	40	1830	21	-40	40	1830	21	-40	40	1830	21	-40	40	1830	21	-40	40	1830	21	-40	40	1830	21	-40	40	1830	21	-40	40	1830	21	-40	40	1830	21	-40	40	1830	21	-40	40	1830	21	-40	40	1830	21	-40	40	1830	21	-40	40	1830	21	-40	40	1830
22	-39	39	1869	22	-39	39	1869	22	-39	39	1869	22	-39	39	1869	22	-39	39	1869	22	-39	39	1869	22	-39	39	1869	22	-39	39	1869	22	-39	39	1869	22	-39	39	1869	22	-39	39	1869	22	-39	39	1869	22	-39	39	1869	22	-39	39	1869	22	-39	39	1869	22	-39	39	1869	22	-39	39	1869	22	-39	39	1869	22	-39	39	1869	22	-39	39	1869	22	-39	39	1869	22	-39	39	1869
23	-26	26	1895	23	-26	26	1895	23	-26	26	1895	23	-26	26	1895	23	-26	26	1895	23	-26	26	1895	23	-26	26	1895	23	-26	26	1895	23	-26	26	1895	23	-26	26	1895	23	-26	26	1895	23	-26	26	1895	23	-26	26	1895	23	-26	26	1895	23	-26	26	1895	23	-26	26	1895	23	-26	26	1895	23	-26	26	1895	23	-26	26	1895	23	-26	26	1895	23	-26	26	1895	23	-26	26	1895
24	-262	64	1959	24	-262	64	1959	24	-262	64	1959	24	-262	64	1959	24	-262	64	1959	24	-262	64	1959	24	-262	64	1959	24	-262	64	1959	24	-262	64	1959	24	-262	64	1959	24	-262	64	1959	24	-262	64	1959	24	-262	64	1959	24	-262	64	1959	24	-262	64	1959	24	-262	64	1959	24	-262	64	1959	24	-262	64	1959	24	-262	64	1959	24	-262	64	1959	24	-262	64	1959	24	-262	64	1959
25	-33	33	1992	25	-33	33	1992	25	-33	33	1992	25	-33	33	1992	25	-33	33	1992	25	-33	33	1992	25	-33	33	1992	25	-33	33	1992	25	-33	33	1992	25	-33	33	1992	25	-33	33	1992	25	-33	33	1992	25	-33	33	1992	25	-33	33	1992	25	-33	33	1992	25	-33	33	1992	25	-33	33	1992	25	-33	33	1992	25	-33	33	1992	25	-33	33	1992	25	-33	33	1992	25	-33	33	1992
26	-26	26	2018	26	-26	26	2018	26	-26	26	2018	26	-26	26	2018	26	-26	26	2018	26	-26	26	2018	26	-26	26	2018	26	-26	26	2018	26	-26	26	2018	26	-26	26	2018	26	-26	26	2018	26	-26	26	2018	26	-26	26	2018	26	-26	26	2018	26	-26	26	2018	26	-26	26	2018	26	-26	26	2018	26	-26	26	2018	26	-26	26	2018	26	-26	26	2018	26	-26	26	2018	26	-26	26	2018
27	-20	20	2038	27	-20	20	2038	27	-20	20	2038	27	-20	20	2038	27	-20	20	2038	27	-20	20	2038	27	-20	20	2038	27	-20	20	2038	27	-20	20	2038	27	-20	20	2038	27	-20	20	2038	27	-20	20	2038	27	-20	20	2038	27	-20	20	2038	27	-20	20	2038	27	-20	20	2038	27	-20	20	2038	27	-20	20	2038	27	-20	20	2038	27	-20	20	2038	27	-20	20	2038	27	-20	20	2038
28	-41	41	2079	28	-41	41	2079	28	-41	41	2079	28	-41	41	2079	28	-41	41	2079	28	-41	41	2079	28	-41	41	2079	28	-41	41	2079	28	-41	41	2079	28	-41	41	2079	28	-41	41	2079	28	-41	41	2079	28	-41	41	2079	28	-41	41	2079	28	-41	41	2079	28	-41	41	2079	28	-41	41	2079	28	-41	41	2079	28	-41	41	2079	28	-41	41	2079	28	-41	41	2079	28	-41	41	2079
29	-38	38	2117	29	-38	38	2117	29	-38	38	2117	29	-38	38	2117	29	-38	38	2117	29	-38	38	2117	29	-38	38	2117	29	-38	38	2117	29	-38	38	2117	29	-38	38	2117	29	-38	38	2117	29	-38	38	2117	29	-38	38	2117	29	-38	38	2117	29	-38	38	2117	29	-38	38	2117	29	-38	38	2117	29	-38	38	2117	29	-38	38	2117	29	-38	38	2117	29	-38	38	2117	29	-38	38	2117
30	-21	21	2138	30	-21	21	2138	30	-21	21	2138	30	-21	21	2138	30	-21	21	2138	30	-21	21	2138	30	-21	21	2138	30	-21	21	2138	30	-21	21	2138	30	-21	21	2138	30	-21	21	2138	30	-21	21	2138	30	-21	21	2138	30	-21	21	2138	30	-21	21	2138	30	-21	21	2138	30	-21	21	2138	30	-21	21	2138	30	-21	21	2138	30	-21	21	2138	30	-21	21	2138	30	-21	21	2138
31	-21	21	2159	31	-21	21	2159	31	-21	21	2159	31	-21	21	2159	31	-21	21	2159	31	-21	21	2159	31	-21	21	2159	31	-21	21	2159	31	-21	21	2159	31	-21	21	2159	31	-21	21	2159	31	-21	21	2159	31	-21	21	2159	31	-21	21	2159	31	-21	21	2159	31	-21	21	2159	31	-21	21	2159	31	-21	21	2159	31	-21	21	2159	31	-21	21	2159	31	-21	21	2159	31	-21	21	2159
32	-128	29	2188	32	-128	29	2188	32	-128	29	2188	32	-128	29	2188	32	-128	29	2188	32	-128	29	2188	32	-128	29	2188	32	-128	29	2188	32	-128	29	2188	32	-128	29	2188	32	-128	29	2188	32	-128	29	2188	32	-128	29	2188	32	-128	29	2188	32	-128	29	2188	32	-128	29	2188	32	-128	29	2188	32	-128	29	2188	32	-128	29	2188	32	-128	29	2188	32	-128	29	2188	32	-128	29	2188
33	-32	32	2220	33	-32	32	2220	33	-32	32	2220	33	-32	32	2220	33	-32	32	2220	33	-32	32	2220	33	-32	32	2220	33	-32	32	2220	33	-32	32	2220	33	-32	32	2220	33	-32	32	2220	33	-32	32	2220	33	-32	32	2220	33	-32	32	2220	33	-32	32	2220	33	-32	32	2220	33	-32	32	2220	33	-32	32	2220	33	-32	32	2220	33	-32	32	2220	33	-32	32	2220	33	-32	32	2220
34	-495	99	2319	34	-495	99	2319	34	-495	99	2319	34	-495	99	2319	34	-495	99	2319	34	-495	99	2319	34	-495	99	2319	34	-495	99	2319	34	-495	99	2319	34	-495	99	2319	34	-495	99	2319	34	-495	99	2319	34	-495	99	2319	34	-495	99	2319	34	-495	99	2319	34	-495	99	2319	34	-495	99	2319	34	-495	99	2319	34	-495	99	2319	34	-495	99	2319	34	-495	99	2319	34	-495	99	2319
35	-13	13	2332	35	-13	13	2332	35	-13	13	2332	35	-13	13	2332	35	-13	13	2332	35	-13	13	2332	35	-13	13	2332	35	-13	13	2332	35	-13	13	2332	35	-13	13	2332	35	-13	13	2332	35	-13	13	2332	35	-13	13	2332	35	-13	13	2332	35	-13	13	2332	35	-13	13	2332	35	-13	13	2332	35	-13	13	2332	35	-13	13	2332	35	-13	13	2332	35	-13	13	2332	35	-13	13	2332
36	-134	35	2367	36	-134	35	2367	36	-134	35	2367	36	-134	35	2367	36	-134	35	2367	36	-134	35	2367	36	-134	35	2367	36	-134	35	2367	36	-134	35	2367	36	-134	35	2367	36	-134	35	2367	36	-134	35	2367	36	-134	35	2367	36	-134	35	2367	36	-134	35	2367	36	-134	35	2367	36	-134	35	2367	36	-134	35	2367	36	-134	35	2367	36	-134	35	2367	36	-134	35	2367	36	-134	35	2367
37	-27	27	2394	37	-27	27	2394	37	-27	27	2394	37	-27	27	2394	37	-27	27	2394	37	-27	27	2394	37	-27	27	2394	37	-27	27	2394	37	-27	27	2394	37	-27	27	2394	37	-27	27	2394	37	-27	27	2394	37	-27	27	2394	37	-27	27	2394	37	-27	27	2394	37	-27	27	2394	37	-27	27	2394	37	-27	27	2394	37	-27	27	2394	37	-27	27	2394	37	-27	27	2394	37	-27	27	2394
38	-19	19	2413	38	-19	19	2413	38	-19	19	2413	38	-19	19	2413	38	-19	19	2413	38	-19	19	2413	38	-19	19	2413	38	-19	19	2413	38	-19	19	2413	38	-19	19	2413	38	-19	19	2413	38	-19	19	2413	38	-19	19	2413	38	-19	19	2413	38	-19	19	2413	38	-19	19	2413	38	-19	19	2413	38	-19	19	2413	38	-19	19	2413	38	-19	19	2413	38	-19	19	2413	38	-19	19	2413
39	-16	16	2429	39	-16	16	2429	39	-16	16	2429	39	-16	16	2429	39	-16	16	2429	39	-16	16	2429	39	-16	16	2429	39	-16	16	2429	39	-16	16	2429	39	-16	16	2429	39	-16	16	2429	39	-16	16	2429	39	-16	16	2429	39	-16	16	2429	39	-16	16	2429	39	-16	16	2429	39	-16	16	2429	39	-16	16	2429	39	-16	16	2429	39	-16	16	2429	39	-16	16	2429	39	-16	16	2429
40	-140	41	2470	40	-140	41	2470	40	-140	41	2470	40	-140	41	2470	40	-140	41	2470	40	-140	41	2470	40	-140	41	2470	40	-140	41	2470	40	-140	41	2470	40	-140	41	2470	40	-140	41	2470	40	-140	41	2470	40	-140	41	2470	40	-140	41	2470	40	-140	41	2470	40	-140	41	2470	40	-140	41	2470	40	-140	41	2470	40	-140	41	2470	40	-140	41	2470	40	-140	41	2470	40	-140	41	2470
41	-125	26	2496	41	-125	26	2496	41	-125	26	2496	41	-125	26	2496	41	-125	26	2496	41	-125	26	2496	41	-125	26	2496	41	-125	26	2496	41	-125	26	2496	41	-125	26	2496	41	-125	26	2496	41	-125	26	2496	41	-125	26	2496	41	-125	26	2496	41	-125	26	2496	41	-125	26	2496	41	-125	26	2496	41	-125	26	2496	41	-125	26	2496	41	-125	26	2496	41	-125	26	2496	41	-125	26	2496
42	-20	20	2516	42	-20	20	2516	42	-20	20	2516	42	-20	20	2516	42	-20	20	2516	42	-20	20	2516	42	-20	20	2516	42	-20	20	2516	42	-20	20	2516	42	-20	20	2516	42	-20	20	2516	42	-20	20	2516	42	-20	20	2516	42	-20	20	2516	42	-20	20	2516	42	-20	20	2516	42	-20	20	2516	42	-20	20	2516	42	-20	20	2516	42	-20	20	2516	42	-20	20	2516	42	-20	20	2516
43	-13	13	2529	43	-13	13	2529	43	-13	13	2529	43	-13	13	2529	43	-13	13	2529	43	-13	13	2529	43	-13	13	2529	43	-13	13	2529	43	-13	13	2529	43	-13	13	2529	43	-13	13	2529	43	-13	13	2529	43	-13	13	2529	43	-13	13	2529	43	-13	13	2529	43	-13	13	2529	43	-13	13	2529	43	-13	13	2529	43	-13	13	2529	43	-13	13	2529	43	-13	13	2529	43	-13	13	2529
44	-29	29	2558	44	-29	29	2558	44	-29	29	2558	44	-29	29	2558	44	-29	29	2558	44	-29	29	2558	44	-29	29	2558	44	-29	29	2558	44	-29	29	2558	44	-29	29	2558	44	-29	29	2558	44	-29	29	2558	44	-29	29	2558	44	-29	29	2558	44	-29	29	2558	44	-29	29	2558	44	-29	29	2558	44	-29	29	2558	44	-29	29	2558	44	-29	29	2558	44	-29	29	2558	44	-29	29	2558
45	-13	13	2571	45	-13	13	2571	45	-13	13	2571	45	-13	13	2571	45	-13	13	2571	45	-13	13	2571	45	-13	13	2571	45	-13	13	2571	45	-13	13	2571	45	-13	13	2571	45	-13	13	2571	45	-13	13	2571	45	-13	13	2571	45	-13	13	2571	45	-13	13	2571	45	-13	13	2571	45	-13	13	2571	45	-13	13	2571	45	-13	13	2571	45	-13	13	2571	45	-13	13	2571	45	-13	13	2571
46	-134	35	2606	46	-134	35	2606	46	-134	35	2606	46	-134	35	2606	46	-134	35	2606	46	-134	35	2606	46	-134	35	2606	46	-134	35	2606	46	-134	35	2606	46	-134	35	2606	46	-134	35	2606	46	-134	35	2606	46	-134	35	2606	46	-134	35	2606	46	-134	35	2606	46	-134	35	2606	46	-134	35	2606	46	-134	35	2606	46	-134	35	2606	46	-134	35	2606	46	-134	35	2606	46	-134	35	2606
47	-15	15	2621	47	-15	15	2621	47	-15	15	2621	47	-15	15	2621	47	-15	15	2621	47	-15	15	2621	47	-15	15	2621	47	-15	15	2621	47	-15	15	2621	47	-15	15	2621	47	-15	15	2621	47	-15	15	2621	47	-15	15	2621	47	-15	15	2621	47	-15	15	2621	47	-15	15	2621	47	-15	15	2621	47	-15	15	2621	47	-15	15	2621	47	-15	15	2621	47	-15	15	2621	47	-15	15	2621
48	-18	18	2639	48	-18	18	2639	48	-18	18	2639	48	-18	18	2639	48	-18	18	2639	48	-18	18	2639	48	-18	18	2639	48	-18	18	2639	48	-18	18	2639	48	-18	18	2639	48	-18	18	2639	48	-18	18	2639	48	-18	18	2639	48	-18	18	2639	48	-18	18	2639	48	-18	18	2639	48	-18	18	2639	48	-18	18	2639	48	-18	18	2639	48	-18	18	2639	48	-18	18	2639	48	-18	18	2639
49	-15	15	2654	49	-15	15	2654	49	-15	15	2654	49	-15	15	2654	49	-15	15	2654	49	-15	15	2654	49	-15	15	2654	49	-15	15	2654	49	-15	15	2654	49	-15	15	2654	49	-15	15	2654	49	-15	15	2654	49	-15	15	2654	49	-15	15	2654	49	-15	15	2654	49	-15	15	2654	49	-15	15	2654	49	-15	15	2654	49	-15	15	2654	49	-15	15	2654	49	-15	15	2654	49	-15	15	2654
50	-20	20	2674	50	-20	20	2674	50	-20	20	2674	50	-20	20	2674	50	-20	20	2674	50	-20	20	2674	50	-20	20	2674	50	-20	20	2674	50	-20	20	2674	50	-20	20	2674	50	-20	20	2674	50	-20	20	2674	50	-20	20	2674	50	-20	20	2674	50	-20	20	2674	50	-20	20	2674	50	-20	20	2674	50	-20	20	2674	50	-20	20	2674	50	-20	20	2674	50	-20	20	2674	50	-20	20	2674
51	-13	13	2687	51	-13	13	2687	51	-13	13	2687	51	-13	13	2687	51	-13	13	2687	51	-13	13	2687	51	-13	13	2687	51	-13	13	2687	51	-13	13	2687	51	-13	13	2687	51	-13	13	2687	51	-13	13	2687	51	-13	13	2687	51	-13	13	2687	51	-13	13	2687	51	-13	13	2687	51	-13	13	2687	51	-13	13	2687	51	-13	13	2687	51	-13	13	2687	51	-13	13	2687	51	-13	13	2687
52	-29	29	2716	52	-29	29	2716	52	-29	29	2716	52	-29	29	2716	52	-29	29	2716	52	-29	29	2716	52	-29	29	2716	52	-29	29	2716	52	-29	29	2716	52	-29	29	2716	52	-29	29	2716	52	-29	29	2716	52	-29	29	2716	52	-29	29	2716	52	-29	29	2716	52	-29	29	2716	52	-29	29	2716	52	-29	29	2716	52	-29	29	2716	52	-29	29	2716	52	-29	29	2716	52	-29	29	2716
53	-13	13	2729	53	-13	13	2729	53	-13	13	2729	53	-13	13	2729	53	-13	13	2729	53	-13	13	2729	53	-13	13	2729	53	-13	13	2729	53	-13	13	2729	53	-13	13	2729	53	-13	13	2729	53	-13	13	2729	53	-13	13	2729	53	-13	13	2729	53	-13	13	2729	53	-13	13	2729	53	-13	13	2729	53	-13	13	2729	53	-13	13	2729	53	-13	13	2729	53	-13	13	2729	53	-13	13	2729
54	-130	31	2760	54	-130	31	2760	54	-130	31	2760	54	-130	31	2760	54	-130	31	2760	54	-130	31	2760	54	-130	31	2760	54	-130	31	2760	54	-130	31	2760	54	-130	31	2760	54	-130	31	2760	54	-130	31	2760	54	-130	31	2760	54	-130	31	2760	54	-130	31	2760	54	-130	31	2760	54	-130	31	2760	54	-130	31	2760	54	-130	31	2760	54	-130	31	2760	54	-130	31	2760	54	-130	31	2760
55	-15	15	2775	55	-15	15	2775	55	-15	15	2775	55	-15	15	2775	55	-15	15	2775	55	-15	15	2775	55	-15	15	2775	55	-15	15	2775	55	-15	15	2775	55	-15	15	2775	55	-15	15	2775	55	-15	15	2775	55	-15	15	2775	55	-15	15	2775	55	-15	15	2775	55	-15	15	2775	55	-15	15	2775	55	-15	15	2775	55	-15	15	2775	55	-15	15	2775	55	-15	15	2775	55	-15	15	2775
56	-15	15	2790	56	-15	15	2790	56	-15	15	2790	56	-15	15	2790	56	-15	15	2790	56	-15	15	2790	56	-15	15	2790	56	-15	15	2790	56	-15	15	2790	56	-15	15	2790	56	-15	15	2790	56	-15	15	2790	56	-15	15	2790	56	-15	15	2790	56	-15	15	2790	56	-15	15	2790	56	-15	15	2790	56	-15	15	2790	56	-15	15	2790	56	-15	15	2790	56	-15	15	2790	56	-15	15	2790
57	-13	13	2803	57	-13	13	2803	57	-13	13	2803	57	-13	13	2803	57	-13	13	2803	57	-13	13	2803	57	-13	13	2803	57	-13	13	2803	57	-13	13	2803	57	-13	13	2803	57	-13	13	2803	57	-13	13	2803	57	-13	13	2803	57	-13	13	2803	57	-13	13	2803	57	-13	13	2803	57	-13	13	2803	57	-13	13	2803	57	-13	13	2803	57	-13	13	2803	57	-13	13	2803	57	-13	13	2803
58	-17	17	2820	58	-17	17	2820	58	-17	17	2820	58	-17	17	2820	58	-17	17	2820	58	-17	17	2820	58	-17	17	2820	58	-17	17	2820	58	-17	17	2820	58	-17	17	2820	58	-17	17	2820	58	-17	17	2820	58	-17	17	2820	58	-17	17	2820	58	-17	17	2820	58	-17	17	2820	58	-17	17	2820	58	-17	17	2820	58	-17	17	2820	58	-17	17	2820	58	-17	17	2820	58	-17	17	2820
59	-118	19	2839	59	-118	19	2839	59	-118	19	2839	59	-118	19	2839	59	-118	19	2839	59	-118	19	2839	59	-118	19	2839	59	-118	19	2839	59	-118	19	2839	59	-118	19	2839	59	-118	19	2839	59	-118	19	2839	59	-118	19	2839	59	-118	19	2839	59	-118	19	2839	59	-118	19	2839	59	-118	19	2839	59	-118	19	2839	59	-118	19	2839	59	-118	19	2839	59	-118	19	2839	59	-118	19	2839
60	-120	21	2860	60	-120	21	2860	60	-120	21	2860	60	-120	21	2860	60	-120	21	2860	60	-120	21	2860	60	-120	21	2860	60	-120	21	2860	60	-120	21	2860	60	-120	21	2860	60	-120	21	2860	60	-120	21	2860	60	-120	21	2860	60	-120	21	2860	60	-120	21	2860	60	-120	21	2860	60	-120	21	2860	60	-120	21	2860	60	-120	21	2860	60	-120	21	2860	60	-120	21	2860	60	-120	21	2860
61	-13	13	2873	61	-13	13	2873	61	-13	13	2873	61	-13	13	2873	61	-13	13	2873	61	-13	13	2873	61	-13	13	2873	61	-13	13	2873	61	-13	13	2873	61	-13	13	2873	61	-13	13	2873	61	-13	13	2873	61	-13	13	2873	61	-13	13	2873	61	-13	13	2873	61	-13	13	2873	61	-13	13	2873	61	-13	13	2873	61	-13	13	2873	61	-13	13	2873	61	-13	13	2873	61	-13	13	2873
62	-13	13	2886	62	-13	13	2886	62	-13	13	2886	62	-13	13	2886	62	-13	13	2886	62	-13	13	2886	62	-13	13	2886	62	-13	13	2886	62	-13	13	2886	62	-13	13	2886	62	-13	13	2886	62	-13	13	2886	62	-13	13	2886	62	-13	13	2886	62	-13	13	2886	62	-13	13	2886	62	-13	13	2886	62	-13	13	2886	62	-13	13	2886	62	-13	13	2886	62	-13	13	2886	62	-13	13	2886
63	-25	25	2911	63	-25	25	2911	63	-25	25	2911	63	-25	25	2911	63	-25	25	2911	63	-25	25	2911	63	-25	25	2911	63	-25	25	2911	63	-25	25	2911	63	-25	25	2911	63	-25	25	2911	63	-25	25	2911	63	-25	25	2911	63	-25	25	2911	63	-25	25	2911	63	-25	25	2911	63	-25	25	2911	63	-25	25	2911	63	-25	25	2911	63	-25	25	2911	63	-25	25	2911	63	-25	25	2911
64	-121	22	2933	64	-121	22	2933	64	-121	22	2933	64	-121	22	2933	64	-121	22	2933	64	-121	22	2933	64	-121	22	2933	64	-121	22	2933	64	-121	22	2933	64	-121	22	2933	64	-121	22	2933	64	-121	22	2933	64	-121	22	2933	64	-121	22	2933	64	-121	22	2933	64	-121	22	2933	64	-121	22	2933	64	-121	22	2933	64	-121	22	2933	64	-121	22	2933	64	-121	22	2933	64	-121	22	2933
65	-15	15	2948	65	-15	15	2948	65	-15	15	2948	65	-15	15	2948	65	-15	15	2948	65	-15	15	2948	65	-15	15	2948	65	-15	15	2948	65	-15	15	2948	65	-15	15	2948	65	-15	15	2948	65	-15	15	2948	65	-15	15	2948	65	-15	15	2948	65	-15	15	2948	65	-15	15	2948	65	-15	15	2948	65	-15	15	2948	65	-15	15	2948	65	-15	15	2948	65	-15	15	2948	65	-15	15	2948
66	-115	16	2964	66	-115	16	2964	66	-115	16	2964	66	-115	16	2964	66	-115	16	2964	66	-115	16	2964	66	-115	16	2964	66	-115	16	2964	66	-115	16	2964	66	-115	16	2964	66	-115	16	2964	66	-115	16	2964	66	-115	16	2964	66	-115	16	2964	66	-115	16	2964	66	-115	16	2964	66	-115	16	2964	66	-115	16	2964	66	-115	16	2964	66	-115	16	2964	66	-115	16	2964	66	-115	16	2964
67	-13	13	2977	67	-13	13	2977	67	-13	13	2977	67	-13	13	2977	67	-13	13	2977	67	-13	13	2977	67	-13	13	2977	67	-13	13	2977	67	-13	13	2977	67	-13	13	2977	67	-13	13	2977	67	-13	13	2977	67	-13	13	2977	67	-13	13	2977	67	-13	13	2977	67	-13	13	2977	67	-13	13	2977	67	-13	13	2977	67	-13	13	2977	67	-13	13	2977	67	-13	13	2977	67	-13	13	2977
68	-239	41	3018	68	-239	41	3018	68	-239	41	3018	68	-239	41	3018	68	-239	41	3018	68	-239	41	3018	68	-239	41	3018	68	-239	41	3018	68	-239	41	3018	68	-239	41	3018	68	-239	41	3018	68	-239	41	3018	68	-239	41	3018	68	-239	41	3018	68	-239	41	3018	68	-239	41	3018	68	-239	41	3018	68	-239	41	3018	68	-239	41	3018	68	-239	41	3018	68	-239	41	3018	68	-239	41	3018
69	-15	15	3033	69	-15	15	3033	69	-15	15	3033	69	-15	15	3033	69	-15	15	3033	69	-15	15	3033	69	-15	15	3033	69	-15	15	3033	69	-15	15	3033	69	-15	15	3033	69	-15	15	3033	69	-15	15	3033	69	-15	15	3033	69	-15	15	3033	69	-15	15	3033	69	-15	15	3033	69	-15	15	3033	69	-15	15	3033	69	-15	15	3033	69	-15	15	3033	69	-15	15	3033	69	-15	15	3033
70	-20	20	3053	70	-20	20	3053	70	-20	20	3053	70	-20	20	3053	70	-20	20	3053	70	-20	20	3053	70	-20	20	3053	70	-20	20	3053	70	-20	20	3053	70	-20	20	3053	70	-20	20	3053	70	-20	20	3053	70	-20	20	3053	70	-20	20	3053	70	-20	20	3053	70	-20	20	3053	70	-20	20	3053	70	-20	20	3053	70	-20	20	3053	70	-20	20	3053	70	-20	20	3053	70	-20	20	3053
71	-15	15	3068	71	-15	15	3068	71	-15	15	3068	71	-15	15	3068	71	-15	15	3068	71	-15	15	3068	71	-15	15	3068	71	-15	15	3068	71	-15	15	3068	71	-15	15	3068	71	-15	15	3068	71	-15	15	3068	71	-15	15	3068	71	-15	15	3068	71	-15	15	3068	71	-15	15	3068	71	-15	15	3068	71	-15	15	3068	71	-15	15	3068	71	-15	15	3068	71	-15	15	3068	71	-15	15	3068
72	-15	15	3083	72	-15	15	3083	72	-15	15	3083	72	-15	15	3083	72	-15	15	3083	72	-15	15	3083	72	-15	15	3083	72	-15	15	3083	72	-15	15	3083	72	-15	15	3083	72	-15	15	3083	72	-15	15	3083	72	-15	15	3083	72	-15	15	3083	72	-15	15	3083	72	-15	15	3083	72	-15	15	3083	72	-15	15	3083	72	-15	15	3083	72	-15	15	3083	72	-15	15	3083	72	-15	15	3083
73	-121	22	3105	73	-121	22	3105	73	-121	22	3105	73	-121	22	3105	73	-121	22	3105	73	-121	22	3105	73	-121	22	3105	73	-121	22	3105	73	-121	22	3105	73	-121	22	3105	73	-121	22	3105	73	-121	22	3105	73	-121	22	3105	73	-121	22	3105	73	-121	22	3105	73	-121	22	3105	73	-121	22	3105	73	-121	22	3105	73	-121	22	3105	73	-121	22	3105	73	-121	22	3105	73	-121	22	3105
74	-122	23	3128	74	-122	23	3128	74	-122	23	3128	74	-122	23	3128	74	-122	23	3128	74	-122	23	3128	74	-122	23	3128	74	-122	23	3128	74	-122	23	3128	74	-122	23	3128	74	-122	23	3128	74	-122	23	3128	74	-122	23	3128	74	-122	23	3128	74	-122	23	3128	74	-122	23	3128	74	-122	23	3128	74	-122	23	3128	74	-122	23	3128	74	-122	23	3128	74	-122	23	3128	74	-122	23	3128
75	-223	25	3153	75	-223	25	3153	75	-223	25	3153	75	-223	25	3153	75	-223	25	3153	75	-223	25	3153	75	-223	25	3153	75	-223	25	3153	75	-223	25	3153	75	-223	25	3153	75	-223	25	3153	75	-223	25	3153	75	-223	25	3153	75	-223	25	3153	75	-223	25	3153	75	-223	25	3153	75	-223	25	3153	75	-223	25	3153	75	-223	25	3153	75	-223	25	3153	75	-223	25	3153	75	-223	25	3153
76	-18	18	3171	76	-18	18	3171	76	-18	18	3171	76	-18	18	3171	76	-18	18	3171	76	-18	18	3171	76	-18	18	3171	76	-18	18	3171	76	-18	18	3171	76	-18	18	3171	76	-18	18	3171	76	-18	18	3171	76	-18	18	3171	76	-18	18	3171	76	-18	18	3171	76	-18	18	3171	76	-18	18	3171	76	-18	18	3171	76	-18	18	3171	76	-18	18	3171	76	-18	18	3171	76	-18	18	3171
77	-13	13	3184	77	-13	13	3184	77	-13	13	3184	77	-13	13	3184	77	-13	13	3184	77	-13	13	3184	77	-13	13	3184	77	-13	13	3184	77	-13	13	3184	77	-13	13	3184	77	-13	13	3184	77	-13	13	3184	77	-13	13	3184	77	-13	13	3184	77	-13	13	3184	77	-13	13	3184	77	-13	13	3184	77	-13	13	3184	77	-13	13	3184	77	-13	13	3184	77	-13	13	3184	77	-13	13	3184
78	-16	16	3200	78	-16	16	3200	78	-16	16	3200	78	-16	16	3200	78	-16	16	3200	78	-16	16	3200	78	-16	16	3200	78	-16	16	3200	78	-16	16	3200	78	-16	16	3200	78	-16	16	3200	78	-16	16	3200	78	-16	16	3200	78	-16	16	3200	78	-16	16	3200	78	-16	16	3200	78	-16	16	3200	78	-16	16	3200	78	-16	16	3200	78	-16	16	3200	78	-16	16	3200	78	-16	16	3200
79	-13	13	3213	79	-13	13	3213	79	-13	13	3213	79	-13	13	3213	79	-13	13	3213	79	-13	13	3213	79	-13	13	3213	79	-13	13	3213	79	-13	13	3213	79	-13	13	3213	79	-13	13	3213	79	-13	13	3213	79	-13	13	3213	79	-13	13	3213	79	-13	13	3213	79	-13	13	3213	79	-13	13	3213	79	-13	13	3213	79	-13	13	3213	79	-13	13	3213	79	-13	13	3213	79	-13	13	3213
80	-17	17	3230	80	-17	17	3230	80	-17	17	3230	80	-17	17	3230	80	-17	17	3230	80	-17	17	3230	80	-17	17	3230	80	-17	17	3230	80	-17	17	3230	80	-17	17	3230	80	-17	17	3230	80	-17	17	3230	80	-17	17	3230	80	-17	17	3230	80	-17	17	3230	80	-17	17	3230	80	-17	17	3230	80	-17	17	3230	80	-17	17	3230	80	-17	17	3230	80	-17	17	3230	80	-17	17	3230
81	-231	33	3263	81	-231	33	3263	81	-231	33	3263	81	-231	33	3263	81	-231	33	3263	81	-231	33	3263	81	-231	33	3263	81	-231	33	3263	81	-231	33	3263	81	-231	33	3263	81	-231	33	3263	81	-231	33	3263	81	-231	33	3263	81	-231	33	3263	81	-231	33	3263	81	-231	33	3263	81	-231	33	3263	81	-231	33	3263	81	-231	33	3263	81	-231	33	3263	81	-231	33	3263	81	-231	33	3263
82	-18	18	3281	82	-18	18	3281	82	-18	18	3281	82	-18	18	3281	82	-18	18	3281	82	-18	18	3281	82	-18	18	3281	82	-18	18	3281	82	-18	18	3281	82	-18	18	3281	82	-18	18	3281	82	-18	18	3281	82	-18	18	3281	82	-18	18	3281	82	-18	18	3281	82	-18	18	3281	82	-18	18	3281	82	-18	18	3281	82	-18	18	3281	82	-18	18	3281	82	-18	18	3281	82	-18	18	3281
83	-231	33	3314	83	-231	33	3314	83	-231	33	3314	83	-231	33	3314	83	-231	33	3314	83	-231	33	3314	83	-231	33	3314	83	-231	33	3314	83	-231	33	3314	83	-231	33	3314	83	-231	33	3314	83	-231	33	3314	83	-231	33	3314	83	-231	33	3314	83	-231	33	3314	83	-231	33	3314	83	-231	33	3314	83	-231	33	3314	83	-231	33	3314	83	-231	33	3314	83	-231	33	3314	83	-231	33	3314
84	-120	21	3335	84	-120	21	3335	84	-120	21	3335	84	-120	21	3335	84	-120	21	3335	84	-120	21	3335	84	-120	21	3335	84	-120	21	3335	84	-120	21	3335	84	-120	21	3335	84	-120	21	3335	84	-120	21	3335	84	-120	21	3335	84	-120	21	3335	84	-120	21	3335	84	-120	21	3335	84	-120	21	3335	84	-120	21	3335	84	-120	21	3335	84	-120	21	3335	84	-120	21	3335	84	-120	21	3335
85	-13	13	3348	85	-13	13	3348	85	-13	13	3348	85	-13	13	3348	85	-13	13	3348	85	-13	13	3348	85	-13	13	3348	85	-13	13	3348	85	-13	13	3348	85	-13	13	3348	85	-13	13	3348	85	-13	13	3348	85	-13	13	3348	85	-13	13	3348	85	-13	13	3348	85	-13	13	3348	85	-13	13	3348	85	-13	13	3348	85	-13	13	3348	85	-13	13	3348	85	-13	13	3348	85	-13	13	3348
86	-13	13	3361	86	-13	13	3361	86	-13	13	3361	86	-13	13	3361	86	-13	13	3361	86	-13	13	3361	86	-13	13	3361	86	-13	13	3361	86	-13	13	3361	86	-13	13	3361	86	-13	13	3361	86	-13	13	3361	86	-13	13	3361	86	-13	13	3361	86	-13	13	3361	86	-13	13	3361	86	-13	13	3361	86	-13	13	3361	86	-13	13	3361	86	-13	13	3361	86	-13	13	3361	86	-13	13	3361
87	-122	23	3384	87	-122	23	3384	87	-122	23	3384	87	-122	23	3384	87	-122	23	3384	87	-122	23	3384	87	-122	23	3384	87	-122	23	3384	87	-122	23	3384	87	-122	23	3384	87	-122	23	3384	87	-122	23	3384	87	-122	23	3384	87	-122	23	3384	87	-122	23	3384	87	-122	23	3384	87	-122	23	3384	87	-122	23	3384	87	-122	23	3384	87	-122	23	3384	87	-122	23	3384	87	-122	23	3384
88	-15	15	3399	88	-15	15	3399	88	-15	15	3399	88	-15	15	3399	88	-15	15	3399	88	-15	15	3399	88	-15	15	3399	88	-15	15	3399	88	-15	15	3399	88	-15	15	3399	88	-15	15	3399	88	-15	15	3399	88	-15	15	3399	88	-15	15	3399	88	-15	15	3399	88	-15	15	3399	88	-15	15	3399	88	-15	15	3399	88	-15	15	3399	88	-15	15	3399	88	-15	15	3399	88	-15	15	3399
89	-15	15	3414	89	-15	15	3414	89	-15	15	3414	89	-15	15	3414	89	-15	15	3414	89	-15	15	3414	89	-15	15	3414	89	-15	15	3414	89	-15	15	3414	89	-15	15	3414	89	-15	15	3414	89	-15	15	3414	89	-15	15	3414	89	-15	15	3414	89	-15	15	3414	89	-15	15	3414	89	-15	15	3414	89	-15	15	3414	89	-15	15	3414	89	-15	15	3414	89	-15	15	3414	89	-15	15	3414
90	-17	17	3431	90	-17	17	3431	90	-17	17	3431	90	-17	17	3431	90	-17	17	3431	90	-17	17	3431	90	-17	17	3431	90	-17	17	3431	90	-17	17	3431	90	-17	17	3431	90	-17	17	3431	90	-17	17	3431	90	-17	17	3431	90	-17	17	3431	90	-17	17	3431	90	-17	17	3431	90	-17	17	3431	90	-17	17	3431	90	-17	17	3431	90	-17	17	3431	90	-17	17	3431	90	-17	17	3431
91	-14	14	3445	91	-14	14	3445	91	-14	14	3445	91	-14	14	3445	91	-14	14	3445	91	-14	14	3445	91	-14	14	3445	91	-14	14	3445	91	-14	14	3445	91	-14	14	3445	91	-14	14	3445	91	-14	14	3445	91	-14	14	3445	91	-14	14	3445	91	-14	14	3445	91	-14	14	3445	91	-14	14	3445	91	-14	14	3445	91	-14	14	3445	91	-14	14	3445	91	-14	14	3445	91	-14	14	3445
92	-13	13	3458	92	-13	13	3458	92	-13	13	3458	92	-13	13	3458	92	-13	13	3458	92	-13	13	3458	92	-13	13	3458	92	-13	13	3458	92	-13	13	3458	92	-13	13	3458	92	-13	13	3458	92	-13	13	3458	92	-13	13	3458	92	-13	13	3458	92	-13	13	3458	92	-13	13	3458	92	-13	13	3458	92	-13	13	3458	92	-13	13	3458	92	-13	13	3458	92	-13	13	3458	92	-13	13	3458
93	-19	19	3477	93	-19	19	3477	93	-19	19	3477	93	-19	19	3477	93	-19	19	3477	93	-19	19	3477	93	-19	19	3477	93	-19	19	3477	93	-19	19	3477	93	-19	19	3477	93	-19	19	3477	93	-19	19	3477	93	-19	19	3477	93	-19	19	3477	93	-19	19	3477	93	-19	19	3477	93	-19	19	3477	93	-19	19	3477	93	-19	19	3477	93	-19	19	3477	93	-19	19	3477	93	-19	19	3477
94	-13	13	3490	94	-13	13	3490	94	-13	13	3490	94	-13	13	3490	94	-13	13	3490	94	-13	13	3490	94	-13	13	3490	94	-13	13	3490	94	-13	13	3490	94	-13	13	3490	94	-13	13	3490	94	-13	13	3490	94	-13	13	3490	94	-13	13	3490	94	-13	13	3490	94	-13	13	3490	94	-13	13	3490	94	-13	13	3490	94	-13	13	3490	94	-13	13	3490	94	-13	13	3490	94	-13	13	3490
95	-13	13	3503	95	-13	13	3503	95	-13	13	3503	95	-13	13	3503	95	-13	13	3503	95	-13	13	3503	95	-13	13	3503	95	-13	13	3503	95	-13	13	3503	95	-13	13	3503	95	-13	13	3503	95	-13	13	3503	95	-13	13	3503	95	-13	13	3503	95	-13	13	3503	95	-13	13	3503	95	-13	13	3503	95	-13	13	3503	95	-13	13	3503	95	-13	13	3503	95	-13	13	3503	95	-13	13	3503
96	-17	17	3520	96	-17	17	3520	96	-17	17	3520	96	-17	17	3520	96	-17	17	3520	96	-17	17	3520	96	-17	17	3520	96	-17	17	3520	96	-17	17	3520	96	-17	17	3520	96	-17	17	3520	96	-17	17	3520	96	-17	17	3520	96	-17	17	3520	96	-17	17	3520	96	-17	17	3520	96	-17	17	3520	96	-17	17	3520	96	-17	17	3520	96	-17	17	3520	96	-17	17	3520	96	-17	17	3520
97	-113	14	3534	97	-113	14	3534	97	-113	14	3534	97	-113	14	3534	97	-113	14	3534	97	-113	14	3534	97	-113	14	3534	97	-113	14	3534	97	-113	14	3534	97	-113	14	3534	97	-113	14	3534	97	-113	14	3534	97	-113	14	3534	97	-113	14	3534	97	-113	14	3534	97	-113	14	3534	97	-113	14	3534	97	-113	14	3534	97	-113	14	3534	97	-113	14	3534	97	-113	14	3534	97	-113	14	3534
98	-17	17	3551	98	-17	17	3551	98	-17	17	3551	98	-17	17	3551	98	-17	17	3551	98	-17	17	3551	98	-17	17	3551	98	-17	17	3551	98	-17	17	3551	98	-17	17	3551	98	-17	17	3551	98	-17	17	3551	98	-17	17	3551	98	-17	17	3551	98	-17	17	3551	98	-17	17	3551	98	-17	17	3551	98	-17	17	3551	98	-17	17	3551	98	-17	17	3551	98	-17	17	3551	98	-17	17	3551
99	-123	24	3575	99	-123	24	3575	99	-123	24	3575	99	-123	24	3575	99	-123	24	3575	99	-123	24	3575	99	-123	24	3575	99	-123	24	3575	99	-123	24	3575	99	-123	24	3575	99	-123	24	3575	99	-123	24	3575	99	-123	24	3575	99	-123	24	3575	99	-123	24	3575	99	-123	24	3575	99	-123	24	3575	99	-123	24	3575	99	-123	24	3575	99	-123	24	3575	99	-123	24	3575	99	-123	24	3575
100	-14	14	3589	100	-14	14	3589	100	-14	14	3589	100	-14	14	3589	100	-14	14	3589	100	-14	14	3589	100	-14	14	3589	100	-14	14	3589	100	-14	14	3589	100	-14	14	3589	100	-14	14	3589	100	-14	14	3589	100	-14	14	3589	100	-14	14	3589	100	-14	14	3589	100	-14	14	3589	100	-14	14	3589	100	-14	14	3589	100	-14	14	3589	100	-14	14	3589	100	-14	14	3589	100	-14	14	3589
101	-13	13	3602	101	-13	13	3602	101	-13	13	3602	101	-13	13	3602	101	-13	13	3602	101	-13	13	3602	101	-13	13	3602	101	-13	13	3602	101	-13	13	3602	101	-13	13	3602	101	-13	13	3602	101	-13	13	3602	101	-13	13	3602	101	-13	13	3602	101	-13	13	3602	101	-13	13	3602	101	-13	13	3602	101	-13	13	3602	101	-13	13	3602	101	-13	13	3602	101	-13	13	3602	101	-13	13	3602
102	-13	13	3615	102	-13	13	3615	102	-13	13	3615	102	-13	13	3615	102	-13	13	3615	102	-13	13	3615	102	-13	13	3615	102	-13	13	3615	102	-13	13	3615	102	-13	13	3615	102	-13	13	3615	102	-13	13	3615	102	-13	13	3615	102	-13	13	3615	102	-13	13	3615	102	-13	13	3615	102	-13	13	3615	102	-13	13	3615	102	-13	13	3615	102	-13	13	3615	102	-13	13	3615	102	-13	13	3615
103	-13	13	3628	103	-13	13	3628	103	-13	13	3628	103	-13	13	3628	103	-13	13	3628	103	-13	13	3628	103	-13	13	3628	103	-13	13	3628	103	-13	13	3628	103	-13	13	3628	103	-13	13	3628	103	-13	13	3628	103	-13	13	3628	103	-13	13	3628	103	-13	13	3628	103	-13	13	3628	103	-13	13	3628	103	-13	13	3628	103	-13	13	3628	103	-13	13	3628	103	-13	13	3628	103	-13	13	3628
104	-13	13	3641	104	-13	13	3641	104	-13	13	3641	104	-13	13	3641	104	-13	13	3641	104	-13	13	3641	104	-13	13	3641	104	-13	13	3641	104	-13	13	3641	104	-13	13	3641	104	-13	13	3641	104	-13	13	3641	104	-13	13	3641	104	-13	13	3641	104	-13	13	3641	104	-13	13	3641	104	-13	13	3641	104	-13	13	3641	104	-13	13	3641	104	-13	13	3641	104	-13	13	3641	104	-13	13	3641
105	-13	13	3654	105	-13	13	3654	105	-13	13	3654	105	-13	13	3654	105	-13	13	3654	105	-13	13	3654	105	-13	13	3654	105	-13	13	3654	105	-13	13	3654	105	-13	13	3654	105	-13	13	3654	105	-13	13	3654	105	-13	13	3654	105	-13	13	3654	105	-13	13	3654	105	-13	13	3654	105	-13	13	3654	105	-13	13	3654	105	-13	13	3654	105	-13	13	3654	105	-13	13	3654	105	-13	13	3654
106	-17	17	3671	106	-17	17	3671	106	-17	17	3671	106	-17	17	3671	106	-17	17	3671	106	-17	17	3671	106	-17	17	3671	106	-17	17	3671	106	-17	17	3671	106	-17	17	3671	106	-17	17	3671	106	-17	17	3671	106	-17	17	3671	106	-17	17	3671	106	-17	17	3671	106	-17	17	3671	106	-17	17	3671	106	-17	17	3671	106	-17	17	3671	106	-17	17	3671	106	-17	17	3671	106	-17	17	3671
107	-113	14	3685	107	-113	14	3685	107	-113	14	3685	107	-113	14	3685	107	-113	14	3685	107	-113	14	3685	107	-113	14	3685	107	-113	14	3685	107	-113	14	3685	107	-113	14	3685	107	-113	14	3685	107	-113	14	3685	107	-113	14	3685	107	-113	14	3685	107	-113	14	3685	107	-113	14	3685	107	-113	14	3685	107	-113	14	3685	107	-113	14	3685	107	-113	14	3685	107	-113	14	3685	107	-113	14	3685
108	-219	21	3706	108	-219	21	3706	108	-219	21	3706	108	-219	21	3706	108	-219	21	3706	108	-219	21	3706	108	-219	21	3706	108	-219	21	3706	108	-219	21	3706	108	-219	21	3706	108	-219	21	3706	108	-219	21	3706	108	-219	21	3706	108	-219	21	3706	108	-219	21	3706	108	-219	21	3706	108	-219	21	3706	108	-219	21	3706	108	-219	21	3706	108	-219	21	3706	108	-219	21	3706	108	-219	21	3706
109	-13	13	3719	109	-13	13	3719	109	-13	13	3719	109	-13	13	3719	109	-13	13	3719	109	-13	13	3719	109	-13	13	3719	109	-13	13	3719	109	-13	13	3719	109	-13	13	3719	109	-13	13	3719	109	-13	13	3719	109	-13	13	3719	109	-13	13	3719	109	-13	13	3719	109	-13	13	3719	109	-13	13	3719	109	-13	13	3719	109	-13	13	3719	109	-13	13	3719	109	-13	13	3719	109	-13	13	3719
110	-435	39	3758	110	-435	39	3758	110	-435	39	3758	110	-435	39	3758	110	-435	39	3758	110	-435	39	3758	110	-435	39	3758	110	-435	39	3758	110	-435	39	3758	110	-435	39	3758	110	-435	39	3758	110	-435	39	3758	110	-435	39	3758	110	-435	39	3758	110	-435	39	3758	110	-435	39	3758	110	-435	39	3758	110	-435	39	3758	110	-435	39	3758	110	-435	39	3758	110	-435	39	3758	110	-435	39	3758
111	-15	15	3773	111	-15	15	3773	111	-15	15	3773	111	-15	15	3773	111	-15	15	3773	111	-15	15	3773	111	-15	15	3773	111	-15	15	3773	111	-15	15	3773	111	-15	15	3773	111	-15	15	3773	111	-15	15	3773	111	-15	15	3773	111	-15	15	3773	111	-15	15	3773	111	-15	15	3773	111	-15	15	3773	111	-15	15	3773	111	-15	15	3773	111	-15	15	3773	111	-15	15	3773	111	-15	15	3773
112	-20	20	3793	112	-20	20	3793	112	-20	20	3793	112	-20	20	3793	112	-20	20	3793	112	-20	20	3793	112	-20	20	3793	112	-20	20	3793	112	-20	20	3793	112	-20	20	3793	112	-20	20	3793	112	-20	20	3793	112	-20	20	3793	112	-20	20	3793	112	-20	20	3793	112	-20	20	3793	112	-20	20	3793	112	-20	20	3793	112	-20	20	3793	112	-20	20	3793	112	-20	20	3793	112	-20	20	3793
113	-15	15	3808	113	-15	15	3808	113	-15	15	3808	113	-15	15	3808	113	-15	15	3808	113	-15	15	3808	113	-15	15	3808	113	-15	15	3808	113	-15	15	3808	113	-15	15	3808	113	-15	15	3808	113	-15	15	3808	113	-15	15	3808	113	-15	15	3808	113	-15	15	3808	113	-15	15	3808	113	-15	15	3808	113	-15	15	3808	113	-15	15	3808	113	-15	15	3808	113	-15	15	3808	113	-15	15	3808
114	-231	33	3841	114	-231	33	3841	114	-231	33	3841	114	-231	33	3841	114	-231	33	3841	114	-231	33	3841	114	-231	33	3841	114	-231	33	3841	114	-231	33	3841	114	-231	33	3841	114	-231	33	3841	114	-231	33	3841	114	-231	33	3841	114	-231	33	3841	114	-231	33	3841	114	-231	33	3841	114	-231	33	3841	114	-231	33	3841	114	-231	33	3841	114	-231	33	3841	114	-231	33	3841	114	-231	33	3841
115	-118	19	3860	115	-118	19	3860	115	-118	19	3860	115	-118	19	3860	115	-118	19	3860	115	-118	19	3860	115	-118	19	3860	115	-118	19	3860	115	-118	19	3860	115	-118	19	3860	115	-118	19	3860	115	-118	19	3860	115	-118	19	3860	115	-118	19	3860	115	-118	19	3860	115	-118	19	3860	115	-118	19	3860	115	-118	19	3860	115	-118	19	3860	115	-118	19	3860	115	-118	19	3860	115	-118	19	3860
116	-13	13	3873	116	-13	13	3873	116	-13	13	3873	116	-13	13	3873	116	-13	13	3873	116	-13	13	3873	116	-13	13	3873	116	-13	13	3873	116	-13	13	3873	116	-13	13	3873	116	-13	13	3873	116	-13	13	3873	116	-13	13	3873	116	-13	13	3873	116	-13	13	3873	116	-13	13	3873	116	-13	13	3873	116	-13	13	3873	116	-13	13	3873	116	-13	13	3873	116	-13	13	3873	116	-13	13	3873
117	-17	17	3890	117	-17	17	3890	117	-17	17	3890	117	-17	17	3890	117	-17	17	3890	117	-17	17	3890	117	-17	17	3890	117	-17	17	3890	117	-17	17	3890	117	-17	17	3890	117	-17	17	3890	117	-17	17	3890	117	-17	17	3890	117	-17	17	3890	117	-17	17	3890	117	-17	17	3890	117	-17	17	3890	117	-17	17	3890	117	-17	17	3890	117	-17	17	3890	117	-17	17	3890	117	-17	17	3890
118	-122	23	3913	118	-122	23	3913	118	-122	23	3913	118	-122	23	3913	118	-122	23	3913	118	-122	23	3913	118	-122	23	3913	118	-122	23	3913	118	-122	23	3913	118	-122	23	3913	118	-122	23	3913	118	-122	23	3913	118	-122	23	3913	118	-122	23	3913	118	-122	23	3913	118	-122	23	3913	118	-122	23	3913	118	-122	23	3913	118	-122	23	3913	118	-122	23	3913	118	-122	23	3913	118	-122	23	3913
119	-122	23	3936	119	-122	23	3936	119	-122	23	3936	119	-122	23	3936	119	-122	23	3936	119	-122	23	3936	119	-122	23	3936	119	-122	23	3936	119	-122	23	3936	119	-122	23	3936	119	-122	23	3936	119	-122	23	3936	119	-122	23	3936	119	-122	23	3936	119	-122	23	3936	119	-122	23	3936	119	-122	23	3936	119	-122	23	3936	119	-122	23	3936	119	-122	23	3936	119	-122	23	3936	119	-122	23	3936
120	-15	15	3951	120	-15	15	3951	120	-15	15	3951	120	-15	15	3951	120	-15	15	3951	120	-15	15	3951	120	-15	15	3951	120	-15	15	3951	120	-15	15	3951	120	-15	15	3951	120	-15	15	3951	120	-15	15	3951	120	-15	15	3951	120	-15	15	3951	120	-15	15	3951	120	-15	15	3951	120	-15	15	3951	120	-15	15	3951	120	-15	15	3951	120	-15	15	3951	120	-15	15	3951	120	-15	15	3951
121	-13	13	3964	121	-13	13	3964	121	-13	13	3964	121	-13	13	3964	121	-13	13	3964	121	-13	13	3964	121	-13	13	3964	121	-13	13	3964	121	-13	13	3964	121	-13	13	3964	121	-13	13	3964	121	-13	13	3964	121	-13	13	3964	121	-13	13	3964	121	-13	13	3964	121	-13	13	3964	121	-13	13	3964	121	-13	13	3964	121	-13	13	3964	121	-13	13	3964	121	-13	13	3964	121	-13	13	3964
122	-15	15	3979	122	-15	15	3979	122	-15	15	3979	122	-15	15	3979	122	-15	15	3979	122	-15	15	3979	122	-15	15	3979	122	-15	15	3979	122	-15	15	3979	122	-15	15	3979	122	-15	15	3979	122	-15	15	3979	122	-15	15	3979	122	-15	15	3979	122	-15	15	3979	122	-15	15	3979	122	-15	15	3979	122	-15	15	3979	122	-15	15	3979	122	-15	15	3979	122	-15	15	3979	122	-15	15	3979
123	-15	15	3994	123	-15	15	3994	123	-15	15	3994	123	-15	15	3994	123	-15	15	3994	123	-15	15	3994	123	-15	15	3994	123	-15	15	3994	123	-15	15	3994	123	-15	15	3994	123	-15	15	3994	123	-15	15	3994	123	-15	15	3994	123	-15	15	3994	123	-15	15	3994	123	-15	15	3994	123	-15	15	3994	123	-15	15	3994	123	-15	15	3994	123	-15	15	3994	123	-15	15	3994	123	-15	15	3994
124	-13	13	4007	124	-13	13	4007	124	-13	13	4007	124	-13	13	4007	124	-13	13	4007	124	-13	13	4007	124	-13	13	4007	124	-13	13	4007	124	-13	13	4007	124	-13	13	4007	124	-13	13	4007	124	-13	13	4007	124	-13	13	4007	124	-13	13	4007	124	-13	13	4007	124	-13	13	4007	124	-13	13	4007	124	-13	13	4007	124	-13	13	4007	124	-13	13	4007	124	-13	13	4007	124	-13	13	4007
125	-17	17	4024	125	-17	17	4024	125	-17	17	4024	125	-17	17	4024	125	-17	17	4024	125	-17	17	4024	125	-17	17	4024	125	-17	17	4024	125	-17	17	4024	125	-17	17	4024	125	-17	17	4024	125	-17	17	4024	125	-17	17	4024	125	-17	17	4024	125	-17	17	4024	125	-17	17	4024	125	-17	17	4024	125	-17	17	4024	125	-17	17	4024	125	-17	17	4024	125	-17	17	4024	125	-17	17	4024
126	-227	29	4053	126	-227	29	4053	126	-227	29	4053	126	-227	29	4053	126	-227	29	4053	126	-227	29	4053	126	-227	29	4053	126	-227	29	4053	126	-227	29	4053	126	-227	29	4053	126	-227	29	4053	126	-227	29	4053	126	-227	29	4053	126	-227	29	4053	126	-227	29	4053	126	-227	29	4053	126	-227	29	4053	126	-227	29	4053	126	-227	29	4053	126	-227	29	4053	126	-227	29	4053	126	-227	29	4053
127	-229	31	4084	127	-229	31	4084	127	-229	31	4084	127	-229	31	4084	127	-229	31	4084	127	-229	31	4084	127	-229	31	4084	127	-229	31	4084	127	-229	31	4084	127	-229	31	4084	127	-229	31	4084	127	-229	31	4084	127	-229	31	4084	127	-229	31	4084	127	-229	31	4084	127	-229	31	4084	127	-229	31	4084	127	-229	31	4084	127	-229	31	4084	127	-229	31	4084	127	-229	31	4084	127	-229	31	4084
128	-17	17	4101	128	-17	17	4101	128	-17	17	4101	128	-17	17	4101	128	-17	17	4101	128	-17	17	4101	128	-17	17	4101	128	-17	17	4101	128	-17	17	4101	128	-17	17	4101	128	-17	17	4101	128	-17	17	4101	128	-17	17	4101	128	-17	17	4101	128	-17	17	4101	128	-17	17	4101	128	-17	17	4101	128	-17	17	4101	128	-17	17	4101	128	-17	17	4101	128	-17	17	4101	128	-17	17	4101
129	-13	13	4114	129	-13	13	4114	129	-13	13	4114	129	-13	13	4114	129	-13	13	4114	129	-13	13	4114	129	-13	13	4114	129	-13	13	4114	129	-13	13	4114	129	-13	13	4114	129	-13	13	4114	129	-13	13	4114	129	-13	13	4114	129	-13	13	4114	129	-13	13	4114	129	-13	13	4114	129	-13	13	4114	129	-13	13	4114	129	-13	13	4114	129	-13	13	4114	129	-13	13	4114	129	-13	13	4114
130	-29	29	4143	130	-29	29	4143	130	-29	29	4143	130	-29	29	4143	130	-29	29	4143	130	-29	29	4143	130	-29	29	4143	130	-29	29	4143	130	-29	29	4143	130	-29	29	4143	130	-29	29	4143	130	-29	29	4143	130	-29	29	4143	130	-29	29	4143	130	-29	29	4143	130	-29	29	4143	130	-29	29	4143	130	-29	29	4143	130	-29	29	4143	130	-29	29	4143	130	-29	29	4143	130	-29	29	4143
131	-123	24	4167	131	-123	24	4167	131	-123	24	4167	131	-123	24	4167	131	-123	24	4167	131	-123	24	4167	131	-123	24	4167	131	-123	24	4167	131	-123	24	4167	131	-123	24	4167	131	-123	24	4167	131	-123	24	4167	131	-123	24	4167	131	-123	24	4167	131	-123	24	4167	131	-123	24	4167	131	-123	24	4167	131	-123	24	4167	131	-123	24	4167	131	-123	24	4167	131	-123	24	4167	131	-123	24	4167
132	-15	15	4182	132	-15	15	4182	132	-15	15	4182	132	-15	15	4182	132	-15	15	4182	132	-15	15	4182	132	-15	15	4182	132	-15	15	4182	132	-15	15	4182	132	-15	15	4182	132	-15	15	4182	132	-15	15	4182	132	-15	15	4182	132	-15	15	4182	132	-15	15	4182	132	-15	15	4182	132	-15	15	4182	132	-15	15	4182	132	-15	15	4182	132	-15	15	4182	132	-15	15	4182	132	-15	15	4182
133	-19	19	4201	133	-19	19	4201	133	-19	19	4201	133	-19	19	4201	133	-19	19	4201	133	-19	19	4201	133	-19	19	4201	133	-19	19	4201	133	-19	19	4201	133	-19	19	4201	133	-19	19	4201	133	-19	19	4201	133	-19	19	4201	133	-19	19	4201	133	-19	19	4201	133	-19	19	4201	133	-19	19	4201	133	-19	19	4201	133	-19	19	4201	133	-19	19	4201	133	-19	19	4201	133	-19	19	4201
134	-13	13	4214	134	-13	13	4214	134	-13	13	4214	134	-13	13	4214	134	-13	13	4214	134	-13	13	4214	134	-13	13	4214	134	-13	13	4214	134	-13	13	4214	134	-13	13	4214	134	-13	13	4214	134	-13	13	4214	134	-13	13	4214	134	-13	13	4214	134	-13	13	4214	134	-13	13	4214	134	-13	13	4214	134	-13	13	4214	134	-13	13	4214	134	-13	13	4214	134	-13	13	4214	134	-13	13	4214
135	-124	25	4239	135	-124	25	4239	135	-124	25	4239	135	-124	25	4239	135	-124	25	4239	135	-124	25	4239	135	-124	25	4239	135	-124	25	4239	135	-124	25	4239	135	-124	25	4239	135	-124	25	4239	135	-124	25	4239	135	-124	25	4239	135	-124	25	4239	135	-124	25	4239	135	-124	25	4239	135	-124	25	4239	135	-124	25	4239	135	-124	25	4239	135	-124	25	4239	135	-124	25	4239	135	-124	25	4239
136	-17	17	4256	136	-17	17	4256	136	-17	17	4256	136	-17	17	4256	136	-17	17	4256	136	-17	17	4256	136	-17	17	4256	136	-17	17	4256	136	-17	17	4256	136	-17	17	4256	136	-17	17	4256	136	-17	17	4256	136	-17	17	4256	136	-17	17	4256	136	-17	17	4256	136	-17	17	4256	136	-17	17	4256	136	-17	17	4256	136	-17	17	4256	136	-17	17	4256	136	-17	17	4256	136	-17	17	4256
137	-124	25	4281	137	-124	25	4281	137	-124	25	4281	137	-124	25	4281	137	-124	25	4281	137	-124	25	4281	137	-124	25	4281	137	-124	25	4281	137	-124	25	4281	137	-124	25	4281	137	-124	25	4281	137	-124	25	4281	137	-124	25	4281	137	-124	25	4281	137	-124	25	4281	137	-124	25	4281	137	-124	25	4281	137	-124	25	4281	137	-124	25	4281	137	-124	25	4281	137	-124	25	4281	137	-124	25	4281
138	-13	13	4294	138	-13	13	4294	138	-13	13	4294	138	-13	13	4294	138	-13	13	4294	138	-13	13	4294	138	-13	13	4294	138	-13	13	4294	138	-13	13	4294	138	-13	13	4294	138	-13	13	4294	138	-13	13	4294	138	-13	13	4294	138	-13	13	4294	138	-13	13	4294	138	-13	13	4294	138	-13	13	4294	138	-13	13	4294	138	-13	13	4294	138	-13	13	4294	138	-13	13	4294	138	-13	13	4294
139	-13	13	4307	139	-13	13	4307	139	-13	13	4307	139	-13	13	4307	139	-13	13	4307	139	-13	13	4307	139	-13	13	4307	139	-13	13	4307	139	-13	13	4307	139	-13	13	4307	139	-13	13	4307	139	-13	13	4307	139	-13	13	4307	139	-13	13	4307	139	-13	13	4307	139	-13	13	4307	139	-13	13	4307	139	-13	13	4307	139	-13	13	4307	139	-13	13	4307	139	-13	13	4307	139	-13	13	4307
140	-13	13	4320	140	-13	13	4320	140	-13	13	4320	140	-13	13	4320	140	-13	13	4320	140	-13	13	4320	140	-13	13	4320	140	-13	13	4320	140	-13	13	4320	140	-13	13	4320	140	-13	13	4320	140	-13	13	4320	140	-13	13	4320	140	-13	13	4320	140	-13	13	4320	140	-13	13	4320	140	-13	13	4320	140	-13	13	4320	140	-13	13	4320	140	-13	13	4320	140	-13	13	4320	140	-13	13	4320
141	-13	13	4333	141	-13	13	4333	141	-13	13	4333	141	-13	13	4333	141	-13	13	4333	141	-13	13	4333	141	-13	13	4333	141	-13	13	4333	141	-13	13	4333	141	-13	13	4333	141	-13	13	4333	141	-13	13	4333	141	-13	13	4333	141	-13	13	4333	141	-13	13	4333	141	-13	13	4333	141	-13	13	4333	141	-13	13	4333	141	-13	13	4333	141	-13	13	4333	141	-13	13	4333	141	-13	13	4333
142	-13	13	4346	142	-13	13	4346	142	-13	13	4346	142	-13	13	4346	142	-13	13	4346	142	-13	13	4346	142	-13	13	4346	142	-13	13	4346	142	-13	13	4346	142	-13	13	4346	142	-13	13	4346	142	-13	13	4346	142	-13	13	4346	142	-13	13	4346	142	-13	13	4346	142	-13	13	4346	142	-13	13	4346	142	-13	13	4346	142	-13	13	4346	142	-13	13	4346	142	-13	13	4346	142	-13	13	4346
143	-17	17	4363	143	-17	17	4363	143	-17	17	4363	143	-17	17	4363	143	-17	17	4363	143	-17	17	4363	143	-17	17	4363	143	-17	17	4363	143	-17	17	4363	143	-17	17	4363	143	-17	17	4363	143	-17	17	4363	143	-17	17	4363	143	-17	17	4363	143	-17	17	4363	143	-17	17	4363	143	-17	17	4363	143	-17	17	4363	143	-17	17	4363	143	-17	17	4363	143	-17	17	4363	143	-17	17	4363
144	-13	13	4376	144	-13	13	4376	144	-13	13	4376	144	-13	13	4376	144	-13	13	4376	144	-13	13	4376	144	-13	13	4376	144	-13	13	4376	144	-13	13	4376	144	-13	13	4376	144	-13	13	4376	144	-13	13	4376	144	-13	13	4376	144	-13	13	4376	144	-13	13	4376	144	-13	13	4376	144	-13	13	4376	144	-13	13	4376	144	-13	13	4376	144	-13	13	4376	144	-13	13	4376	144	-13	13	4376
145	-120	21	4397	145	-120	21	4397	145	-120	21	4397	145	-120	21	4397	145	-120	21	4397	145	-120	21	4397	145	-120	21	4397	145	-120	21	4397	145	-120	21	4397	145	-120	21	4397	145	-120	21	4397	145	-120	21	4397	145	-120	21	4397	145	-120	21	4397	145	-120	21	4397	145	-120	21	4397	145	-120	21	4397	145	-120	21	4397	145	-120	21	4397	145	-120	21	4397	145	-120	21	4397	145	-120	21	4397
146	-18	18	4415	146	-18	18	4415	146	-18	18	4415	146	-18	18	4415	146	-18	18	4415	146	-18	18	4415	146	-18	18	4415	146	-18	18	4415	146	-18	18	4415	146	-18	18	4415	146	-18	18	4415	146	-18	18	4415	146	-18	18	4415	146	-18	18	4415	146	-18	18	4415	146	-18	18	4415	146	-18	18	4415	146	-18	18	4415	146	-18	18	4415	146	-18	18	4415	146	-18	18	4415	146	-18	18	4415
147	-13	13	4428	147	-13	13	4428	147	-13	13	4428	147	-13	13	4428	147	-13	13	4428	147	-13	13	4428	147	-13	13	4428	147	-13	13	4428	147	-13	13	4428	147	-13	13	4428	147	-13	13	4428	147	-13	13	4428	147	-13	13	4428	147	-13	13	4428	147	-13	13	4428	147	-13	13	4428	147	-13	13	4428	147	-13	13	4428	147	-13	13	4428	147	-13	13	4428	147	-13	13	4428	147	-13	13	4428
148	-15	15	4443	148	-15	15	4443	148	-15	15	4443	148	-15	15	4443	148	-15	15	4443	148	-15	15	4443	148	-15	15	4443	148	-15	15	4443	148	-15	15	4443	148	-15	15	4443	148	-15	15	4443	148	-15	15	4443	148	-15	15	4443	148	-15	15	4443	148	-15	15	4443	148	-15	15	4443	148	-15	15	4443	148	-15	15	4443	148	-15	15	4443	148	-15	15	4443	148	-15	15	4443	148	-15	15	4443
149	-17	17	4460	149	-17	17	4460	149	-17	17	4460	149	-17	17	4460	149	-17	17	4460	149	-17	17	4460	149	-17	17	4460	149	-17	17	4460	149	-17	17	4460	149	-17	17	4460	149	-17	17	4460	149	-17	17	4460	149	-17	17	4460	149	-17	17	4460	149	-17	17	4460	149	-17	17	4460	149	-17	17	4460	149	-17	17	4460	149	-17	17	4460	149	-17	17	4460	149	-17	17	4460	149	-17	17	4460
150	-16	16	4476	150	-16	16	4476	150	-16	16	4476	150	-16	16	4476	150	-16	16	4476	150	-16	16	4476	150	-16	16	4476	150	-16	16	4476	150	-16	16	4476	150	-16	16	4476	150	-16	16	4476	150	-16	16	4476	150	-16	16	4476	150	-16	16	4476	150	-16	16	4476	150	-16	16	4476	150	-16	16	4476	150	-16	16	4476	150	-16	16	4476	150	-16	16	4476	150	-16	16	4476	150	-16	16	4476
151	-13	13	4489	151	-13	13	4489	151	-13	13	4489	151	-13	13	4489	151	-13	13	4489	151	-13	13	4489	151	-13	13	4489	151	-13	13	4489	151	-13	13	4489	151	-13	13	4489	151	-13	13	4489	151	-13	13	4489	151	-13	13	4489	151	-13	13	4489	151	-13	13	4489	151	-13	13	4489	151	-13	13	4489	151	-13	13	4489	151	-13	13	4489	151	-13	13	4489	151	-13	13	4489	151	-13	13	4489
152	-15	15	4504	152	-15	15	4504	152	-15	15	4504	152	-15	15	4504	152	-15	15	4504	152	-15	15	4504	152	-15	15	4504	152	-15	15	4504	152	-15	15	4504	152	-15	15	4504	152	-15	15	4504	152	-15	15	4504	152	-15	15	4504	152	-15	15	4504	152	-15	15	4504	152	-15	15	4504	152	-15	15	4504	152	-15	15	4504	152	-15	15	4504	152	-15	15	4504	152	-15	15	4504	152	-15	15	4504
153	-17	17	4521	153	-17	17	4521	153	-17	17	4521	153	-17	17	4521	153	-17	17	4521	153	-17	17	4521	153	-17	17	4521	153	-17	17	4521	153	-17	17	4521	153	-17	17	4521	153	-17	17	4521	153	-17	17	4521	153	-17	17	4521	153	-17	17	4521	153	-17	17	4521	153	-17	17	4521	153	-17	17	4521	153	-17	17	4521	153	-17	17	4521	153	-17	17	4521	153	-17	17	4521	153	-17	17	4521
154	-13	13	4534	154	-13	13	4534	154	-13	13	4534	154	-13	13	4534	154	-13	13	4534	154	-13	13	4534	154	-13	13	4534	154	-13	13	4534	154	-13	13	4534	154	-13	13	4534	154	-13	13	4534	154	-13	13	4534	154	-13	13	4534	154	-13	13	4534	154	-13	13	4534	154	-13	13	4534	154	-13	13	4534	154	-13	13	4534	154	-13	13	4534	154	-13	13	4534	154	-13	13	4534	154	-13	13	4534
155	-15	15	4549	155	-15	15	4549	155	-15	15	4549	155	-15	15	4549	155	-15	15	4549	155	-15	15	4549	155	-15	15	4549	155	-15	15	4549	155	-15	15	4549	155	-15	15	4549	155	-15	15	4549	155	-15	15	4549	155	-15	15	4549	155	-15	15	4549	155	-15	15	4549	155	-15	15	4549	155	-15	15	4549	155	-15	15	4549	155	-15	15	4549	155	-15	15	4549	155	-15	15	4549	155	-15	15	4549
156	-13	13	4562	156	-13	13	4562	156	-13	13	4562	156	-13	13	4562	156	-13	13	4562	156	-13	13	4562	156	-13	13	4562	156	-13	13	4562	156	-13	13	4562	156	-13	13	4562	156	-13	13	4562	156	-13	13	4562	156	-13	13	4562	156	-13	13	4562	156	-13	13	4562	156	-13	13	4562	156	-13	13	4562	156	-13	13	4562	156	-13	13	4562	156	-13	13	4562	156	-13	13	4562	156	-13	13	4562
157	-13	13	4575	157	-13	13	4575	157	-13	13	4575	157	-13	13	4575	157	-13	13	4575	157	-13	13	4575	157	-13	13	4575	157	-13	13	4575	157	-13	13	4575	157	-13	13	4575	157	-13	13	4575	157	-13	13	4575	157	-13	13	4575	157	-13	13	4575	157	-13	13	4575	157	-13	13	4575	157	-13	13	4575	157	-13	13	4575	157	-13	13	4575	157	-13	13	4575	157	-13	13	4575	157	-13	13	4575
158	-13	13	4588	158	-13	13	4588	158	-13	13	4588	158	-13	13	4588	158	-13	13	4588	158	-13	13	4588	158	-13	13	4588	158	-13	13	4588	158	-13	13	4588	158	-13	13	4588	158	-13	13	4588	158	-13	13	4588	158	-13	13	4588	158	-13	13	4588	158	-13	13	4588	158	-13	13	4588	158	-13	13	4588	158	-13	13	4588	158	-13	13	4588	158	-13	13	4588	158	-13	13	4588	158	-13	13	4588
159	-13	13	4601	159	-13	13	4601	159	-13	13	4601	159	-13	13	4601	159	-13	13	4601	159	-13	13	4601	159	-13	13	4601	159	-13	13	4601	159	-13	13	4601	159	-13	13	4601	159	-13	13	4601	159	-13	13	4601	159	-13	13	4601	159	-13	13	4601	159	-13	13	4601	159	-13	13	4601	159	-13	13	4601	159	-13	13	4601	159	-13	13	4601	159	-13	13	4601	159	-13	13	4601	159	-13	13	4601
160	-13	13	4614	160	-13	13	4614	160	-13	13	4614	160	-13	13	4614	160	-13	13	4614	160	-13	13	4614	160	-13	13	4614	160	-13	13	4614	160	-13	13	4614	160	-13	13	4614	160	-13	13	4614	160	-13	13	4614	160	-13	13	4614	160	-13	13	4614	160	-13	13	4614	160	-13	13	4614	160	-13	13	4614	160	-13	13	4614	160	-13	13	4614	160	-13	13	4614	160	-13	13	4614	160	-13	13	4614
161	-26	26	4640	161	-26	26	4640	161	-26	26	4640	161	-26	26	4640	161	-26	26	4640	161	-26	26	4640	161	-26	26	4640	161	-26	26	4640	161	-26	26	4640	161	-26	26	4640	161	-26	26	4640	161	-26	26	4640	161	-26	26	4640	161	-26	26	4640	161	-26	26	4640	161	-26	26	4640	161	-26	26	4640	161	-26	26	4640	161	-26	26	4640	161	-26	26	4640	161	-26	26	4640	161	-26	26	4640
162	-21	21	4661	162	-21	21	4661	162	-21	21	4661	162	-21	21	4661	162	-21	21	4661	162	-21	21	4661	162	-21	21	4661	162	-21	21	4661	162	-21	21	4661	162	-21	21	4661	162	-21	21	4661	162	-21	21	4661	162	-21	21	4661	162	-21	21	4661	162	-21	21	4661	162	-21	21	4661	162	-21	21	4661	162	-21	21	4661	162	-21	21	4661	162	-21	21	4661	162	-21	21	4661	162	-21	21	4661
163	-15	15	4676	163	-15	15	4676	163	-15	15	4676	163	-15	15	4676	163	-15	15	4676	163	-15	15	4676	163	-15	15	4676	163	-15	15	4676	163	-15	15	4676	163	-15	15	4676	163	-15	15	4676	163	-15	15	4676	163	-15	15	4676	163	-15	15	4676	163	-15	15	4676	163	-15	15	4676	163	-15	15	4676	163	-15	15	4676	163	-15	15	4676	163	-15	15	4676	163	-15	15	4676	163	-15	15	4676
164	-13	13	4689	164	-13	13	4689	164	-13	13	4689	164	-13	13	4689	164	-13	13	4689	164	-13	13	4689	164	-13	13	4689	164	-13	13	4689	164	-13	13	4689	164	-13	13	4689	164	-13	13	4689	164	-13	13	4689	164	-13	13	4689	164	-13	13	4689	164	-13	13	4689	164	-13	13	4689	164	-13	13	4689	164	-13	13	4689	164	-13	13	4689	164	-13	13	4689	164	-13	13	4689	164	-13	13	4689
165	-13	13	4702	165	-13	13	4702	165	-13	13	4702	165	-13	13	4702	165	-13	13	4702	165	-13	13	4702	165	-13	13	4702	165	-13	13	4702	165	-13	13	4702	165	-13	13	4702	165	-13	13	4702	165	-13	13	4702	165	-13	13	4702	165	-13	13	4702	165	-13	13	4702	165	-13	13	4702	165	-13	13	4702	165	-13	13	4702	165	-13	13	4702	165	-13	13	4702	165	-13	13	4702	165	-13	13	4702
166	-13	13	4715	166	-13	13	4715	166	-13	13	4715	166	-13	13	4715	166	-13	13	4715	166	-13	13	4715	166	-13	13	4715	166	-13	13	4715	166	-13	13	4715	166	-13	13	4715	166	-13	13	4715	166	-13	13	4715	166	-13	13	4715	166	-13	13	4715	166	-13	13	4715	166	-13	13	4715	166	-13	13	4715	166	-13	13	4715	166	-13	13	4715	166	-13	13	4715	166	-13	13	4715	166	-13	13	4715
167	-13	13	4728	167	-13	13	4728	167	-13	13	4728	167	-13	13	4728	167	-13	13	4728	167	-13	13	4728	167	-13	13	4728	167	-13	13	4728	167	-13	13	4728	167	-13	13	4728	167	-13	13	4728	167	-13	13	4728	167	-13	13	4728	167	-13	13	4728	167	-13	13	4728	167	-13	13	4728	167	-13	13	4728	167	-13	13	4728	167	-13	13	4728	167	-13	13	4728	167	-13	13	4728	167	-13	13	4728
168	-15	15	4743	168	-15	15	4743	168	-15	15	4743	168	-15	15	4743	168	-15	15	4743	168	-15	15	4743	168	-15	15	4743	168	-15	15	4743	168	-15	15	4743	168	-15	15	4743	168	-15	15	4743	168	-15	15	4743	168	-15	15	4743	168	-15	15	4743	168	-15	15	4743	168	-15	15	4743	168	-15	15	4743	168	-15	15	4743	168	-15	15	4743	168	-15	15	4743	168	-15	15	4743	168	-15	15	4743
169	-127	28	4771	169	-127	28	4771	169	-127	28	4771	169	-127	28	4771	169	-127	28	4771	169	-127	28	4771	169	-127	28	4771	169	-127	28	4771	169	-127	28	4771	169	-127	28	4771	169	-127	28	4771	169	-127	28	4771	169	-127	28	4771	169	-127	28	4771	169	-127	28	4771	169	-127	28	4771	169	-127	28	4771	169	-127	28	4771	169	-127	28	4771	169	-127	28	4771	169	-127	28	4771	169	-127	28	4771
170	-15	15	4786	170	-15	15	4786	170	-15	15	4786	170	-15	15	4786	170	-15	15	4786	170	-15	15	4786	170	-15	15	4786	170	-15	15	4786	170	-15	15	4786	170	-15	15	4786	170	-15	15	4786	170	-15	15	4786	170	-15	15	4786	170	-15	15	4786	170	-15	15	4786	170	-15	15	4786	170	-15	15	4786	170	-15	15	4786	170	-15	15	4786	170	-15	15	4786	170	-15	15	4786	170	-15	15	4786
171	-124	25	4811	171	-124	25	4811	171	-124	25	4811	171	-124	25	4811	171	-124	25	4811	171	-124	25	4811	171	-124	25	4811	171	-124	25	4811	171	-124	25	4811	171	-124	25	4811	171	-124	25	4811	171	-124	25	4811	171	-124	25	4811	171	-124	25	4811	171	-124	25	4811	171	-124	25	4811	171	-124	25	4811	171	-124	25	4811	171	-124	25	4811	171	-124	25	4811	171	-124	25	4811	171	-124	25	4811
172	-19	19	4830	172	-19	19	4830	172	-19	19	4830	172	-19	19	4830	172	-19	19	4830	172	-19	19	4830	172	-19	19	4830	172	-19	19	4830	172	-19	19	4830	172	-19	19	4830	172	-19	19	4830	172	-19	19	4830	172	-19	19	4830	172	-19	19	4830	172	-19	19	4830	172	-19	19	4830	172	-19	19	4830	172	-19	19	4830	172	-19	19	4830	172	-19	19	4830	172	-19	19	4830	172	-19	19	4830
173	-21	21	4851	173	-21	21	4851	173	-21	21	4851	173	-21	21	4851	173	-21	21	4851	173	-21	21	4851	173	-21	21	4851	173	-21	21	4851	173	-21	21	4851	173	-21	21	4851	173	-21	21	4851	173	-21	21	4851	173	-21	21	4851	173	-21	21	4851	173	-21	21	4851	173	-21	21	4851	173	-21	21	4851	173	-21	21	4851	173	-21	21	4851	173	-21	21	4851	173	-21	21	4851	173	-21	21	4851
174	-13	13	4864	174	-13	13	4864	174	-13	13	4864	174	-13	13	4864	174	-13	13	4864	174	-13	13	4864	174	-13	13	4864	174	-13	13	4864	174	-13	13	4864	174	-13	13	4864	174	-13	13	4864	174	-13	13	4864	174	-13	13	4864	174	-13	13	4864	174	-13	13	4864	174	-13	13	4864	174	-13	13	4864	174	-13	13	4864	174	-13	13	4864	174	-13	13	4864	174	-13	13	4864	174	-13	13	4864
175	-15	15	4879	175	-15	15	4879	175	-15	15	4879	175	-15	15	4879	175	-15	15	4879	175	-15	15	4879	175	-15	15	4879	175	-15	15	4879	175	-15	15	4879	175	-15	15	4879	175	-15	15	4879	175	-15	15	4879	175	-15	15	4879	175	-15	15	4879	175	-15	15	4879	175	-15	15	4879	175	-15	15	4879	175	-15	15	4879	175	-15	15	4879	175	-15	15	4879	175	-15	15	4879	175	-15	15	4879
176	-13	13	4892	176	-13	13	4892	176	-13	13	4892	176	-13	13	4892	176	-13	13	4892	176	-13	13	4892	176	-13	13	4892	176	-13	13	4892	176	-13	13	4892	176	-13	13	4892	176	-13	13	4892	176	-13	13	4892	176	-13	13	4892	176	-13	13	4892	176	-13	13	4892	176	-13	13	4892	176	-13	13	4892	176	-13	13	4892	176	-13	13	4892	176	-13	13	4892	176	-13	13	4892	176	-13	13	4892
177	-13	13	4905	177	-13	13	4905	177	-13	13	4905	177	-13	13	4905	177	-13	13	4905	177	-13	13	4905	177	-13	13	4905	177	-13	13	4905	177	-13	13	4905	177	-13	13	4905	177	-13	13	4905	177	-13	13	4905	177	-13	13	4905	177	-13	13	4905	177	-13	13	4905	177	-13	13	4905	177	-13	13	4905	177	-13	13	4905	177	-13	13	4905	177	-13	13	4905	177	-13	13	4905	177	-13	13	4905
178	-330	33	4938	178	-330	33	4938	178	-330	33	4938	178	-330	33	4938	178	-330	33	4938	178	-330	33	4938	178	-330	33	4938	178	-330	33	4938	178	-330	33	4938	178	-330	33	4938	178	-330	33	4938	178	-330	33	4938	178	-330	33	4938	178	-330	33	4938	178	-330	33	4938	178	-330	33	4938	178	-330	33	4938	178	-330	33	4938	178	-330	33	4938	178	-330	33	4938	178	-330	33	4938	178	-330	33	4938
179	-120	21	4959	179	-120	21	4959	179	-120	21	4959	179	-120	21	4959	179	-120	21	4959	179	-120	21	4959	179	-120	21	4959	179	-120	21	4959	179	-120	21	4959	179	-120	21	4959	179	-120	21	4959	179	-120	21	4959	179	-120	21	4959	179	-120	21	4959	179	-120	21	4959	179	-120	21	4959	179	-120	21	4959	179	-120	21	4959	179	-120	21	4959	179	-120	21	4959	179	-120	21	4959	179	-120	21	4959
180	-13	13	4972	180	-13	13	4972	180	-13	13	4972	180	-13	13	4972	180	-13	13	4972	180	-13	13	4972	180	-13	13	4972	180	-13	13	4972	180	-13	13	4972	180	-13	13	4972	180	-13	13	4972	180	-13	13	4972	180	-13	13	4972	180	-13	13	4972	180	-13	13	4972	180	-13	13	4972	180	-13	13	4972	180	-13	13	4972	180	-13	13	4972	180	-13	13	4972	180	-13	13	4972	180	-13	13	4972
181	-13	13	4985	181	-13	13	4985	181	-13	13	4985	181	-13	13	4985	181	-13	13	4985	181	-13	13	4985	181	-13	13	4985	181	-13	13	4985	181	-13	13	4985	181	-13	13	4985	181	-13	13	4985	181	-13	13	4985	181	-13	13	4985	181	-13	13	4985	181	-13	13	4985	181	-13	13	4985	181	-13	13	4985	181	-13	13	4985	181	-13	13	4985	181	-13	13	4985	181	-13	13	4985	181	-13	13	4985
182	-13	13	4998	182	-13	13	4998	182	-13	13	4998	182	-13	13	4998	182	-13	13	4998	182	-13	13	4998	182	-13	13	4998	182	-13	13	4998	182	-13	13	4998	182	-13	13	4998	182	-13	13	4998	182	-13	13	4998	182	-13	13	4998	182	-13	13	4998	182	-13	13	4998	182	-13	13	4998	182	-13	13	4998	182	-13	13	4998	182	-13	13	4998	182	-13	13	4998	182	-13	13	4998	182	-13	13	4998
183	-14	14	5012	183	-14	14	5012	183	-14	14	5012	183	-14	14	5012	183	-14	14	5012	183	-14	14	5012	183	-14	14	5012	183	-14	14	5012	183	-14	14	5012	183	-14	14	5012	183	-14	14	5012	183	-14	14	5012	183	-14	14	5012	183	-14	14	5012	183	-14	14	5012	183	-14	14	5012	183	-14	14	5012	183	-14	14	5012	183	-14	14	5012	183	-14	14	5012	183	-14	14	5012	183	-14	14	5012
184	-337	40	5052	184	-337	40	5052	184	-337	40	5052	184	-337	40	5052	184	-337	40	5052	184	-337	40	5052	184	-337	40	5052	184	-337	40	5052	184	-337	40	5052	184	-337	40	5052	184	-337	40	5052	184	-337	40	5052	184	-337	40	5052	184	-337	40	5052	184	-337	40	5052	184	-337	40	5052	184	-337	40	5052	184	-337	40	5052	184	-337	40	5052	184	-337	40	5052	184	-337	40	5052	184	-337	40	5052
185	-20	20	5072	185	-20	20	5072	185	-20	20	5072	185	-20	20	5072	185	-20	20	5072	185	-20	20	5072	185	-20	20	5072	185	-20	20	5072	185	-20	20	5072	185	-20	20	5072	185	-20	20	5072	185	-20	20	5072	185	-20	20	5072	185	-20	20	5072	185	-20	20	5072	185	-20	20	5072	185	-20	20	5072	185	-20	20	5072	185	-20	20	5072	185	-20	20	5072	185	-20	20	5072	185	-20	20	5072
186	-13	13	5085	186	-13	13	5085	186	-13	13	5085	186	-13	13	5085	186	-13	13	5085	186	-13	13	5085	186	-13	13	5085	186	-13	13	5085	186	-13	13	5085	186	-13	13	5085	186	-13	13	5085	186	-13	13	5085	186	-13	13	5085	186	-13	13	5085	186	-13	13	5085	186	-13	13	5085	186	-13	13	5085	186	-13	13	5085	186	-13	13	5085	186	-13	13	5085	186	-13	13	5085	186	-13	13	5085
187	-118	19	5104	187	-118	19	5104	187	-118	19	5104	187	-118	19	5104	187	-118	19	5104	187	-118	19	5104	187	-118	19	5104	187	-118	19	5104	187	-118	19	5104	187	-118	19	5104	187	-118	19	5104	187	-118	19	5104	187	-118	19	5104	187	-118	19	5104	187	-118	19	5104	187	-118	19	5104	187	-118	19	5104	187	-118	19	5104	187	-118	19	5104	187	-118	19	5104	187	-118	19	5104	187	-118	19	5104
188	-121	22	5126	188	-121	22	5126	188	-121	22	5126	188	-121	22	5126	188	-121	22	5126	188	-121	22	5126	188	-121	22	5126	188	-121	22	5126	188	-121	22	5126	188	-121	22	5126	188	-121	22	5126	188	-121	22	5126	188	-121	22	5126	188	-121	22	5126	188	-121	22	5126	188	-121	22	5126	188	-121	22	5126	188	-121	22	5126	188	-121	22	5126	188	-121	22	5126	188	-121	22	5126	188	-121	22	5126
189	-13	13	5139	189	-13	13	5139	189	-13	13	5139	189	-13	13	5139	189	-13	13	5139	189	-13	13	5139	189	-13	13	5139	189	-13	13	5139	189	-13	13	5139	189	-13	13	5139	189	-13	13	5139	189	-13	13	5139	189	-13	13	5139	189	-13	13	5139	189	-13	13	5139	189	-13	13	5139	189	-13	13	5139	189	-13	13	5139	189	-13	13	5139	189	-13	13	5139	189	-13	13	5139	189	-13	13	5139
190	-121	22	5161	190	-121	22	5161	190	-121	22	5161	190	-121	22	5161	190	-121	22	5161	190	-121	22	5161	190	-121	22	5161	190	-121	22	5161	190	-121	22	5161	190	-121	22	5161	190	-121	22	5161	190	-121	22	5161	190	-121	22	5161	190	-121	22	5161	190	-121	22	5161	190	-121	22	5161	190	-121	22	5161	190	-121	22	5161	190	-121	22	5161	190	-121	22	5161	190	-121	22	5161	190	-121	22	5161
191	-15	15	5176	191	-15	15	5176	191	-15	15	5176	191	-15	15	5176	191	-15	15	5176	191	-15	15	5176	191	-15	15	5176	191	-15	15	5176	191	-15	15	5176	191	-15	15	5176	191	-15	15	5176	191	-15	15	5176	191	-15	15	5176	191	-15	15	5176	191	-15	15	5176	191	-15	15	5176	191	-15	15	5176	191	-15	15	5176	191	-15	15	5176	191	-15	15	5176	191	-15	15	5176	191	-15	15	5176
192	-15	15	5191	192	-15	15	5191	192	-15	15	5191	192	-15	15	5191	192	-15	15	5191	192	-15	15	5191	192	-15	15	5191	192	-15	15	5191	192	-15	15	5191	192	-15	15	5191	192	-15	15	5191	192	-15	15	5191	192	-15	15	5191	192	-15	15	5191	192	-15	15	5191	192	-15	15	5191	192	-15	15	5191	192	-15	15	5191	192	-15	15	5191	192	-15	15	5191	192	-15	15	5191	192	-15	15	5191
193	-118	19	5210	193	-118	19	5210	193	-118	19	5210	193	-118	19	5210	193	-118	19	5210	193	-118	19	5210	193	-118	19	5210	193	-118	19	5210	193	-118	19	5210	193	-118	19	5210	193	-118	19	5210	193	-118	19	5210	193	-118	19	5210	193	-118	19	5210	193	-118	19	5210	193	-118	19	5210	193	-118	19	5210	193	-118	19	5210	193	-118	19	5210	193	-118	19	5210	193	-118	19	5210	193	-118	19	5210
194	-13	13	5223	194	-13	13	5223	194	-13	13	5223	194	-13	13	5223	194	-13	13	5223	194	-13	13	5223	194	-13	13	5223	194	-13	13	5223	194	-13	13	5223	194	-13	13	5223	194	-13	13	5223	194	-13	13	5223	194	-13	13	5223	194	-13	13	5223	194	-13	13	5223	194	-13	13	5223	194	-13	13	5223	194	-13	13	5223	194	-13	13	5223	194	-13	13	5223	194	-13	13	5223	194	-13	13	5223
195	-15	15	5238	195	-15	15	5238	195	-15	15	5238	195	-15	15	5238	195	-15	15	5238	195	-15	15	5238	195	-15	15	5238	195	-15	15	5238	195	-15	15	5238	195	-15	15	5238	195	-15	15	5238	195	-15	15	5238	195	-15	15	5238	195	-15	15	5238	195	-15	15	5238	195	-15	15	5238	195	-15	15	5238	195	-15	15	5238	195	-15	15	5238	195	-15	15	5238	195	-15	15	5238	195	-15	15	5238
196	-13	13	5251	196	-13	13	5251	196	-13	13	5251	196	-13	13	5251	196	-13	13	5251	196	-13	13	5251	196	-13	13	5251	196	-13	13	5251	196	-13	13	5251	196	-13	13	5251	196	-13	13	5251	196	-13	13	5251	196	-13	13	5251	196	-13	13	5251	196	-13	13	5251	196	-13	13	5251	196	-13	13	5251	196	-13	13	5251	196	-13	13	5251	196	-13	13	5251	196	-13	13	5251	196	-13	13	5251
197	-125	26	5277	197	-125	26	5277	197	-125	26	5277	197	-125	26	5277	197	-125	26	5277	197	-125	26	5277	197	-125	26	5277	197	-125	26	5277	197	-125	26	5277	197	-125	26	5277	197	-125	26	5277	197	-125	26	5277	197	-125	26	5277	197	-125	26	5277	197	-125	26	5277	197	-125	26	5277	197	-125	26	5277	197	-125	26	5277	197	-125	26	5277	197	-125	26	5277	197	-125	26	5277	197	-125	26	5277
198	-13	13	5290	198	-13	13	5290	198	-13	13	5290	198	-13	13	5290	198	-13	13	5290	198	-13	13	5290	198	-13	13	5290	198	-13	13	5290	198	-13	13	5290	198	-13	13	5290	198	-13	13	5290	198	-13	13	5290	198	-13	13	5290	198	-13	13	5290	198	-13	13	5290	198	-13	13	5290	198	-13	13	5290	198	-13	13	5290	198	-13	13	5290	198	-13	13	5290	198	-13	13	5290	198	-13	13	5290
199	-13	13	5303	199	-13	13	5303	199	-13	13	5303	199	-13	13	5303	199	-13	13	5303	199	-13	13	5303	199	-13	13	5303	199	-13	13	5303	199	-13	13	5303	199	-13	13	5303	199	-13	13	5303	199	-13	13	5303	199	-13	13	5303	199	-13	13	5303	199	-13	13	5303	199	-13	13	5303	199	-13	13	5303	199	-13	13	5303	199	-13	13	5303	199	-13	13	5303	199	-13	13	5303	199	-13	13	5303
