Episode	Accumulated Reward	Length	Steps	Episode	Accumulated Reward	Length	Steps	Episode	Accumulated Reward	Length	Steps	Episode	Accumulated Reward	Length	Steps	Episode	Accumulated Reward	Length	Steps	Episode	Accumulated Reward	Length	Steps	Episode	Accumulated Reward	Length	Steps	Episode	Accumulated Reward	Length	Steps	Episode	Accumulated Reward	Length	Steps	Episode	Accumulated Reward	Length	Steps	Episode	Accumulated Reward	Length	Steps	Episode	Accumulated Reward	Length	Steps	Episode	Accumulated Reward	Length	Steps
0	-500.0	500	500	0	-500.0	500	500	0	-500.0	500	500	0	-500.0	500	500	0	-500.0	500	500	0	-500.0	500	500	0	-500.0	500	500	0	-500.0	500	500	0	-500.0	500	500	0	-500.0	500	500	0	-500.0	500	500	0	-500.0	500	500	0	-500.0	500	500
1	-500.0	500	1000	1	-500.0	500	1000	1	-500.0	500	1000	1	-500.0	500	1000	1	-500.0	500	1000	1	-500.0	500	1000	1	-500.0	500	1000	1	-500.0	500	1000	1	-500.0	500	1000	1	-500.0	500	1000	1	-500.0	500	1000	1	-500.0	500	1000	1	-500.0	500	1000
2	-321.0	321	1321	2	-321.0	321	1321	2	-321.0	321	1321	2	-321.0	321	1321	2	-321.0	321	1321	2	-321.0	321	1321	2	-321.0	321	1321	2	-321.0	321	1321	2	-321.0	321	1321	2	-321.0	321	1321	2	-321.0	321	1321	2	-321.0	321	1321	2	-321.0	321	1321
3	-400.0	400	1721	3	-400.0	400	1721	3	-400.0	400	1721	3	-400.0	400	1721	3	-400.0	400	1721	3	-400.0	400	1721	3	-400.0	400	1721	3	-400.0	400	1721	3	-400.0	400	1721	3	-400.0	400	1721	3	-400.0	400	1721	3	-400.0	400	1721	3	-400.0	400	1721
4	-394.0	394	2115	4	-394.0	394	2115	4	-394.0	394	2115	4	-394.0	394	2115	4	-394.0	394	2115	4	-394.0	394	2115	4	-394.0	394	2115	4	-394.0	394	2115	4	-394.0	394	2115	4	-394.0	394	2115	4	-394.0	394	2115	4	-394.0	394	2115	4	-394.0	394	2115
5	-366.0	366	2481	5	-366.0	366	2481	5	-366.0	366	2481	5	-366.0	366	2481	5	-366.0	366	2481	5	-366.0	366	2481	5	-366.0	366	2481	5	-366.0	366	2481	5	-366.0	366	2481	5	-366.0	366	2481	5	-366.0	366	2481	5	-366.0	366	2481	5	-366.0	366	2481
6	-373.0	373	2854	6	-373.0	373	2854	6	-373.0	373	2854	6	-373.0	373	2854	6	-373.0	373	2854	6	-373.0	373	2854	6	-373.0	373	2854	6	-373.0	373	2854	6	-373.0	373	2854	6	-373.0	373	2854	6	-373.0	373	2854	6	-373.0	373	2854	6	-373.0	373	2854
7	-415.0	415	3269	7	-415.0	415	3269	7	-415.0	415	3269	7	-415.0	415	3269	7	-415.0	415	3269	7	-415.0	415	3269	7	-415.0	415	3269	7	-415.0	415	3269	7	-415.0	415	3269	7	-415.0	415	3269	7	-415.0	415	3269	7	-415.0	415	3269	7	-415.0	415	3269
8	-273.0	273	3542	8	-273.0	273	3542	8	-273.0	273	3542	8	-273.0	273	3542	8	-273.0	273	3542	8	-273.0	273	3542	8	-273.0	273	3542	8	-273.0	273	3542	8	-273.0	273	3542	8	-273.0	273	3542	8	-273.0	273	3542	8	-273.0	273	3542	8	-273.0	273	3542
9	-233.0	233	3775	9	-233.0	233	3775	9	-233.0	233	3775	9	-233.0	233	3775	9	-233.0	233	3775	9	-233.0	233	3775	9	-233.0	233	3775	9	-233.0	233	3775	9	-233.0	233	3775	9	-233.0	233	3775	9	-233.0	233	3775	9	-233.0	233	3775	9	-233.0	233	3775
10	-221.0	221	3996	10	-221.0	221	3996	10	-221.0	221	3996	10	-221.0	221	3996	10	-221.0	221	3996	10	-221.0	221	3996	10	-221.0	221	3996	10	-221.0	221	3996	10	-221.0	221	3996	10	-221.0	221	3996	10	-221.0	221	3996	10	-221.0	221	3996	10	-221.0	221	3996
11	-216.0	216	4212	11	-216.0	216	4212	11	-216.0	216	4212	11	-216.0	216	4212	11	-216.0	216	4212	11	-216.0	216	4212	11	-216.0	216	4212	11	-216.0	216	4212	11	-216.0	216	4212	11	-216.0	216	4212	11	-216.0	216	4212	11	-216.0	216	4212	11	-216.0	216	4212
12	-234.0	234	4446	12	-234.0	234	4446	12	-234.0	234	4446	12	-234.0	234	4446	12	-234.0	234	4446	12	-234.0	234	4446	12	-234.0	234	4446	12	-234.0	234	4446	12	-234.0	234	4446	12	-234.0	234	4446	12	-234.0	234	4446	12	-234.0	234	4446	12	-234.0	234	4446
13	-237.0	237	4683	13	-237.0	237	4683	13	-237.0	237	4683	13	-237.0	237	4683	13	-237.0	237	4683	13	-237.0	237	4683	13	-237.0	237	4683	13	-237.0	237	4683	13	-237.0	237	4683	13	-237.0	237	4683	13	-237.0	237	4683	13	-237.0	237	4683	13	-237.0	237	4683
14	-233.0	233	4916	14	-233.0	233	4916	14	-233.0	233	4916	14	-233.0	233	4916	14	-233.0	233	4916	14	-233.0	233	4916	14	-233.0	233	4916	14	-233.0	233	4916	14	-233.0	233	4916	14	-233.0	233	4916	14	-233.0	233	4916	14	-233.0	233	4916	14	-233.0	233	4916
15	-222.0	222	5138	15	-222.0	222	5138	15	-222.0	222	5138	15	-222.0	222	5138	15	-222.0	222	5138	15	-222.0	222	5138	15	-222.0	222	5138	15	-222.0	222	5138	15	-222.0	222	5138	15	-222.0	222	5138	15	-222.0	222	5138	15	-222.0	222	5138	15	-222.0	222	5138
16	-230.0	230	5368	16	-230.0	230	5368	16	-230.0	230	5368	16	-230.0	230	5368	16	-230.0	230	5368	16	-230.0	230	5368	16	-230.0	230	5368	16	-230.0	230	5368	16	-230.0	230	5368	16	-230.0	230	5368	16	-230.0	230	5368	16	-230.0	230	5368	16	-230.0	230	5368
17	-188.0	188	5556	17	-188.0	188	5556	17	-188.0	188	5556	17	-188.0	188	5556	17	-188.0	188	5556	17	-188.0	188	5556	17	-188.0	188	5556	17	-188.0	188	5556	17	-188.0	188	5556	17	-188.0	188	5556	17	-188.0	188	5556	17	-188.0	188	5556	17	-188.0	188	5556
18	-154.0	154	5710	18	-154.0	154	5710	18	-154.0	154	5710	18	-154.0	154	5710	18	-154.0	154	5710	18	-154.0	154	5710	18	-154.0	154	5710	18	-154.0	154	5710	18	-154.0	154	5710	18	-154.0	154	5710	18	-154.0	154	5710	18	-154.0	154	5710	18	-154.0	154	5710
19	-152.0	152	5862	19	-152.0	152	5862	19	-152.0	152	5862	19	-152.0	152	5862	19	-152.0	152	5862	19	-152.0	152	5862	19	-152.0	152	5862	19	-152.0	152	5862	19	-152.0	152	5862	19	-152.0	152	5862	19	-152.0	152	5862	19	-152.0	152	5862	19	-152.0	152	5862
20	-234.0	234	6096	20	-234.0	234	6096	20	-234.0	234	6096	20	-234.0	234	6096	20	-234.0	234	6096	20	-234.0	234	6096	20	-234.0	234	6096	20	-234.0	234	6096	20	-234.0	234	6096	20	-234.0	234	6096	20	-234.0	234	6096	20	-234.0	234	6096	20	-234.0	234	6096
21	-147.0	147	6243	21	-147.0	147	6243	21	-147.0	147	6243	21	-147.0	147	6243	21	-147.0	147	6243	21	-147.0	147	6243	21	-147.0	147	6243	21	-147.0	147	6243	21	-147.0	147	6243	21	-147.0	147	6243	21	-147.0	147	6243	21	-147.0	147	6243	21	-147.0	147	6243
22	-208.0	208	6451	22	-208.0	208	6451	22	-208.0	208	6451	22	-208.0	208	6451	22	-208.0	208	6451	22	-208.0	208	6451	22	-208.0	208	6451	22	-208.0	208	6451	22	-208.0	208	6451	22	-208.0	208	6451	22	-208.0	208	6451	22	-208.0	208	6451	22	-208.0	208	6451
23	-160.0	160	6611	23	-160.0	160	6611	23	-160.0	160	6611	23	-160.0	160	6611	23	-160.0	160	6611	23	-160.0	160	6611	23	-160.0	160	6611	23	-160.0	160	6611	23	-160.0	160	6611	23	-160.0	160	6611	23	-160.0	160	6611	23	-160.0	160	6611	23	-160.0	160	6611
24	-244.0	244	6855	24	-244.0	244	6855	24	-244.0	244	6855	24	-244.0	244	6855	24	-244.0	244	6855	24	-244.0	244	6855	24	-244.0	244	6855	24	-244.0	244	6855	24	-244.0	244	6855	24	-244.0	244	6855	24	-244.0	244	6855	24	-244.0	244	6855	24	-244.0	244	6855
25	-159.0	159	7014	25	-159.0	159	7014	25	-159.0	159	7014	25	-159.0	159	7014	25	-159.0	159	7014	25	-159.0	159	7014	25	-159.0	159	7014	25	-159.0	159	7014	25	-159.0	159	7014	25	-159.0	159	7014	25	-159.0	159	7014	25	-159.0	159	7014	25	-159.0	159	7014
26	-151.0	151	7165	26	-151.0	151	7165	26	-151.0	151	7165	26	-151.0	151	7165	26	-151.0	151	7165	26	-151.0	151	7165	26	-151.0	151	7165	26	-151.0	151	7165	26	-151.0	151	7165	26	-151.0	151	7165	26	-151.0	151	7165	26	-151.0	151	7165	26	-151.0	151	7165
27	-149.0	149	7314	27	-149.0	149	7314	27	-149.0	149	7314	27	-149.0	149	7314	27	-149.0	149	7314	27	-149.0	149	7314	27	-149.0	149	7314	27	-149.0	149	7314	27	-149.0	149	7314	27	-149.0	149	7314	27	-149.0	149	7314	27	-149.0	149	7314	27	-149.0	149	7314
28	-189.0	189	7503	28	-189.0	189	7503	28	-189.0	189	7503	28	-189.0	189	7503	28	-189.0	189	7503	28	-189.0	189	7503	28	-189.0	189	7503	28	-189.0	189	7503	28	-189.0	189	7503	28	-189.0	189	7503	28	-189.0	189	7503	28	-189.0	189	7503	28	-189.0	189	7503
29	-217.0	217	7720	29	-217.0	217	7720	29	-217.0	217	7720	29	-217.0	217	7720	29	-217.0	217	7720	29	-217.0	217	7720	29	-217.0	217	7720	29	-217.0	217	7720	29	-217.0	217	7720	29	-217.0	217	7720	29	-217.0	217	7720	29	-217.0	217	7720	29	-217.0	217	7720
30	-244.0	244	7964	30	-244.0	244	7964	30	-244.0	244	7964	30	-244.0	244	7964	30	-244.0	244	7964	30	-244.0	244	7964	30	-244.0	244	7964	30	-244.0	244	7964	30	-244.0	244	7964	30	-244.0	244	7964	30	-244.0	244	7964	30	-244.0	244	7964	30	-244.0	244	7964
31	-148.0	148	8112	31	-148.0	148	8112	31	-148.0	148	8112	31	-148.0	148	8112	31	-148.0	148	8112	31	-148.0	148	8112	31	-148.0	148	8112	31	-148.0	148	8112	31	-148.0	148	8112	31	-148.0	148	8112	31	-148.0	148	8112	31	-148.0	148	8112	31	-148.0	148	8112
32	-184.0	184	8296	32	-184.0	184	8296	32	-184.0	184	8296	32	-184.0	184	8296	32	-184.0	184	8296	32	-184.0	184	8296	32	-184.0	184	8296	32	-184.0	184	8296	32	-184.0	184	8296	32	-184.0	184	8296	32	-184.0	184	8296	32	-184.0	184	8296	32	-184.0	184	8296
33	-197.0	197	8493	33	-197.0	197	8493	33	-197.0	197	8493	33	-197.0	197	8493	33	-197.0	197	8493	33	-197.0	197	8493	33	-197.0	197	8493	33	-197.0	197	8493	33	-197.0	197	8493	33	-197.0	197	8493	33	-197.0	197	8493	33	-197.0	197	8493	33	-197.0	197	8493
34	-171.0	171	8664	34	-171.0	171	8664	34	-171.0	171	8664	34	-171.0	171	8664	34	-171.0	171	8664	34	-171.0	171	8664	34	-171.0	171	8664	34	-171.0	171	8664	34	-171.0	171	8664	34	-171.0	171	8664	34	-171.0	171	8664	34	-171.0	171	8664	34	-171.0	171	8664
35	-150.0	150	8814	35	-150.0	150	8814	35	-150.0	150	8814	35	-150.0	150	8814	35	-150.0	150	8814	35	-150.0	150	8814	35	-150.0	150	8814	35	-150.0	150	8814	35	-150.0	150	8814	35	-150.0	150	8814	35	-150.0	150	8814	35	-150.0	150	8814	35	-150.0	150	8814
36	-147.0	147	8961	36	-147.0	147	8961	36	-147.0	147	8961	36	-147.0	147	8961	36	-147.0	147	8961	36	-147.0	147	8961	36	-147.0	147	8961	36	-147.0	147	8961	36	-147.0	147	8961	36	-147.0	147	8961	36	-147.0	147	8961	36	-147.0	147	8961	36	-147.0	147	8961
37	-197.0	197	9158	37	-197.0	197	9158	37	-197.0	197	9158	37	-197.0	197	9158	37	-197.0	197	9158	37	-197.0	197	9158	37	-197.0	197	9158	37	-197.0	197	9158	37	-197.0	197	9158	37	-197.0	197	9158	37	-197.0	197	9158	37	-197.0	197	9158	37	-197.0	197	9158
38	-151.0	151	9309	38	-151.0	151	9309	38	-151.0	151	9309	38	-151.0	151	9309	38	-151.0	151	9309	38	-151.0	151	9309	38	-151.0	151	9309	38	-151.0	151	9309	38	-151.0	151	9309	38	-151.0	151	9309	38	-151.0	151	9309	38	-151.0	151	9309	38	-151.0	151	9309
39	-151.0	151	9460	39	-151.0	151	9460	39	-151.0	151	9460	39	-151.0	151	9460	39	-151.0	151	9460	39	-151.0	151	9460	39	-151.0	151	9460	39	-151.0	151	9460	39	-151.0	151	9460	39	-151.0	151	9460	39	-151.0	151	9460	39	-151.0	151	9460	39	-151.0	151	9460
40	-156.0	156	9616	40	-156.0	156	9616	40	-156.0	156	9616	40	-156.0	156	9616	40	-156.0	156	9616	40	-156.0	156	9616	40	-156.0	156	9616	40	-156.0	156	9616	40	-156.0	156	9616	40	-156.0	156	9616	40	-156.0	156	9616	40	-156.0	156	9616	40	-156.0	156	9616
41	-213.0	213	9829	41	-213.0	213	9829	41	-213.0	213	9829	41	-213.0	213	9829	41	-213.0	213	9829	41	-213.0	213	9829	41	-213.0	213	9829	41	-213.0	213	9829	41	-213.0	213	9829	41	-213.0	213	9829	41	-213.0	213	9829	41	-213.0	213	9829	41	-213.0	213	9829
42	-150.0	150	9979	42	-150.0	150	9979	42	-150.0	150	9979	42	-150.0	150	9979	42	-150.0	150	9979	42	-150.0	150	9979	42	-150.0	150	9979	42	-150.0	150	9979	42	-150.0	150	9979	42	-150.0	150	9979	42	-150.0	150	9979	42	-150.0	150	9979	42	-150.0	150	9979
43	-217.0	217	10196	43	-217.0	217	10196	43	-217.0	217	10196	43	-217.0	217	10196	43	-217.0	217	10196	43	-217.0	217	10196	43	-217.0	217	10196	43	-217.0	217	10196	43	-217.0	217	10196	43	-217.0	217	10196	43	-217.0	217	10196	43	-217.0	217	10196	43	-217.0	217	10196
44	-195.0	195	10391	44	-195.0	195	10391	44	-195.0	195	10391	44	-195.0	195	10391	44	-195.0	195	10391	44	-195.0	195	10391	44	-195.0	195	10391	44	-195.0	195	10391	44	-195.0	195	10391	44	-195.0	195	10391	44	-195.0	195	10391	44	-195.0	195	10391	44	-195.0	195	10391
45	-145.0	145	10536	45	-145.0	145	10536	45	-145.0	145	10536	45	-145.0	145	10536	45	-145.0	145	10536	45	-145.0	145	10536	45	-145.0	145	10536	45	-145.0	145	10536	45	-145.0	145	10536	45	-145.0	145	10536	45	-145.0	145	10536	45	-145.0	145	10536	45	-145.0	145	10536
46	-142.0	142	10678	46	-142.0	142	10678	46	-142.0	142	10678	46	-142.0	142	10678	46	-142.0	142	10678	46	-142.0	142	10678	46	-142.0	142	10678	46	-142.0	142	10678	46	-142.0	142	10678	46	-142.0	142	10678	46	-142.0	142	10678	46	-142.0	142	10678	46	-142.0	142	10678
47	-141.0	141	10819	47	-141.0	141	10819	47	-141.0	141	10819	47	-141.0	141	10819	47	-141.0	141	10819	47	-141.0	141	10819	47	-141.0	141	10819	47	-141.0	141	10819	47	-141.0	141	10819	47	-141.0	141	10819	47	-141.0	141	10819	47	-141.0	141	10819	47	-141.0	141	10819
48	-143.0	143	10962	48	-143.0	143	10962	48	-143.0	143	10962	48	-143.0	143	10962	48	-143.0	143	10962	48	-143.0	143	10962	48	-143.0	143	10962	48	-143.0	143	10962	48	-143.0	143	10962	48	-143.0	143	10962	48	-143.0	143	10962	48	-143.0	143	10962	48	-143.0	143	10962
49	-192.0	192	11154	49	-192.0	192	11154	49	-192.0	192	11154	49	-192.0	192	11154	49	-192.0	192	11154	49	-192.0	192	11154	49	-192.0	192	11154	49	-192.0	192	11154	49	-192.0	192	11154	49	-192.0	192	11154	49	-192.0	192	11154	49	-192.0	192	11154	49	-192.0	192	11154
50	-142.0	142	11296	50	-142.0	142	11296	50	-142.0	142	11296	50	-142.0	142	11296	50	-142.0	142	11296	50	-142.0	142	11296	50	-142.0	142	11296	50	-142.0	142	11296	50	-142.0	142	11296	50	-142.0	142	11296	50	-142.0	142	11296	50	-142.0	142	11296	50	-142.0	142	11296
51	-144.0	144	11440	51	-144.0	144	11440	51	-144.0	144	11440	51	-144.0	144	11440	51	-144.0	144	11440	51	-144.0	144	11440	51	-144.0	144	11440	51	-144.0	144	11440	51	-144.0	144	11440	51	-144.0	144	11440	51	-144.0	144	11440	51	-144.0	144	11440	51	-144.0	144	11440
52	-191.0	191	11631	52	-191.0	191	11631	52	-191.0	191	11631	52	-191.0	191	11631	52	-191.0	191	11631	52	-191.0	191	11631	52	-191.0	191	11631	52	-191.0	191	11631	52	-191.0	191	11631	52	-191.0	191	11631	52	-191.0	191	11631	52	-191.0	191	11631	52	-191.0	191	11631
53	-219.0	219	11850	53	-219.0	219	11850	53	-219.0	219	11850	53	-219.0	219	11850	53	-219.0	219	11850	53	-219.0	219	11850	53	-219.0	219	11850	53	-219.0	219	11850	53	-219.0	219	11850	53	-219.0	219	11850	53	-219.0	219	11850	53	-219.0	219	11850	53	-219.0	219	11850
54	-181.0	181	12031	54	-181.0	181	12031	54	-181.0	181	12031	54	-181.0	181	12031	54	-181.0	181	12031	54	-181.0	181	12031	54	-181.0	181	12031	54	-181.0	181	12031	54	-181.0	181	12031	54	-181.0	181	12031	54	-181.0	181	12031	54	-181.0	181	12031	54	-181.0	181	12031
55	-143.0	143	12174	55	-143.0	143	12174	55	-143.0	143	12174	55	-143.0	143	12174	55	-143.0	143	12174	55	-143.0	143	12174	55	-143.0	143	12174	55	-143.0	143	12174	55	-143.0	143	12174	55	-143.0	143	12174	55	-143.0	143	12174	55	-143.0	143	12174	55	-143.0	143	12174
56	-142.0	142	12316	56	-142.0	142	12316	56	-142.0	142	12316	56	-142.0	142	12316	56	-142.0	142	12316	56	-142.0	142	12316	56	-142.0	142	12316	56	-142.0	142	12316	56	-142.0	142	12316	56	-142.0	142	12316	56	-142.0	142	12316	56	-142.0	142	12316	56	-142.0	142	12316
57	-144.0	144	12460	57	-144.0	144	12460	57	-144.0	144	12460	57	-144.0	144	12460	57	-144.0	144	12460	57	-144.0	144	12460	57	-144.0	144	12460	57	-144.0	144	12460	57	-144.0	144	12460	57	-144.0	144	12460	57	-144.0	144	12460	57	-144.0	144	12460	57	-144.0	144	12460
58	-144.0	144	12604	58	-144.0	144	12604	58	-144.0	144	12604	58	-144.0	144	12604	58	-144.0	144	12604	58	-144.0	144	12604	58	-144.0	144	12604	58	-144.0	144	12604	58	-144.0	144	12604	58	-144.0	144	12604	58	-144.0	144	12604	58	-144.0	144	12604	58	-144.0	144	12604
59	-140.0	140	12744	59	-140.0	140	12744	59	-140.0	140	12744	59	-140.0	140	12744	59	-140.0	140	12744	59	-140.0	140	12744	59	-140.0	140	12744	59	-140.0	140	12744	59	-140.0	140	12744	59	-140.0	140	12744	59	-140.0	140	12744	59	-140.0	140	12744	59	-140.0	140	12744
60	-147.0	147	12891	60	-147.0	147	12891	60	-147.0	147	12891	60	-147.0	147	12891	60	-147.0	147	12891	60	-147.0	147	12891	60	-147.0	147	12891	60	-147.0	147	12891	60	-147.0	147	12891	60	-147.0	147	12891	60	-147.0	147	12891	60	-147.0	147	12891	60	-147.0	147	12891
61	-188.0	188	13079	61	-188.0	188	13079	61	-188.0	188	13079	61	-188.0	188	13079	61	-188.0	188	13079	61	-188.0	188	13079	61	-188.0	188	13079	61	-188.0	188	13079	61	-188.0	188	13079	61	-188.0	188	13079	61	-188.0	188	13079	61	-188.0	188	13079	61	-188.0	188	13079
62	-181.0	181	13260	62	-181.0	181	13260	62	-181.0	181	13260	62	-181.0	181	13260	62	-181.0	181	13260	62	-181.0	181	13260	62	-181.0	181	13260	62	-181.0	181	13260	62	-181.0	181	13260	62	-181.0	181	13260	62	-181.0	181	13260	62	-181.0	181	13260	62	-181.0	181	13260
63	-141.0	141	13401	63	-141.0	141	13401	63	-141.0	141	13401	63	-141.0	141	13401	63	-141.0	141	13401	63	-141.0	141	13401	63	-141.0	141	13401	63	-141.0	141	13401	63	-141.0	141	13401	63	-141.0	141	13401	63	-141.0	141	13401	63	-141.0	141	13401	63	-141.0	141	13401
64	-144.0	144	13545	64	-144.0	144	13545	64	-144.0	144	13545	64	-144.0	144	13545	64	-144.0	144	13545	64	-144.0	144	13545	64	-144.0	144	13545	64	-144.0	144	13545	64	-144.0	144	13545	64	-144.0	144	13545	64	-144.0	144	13545	64	-144.0	144	13545	64	-144.0	144	13545
65	-122.0	122	13667	65	-122.0	122	13667	65	-122.0	122	13667	65	-122.0	122	13667	65	-122.0	122	13667	65	-122.0	122	13667	65	-122.0	122	13667	65	-122.0	122	13667	65	-122.0	122	13667	65	-122.0	122	13667	65	-122.0	122	13667	65	-122.0	122	13667	65	-122.0	122	13667
66	-142.0	142	13809	66	-142.0	142	13809	66	-142.0	142	13809	66	-142.0	142	13809	66	-142.0	142	13809	66	-142.0	142	13809	66	-142.0	142	13809	66	-142.0	142	13809	66	-142.0	142	13809	66	-142.0	142	13809	66	-142.0	142	13809	66	-142.0	142	13809	66	-142.0	142	13809
67	-148.0	148	13957	67	-148.0	148	13957	67	-148.0	148	13957	67	-148.0	148	13957	67	-148.0	148	13957	67	-148.0	148	13957	67	-148.0	148	13957	67	-148.0	148	13957	67	-148.0	148	13957	67	-148.0	148	13957	67	-148.0	148	13957	67	-148.0	148	13957	67	-148.0	148	13957
68	-136.0	136	14093	68	-136.0	136	14093	68	-136.0	136	14093	68	-136.0	136	14093	68	-136.0	136	14093	68	-136.0	136	14093	68	-136.0	136	14093	68	-136.0	136	14093	68	-136.0	136	14093	68	-136.0	136	14093	68	-136.0	136	14093	68	-136.0	136	14093	68	-136.0	136	14093
69	-217.0	217	14310	69	-217.0	217	14310	69	-217.0	217	14310	69	-217.0	217	14310	69	-217.0	217	14310	69	-217.0	217	14310	69	-217.0	217	14310	69	-217.0	217	14310	69	-217.0	217	14310	69	-217.0	217	14310	69	-217.0	217	14310	69	-217.0	217	14310	69	-217.0	217	14310
70	-211.0	211	14521	70	-211.0	211	14521	70	-211.0	211	14521	70	-211.0	211	14521	70	-211.0	211	14521	70	-211.0	211	14521	70	-211.0	211	14521	70	-211.0	211	14521	70	-211.0	211	14521	70	-211.0	211	14521	70	-211.0	211	14521	70	-211.0	211	14521	70	-211.0	211	14521
71	-195.0	195	14716	71	-195.0	195	14716	71	-195.0	195	14716	71	-195.0	195	14716	71	-195.0	195	14716	71	-195.0	195	14716	71	-195.0	195	14716	71	-195.0	195	14716	71	-195.0	195	14716	71	-195.0	195	14716	71	-195.0	195	14716	71	-195.0	195	14716	71	-195.0	195	14716
72	-107.0	107	14823	72	-107.0	107	14823	72	-107.0	107	14823	72	-107.0	107	14823	72	-107.0	107	14823	72	-107.0	107	14823	72	-107.0	107	14823	72	-107.0	107	14823	72	-107.0	107	14823	72	-107.0	107	14823	72	-107.0	107	14823	72	-107.0	107	14823	72	-107.0	107	14823
73	-91.0	91	14914	73	-91.0	91	14914	73	-91.0	91	14914	73	-91.0	91	14914	73	-91.0	91	14914	73	-91.0	91	14914	73	-91.0	91	14914	73	-91.0	91	14914	73	-91.0	91	14914	73	-91.0	91	14914	73	-91.0	91	14914	73	-91.0	91	14914	73	-91.0	91	14914
74	-149.0	149	15063	74	-149.0	149	15063	74	-149.0	149	15063	74	-149.0	149	15063	74	-149.0	149	15063	74	-149.0	149	15063	74	-149.0	149	15063	74	-149.0	149	15063	74	-149.0	149	15063	74	-149.0	149	15063	74	-149.0	149	15063	74	-149.0	149	15063	74	-149.0	149	15063
75	-115.0	115	15178	75	-115.0	115	15178	75	-115.0	115	15178	75	-115.0	115	15178	75	-115.0	115	15178	75	-115.0	115	15178	75	-115.0	115	15178	75	-115.0	115	15178	75	-115.0	115	15178	75	-115.0	115	15178	75	-115.0	115	15178	75	-115.0	115	15178	75	-115.0	115	15178
76	-105.0	105	15283	76	-105.0	105	15283	76	-105.0	105	15283	76	-105.0	105	15283	76	-105.0	105	15283	76	-105.0	105	15283	76	-105.0	105	15283	76	-105.0	105	15283	76	-105.0	105	15283	76	-105.0	105	15283	76	-105.0	105	15283	76	-105.0	105	15283	76	-105.0	105	15283
77	-111.0	111	15394	77	-111.0	111	15394	77	-111.0	111	15394	77	-111.0	111	15394	77	-111.0	111	15394	77	-111.0	111	15394	77	-111.0	111	15394	77	-111.0	111	15394	77	-111.0	111	15394	77	-111.0	111	15394	77	-111.0	111	15394	77	-111.0	111	15394	77	-111.0	111	15394
78	-107.0	107	15501	78	-107.0	107	15501	78	-107.0	107	15501	78	-107.0	107	15501	78	-107.0	107	15501	78	-107.0	107	15501	78	-107.0	107	15501	78	-107.0	107	15501	78	-107.0	107	15501	78	-107.0	107	15501	78	-107.0	107	15501	78	-107.0	107	15501	78	-107.0	107	15501
79	-175.0	175	15676	79	-175.0	175	15676	79	-175.0	175	15676	79	-175.0	175	15676	79	-175.0	175	15676	79	-175.0	175	15676	79	-175.0	175	15676	79	-175.0	175	15676	79	-175.0	175	15676	79	-175.0	175	15676	79	-175.0	175	15676	79	-175.0	175	15676	79	-175.0	175	15676
80	-140.0	140	15816	80	-140.0	140	15816	80	-140.0	140	15816	80	-140.0	140	15816	80	-140.0	140	15816	80	-140.0	140	15816	80	-140.0	140	15816	80	-140.0	140	15816	80	-140.0	140	15816	80	-140.0	140	15816	80	-140.0	140	15816	80	-140.0	140	15816	80	-140.0	140	15816
81	-144.0	144	15960	81	-144.0	144	15960	81	-144.0	144	15960	81	-144.0	144	15960	81	-144.0	144	15960	81	-144.0	144	15960	81	-144.0	144	15960	81	-144.0	144	15960	81	-144.0	144	15960	81	-144.0	144	15960	81	-144.0	144	15960	81	-144.0	144	15960	81	-144.0	144	15960
82	-188.0	188	16148	82	-188.0	188	16148	82	-188.0	188	16148	82	-188.0	188	16148	82	-188.0	188	16148	82	-188.0	188	16148	82	-188.0	188	16148	82	-188.0	188	16148	82	-188.0	188	16148	82	-188.0	188	16148	82	-188.0	188	16148	82	-188.0	188	16148	82	-188.0	188	16148
83	-149.0	149	16297	83	-149.0	149	16297	83	-149.0	149	16297	83	-149.0	149	16297	83	-149.0	149	16297	83	-149.0	149	16297	83	-149.0	149	16297	83	-149.0	149	16297	83	-149.0	149	16297	83	-149.0	149	16297	83	-149.0	149	16297	83	-149.0	149	16297	83	-149.0	149	16297
84	-144.0	144	16441	84	-144.0	144	16441	84	-144.0	144	16441	84	-144.0	144	16441	84	-144.0	144	16441	84	-144.0	144	16441	84	-144.0	144	16441	84	-144.0	144	16441	84	-144.0	144	16441	84	-144.0	144	16441	84	-144.0	144	16441	84	-144.0	144	16441	84	-144.0	144	16441
85	-157.0	157	16598	85	-157.0	157	16598	85	-157.0	157	16598	85	-157.0	157	16598	85	-157.0	157	16598	85	-157.0	157	16598	85	-157.0	157	16598	85	-157.0	157	16598	85	-157.0	157	16598	85	-157.0	157	16598	85	-157.0	157	16598	85	-157.0	157	16598	85	-157.0	157	16598
86	-194.0	194	16792	86	-194.0	194	16792	86	-194.0	194	16792	86	-194.0	194	16792	86	-194.0	194	16792	86	-194.0	194	16792	86	-194.0	194	16792	86	-194.0	194	16792	86	-194.0	194	16792	86	-194.0	194	16792	86	-194.0	194	16792	86	-194.0	194	16792	86	-194.0	194	16792
87	-134.0	134	16926	87	-134.0	134	16926	87	-134.0	134	16926	87	-134.0	134	16926	87	-134.0	134	16926	87	-134.0	134	16926	87	-134.0	134	16926	87	-134.0	134	16926	87	-134.0	134	16926	87	-134.0	134	16926	87	-134.0	134	16926	87	-134.0	134	16926	87	-134.0	134	16926
88	-196.0	196	17122	88	-196.0	196	17122	88	-196.0	196	17122	88	-196.0	196	17122	88	-196.0	196	17122	88	-196.0	196	17122	88	-196.0	196	17122	88	-196.0	196	17122	88	-196.0	196	17122	88	-196.0	196	17122	88	-196.0	196	17122	88	-196.0	196	17122	88	-196.0	196	17122
89	-141.0	141	17263	89	-141.0	141	17263	89	-141.0	141	17263	89	-141.0	141	17263	89	-141.0	141	17263	89	-141.0	141	17263	89	-141.0	141	17263	89	-141.0	141	17263	89	-141.0	141	17263	89	-141.0	141	17263	89	-141.0	141	17263	89	-141.0	141	17263	89	-141.0	141	17263
90	-139.0	139	17402	90	-139.0	139	17402	90	-139.0	139	17402	90	-139.0	139	17402	90	-139.0	139	17402	90	-139.0	139	17402	90	-139.0	139	17402	90	-139.0	139	17402	90	-139.0	139	17402	90	-139.0	139	17402	90	-139.0	139	17402	90	-139.0	139	17402	90	-139.0	139	17402
91	-177.0	177	17579	91	-177.0	177	17579	91	-177.0	177	17579	91	-177.0	177	17579	91	-177.0	177	17579	91	-177.0	177	17579	91	-177.0	177	17579	91	-177.0	177	17579	91	-177.0	177	17579	91	-177.0	177	17579	91	-177.0	177	17579	91	-177.0	177	17579	91	-177.0	177	17579
92	-140.0	140	17719	92	-140.0	140	17719	92	-140.0	140	17719	92	-140.0	140	17719	92	-140.0	140	17719	92	-140.0	140	17719	92	-140.0	140	17719	92	-140.0	140	17719	92	-140.0	140	17719	92	-140.0	140	17719	92	-140.0	140	17719	92	-140.0	140	17719	92	-140.0	140	17719
93	-192.0	192	17911	93	-192.0	192	17911	93	-192.0	192	17911	93	-192.0	192	17911	93	-192.0	192	17911	93	-192.0	192	17911	93	-192.0	192	17911	93	-192.0	192	17911	93	-192.0	192	17911	93	-192.0	192	17911	93	-192.0	192	17911	93	-192.0	192	17911	93	-192.0	192	17911
94	-116.0	116	18027	94	-116.0	116	18027	94	-116.0	116	18027	94	-116.0	116	18027	94	-116.0	116	18027	94	-116.0	116	18027	94	-116.0	116	18027	94	-116.0	116	18027	94	-116.0	116	18027	94	-116.0	116	18027	94	-116.0	116	18027	94	-116.0	116	18027	94	-116.0	116	18027
95	-139.0	139	18166	95	-139.0	139	18166	95	-139.0	139	18166	95	-139.0	139	18166	95	-139.0	139	18166	95	-139.0	139	18166	95	-139.0	139	18166	95	-139.0	139	18166	95	-139.0	139	18166	95	-139.0	139	18166	95	-139.0	139	18166	95	-139.0	139	18166	95	-139.0	139	18166
96	-168.0	168	18334	96	-168.0	168	18334	96	-168.0	168	18334	96	-168.0	168	18334	96	-168.0	168	18334	96	-168.0	168	18334	96	-168.0	168	18334	96	-168.0	168	18334	96	-168.0	168	18334	96	-168.0	168	18334	96	-168.0	168	18334	96	-168.0	168	18334	96	-168.0	168	18334
97	-139.0	139	18473	97	-139.0	139	18473	97	-139.0	139	18473	97	-139.0	139	18473	97	-139.0	139	18473	97	-139.0	139	18473	97	-139.0	139	18473	97	-139.0	139	18473	97	-139.0	139	18473	97	-139.0	139	18473	97	-139.0	139	18473	97	-139.0	139	18473	97	-139.0	139	18473
98	-109.0	109	18582	98	-109.0	109	18582	98	-109.0	109	18582	98	-109.0	109	18582	98	-109.0	109	18582	98	-109.0	109	18582	98	-109.0	109	18582	98	-109.0	109	18582	98	-109.0	109	18582	98	-109.0	109	18582	98	-109.0	109	18582	98	-109.0	109	18582	98	-109.0	109	18582
99	-141.0	141	18723	99	-141.0	141	18723	99	-141.0	141	18723	99	-141.0	141	18723	99	-141.0	141	18723	99	-141.0	141	18723	99	-141.0	141	18723	99	-141.0	141	18723	99	-141.0	141	18723	99	-141.0	141	18723	99	-141.0	141	18723	99	-141.0	141	18723	99	-141.0	141	18723
100	-141.0	141	18864	100	-141.0	141	18864	100	-141.0	141	18864	100	-141.0	141	18864	100	-141.0	141	18864	100	-141.0	141	18864	100	-141.0	141	18864	100	-141.0	141	18864	100	-141.0	141	18864	100	-141.0	141	18864	100	-141.0	141	18864	100	-141.0	141	18864	100	-141.0	141	18864
101	-149.0	149	19013	101	-149.0	149	19013	101	-149.0	149	19013	101	-149.0	149	19013	101	-149.0	149	19013	101	-149.0	149	19013	101	-149.0	149	19013	101	-149.0	149	19013	101	-149.0	149	19013	101	-149.0	149	19013	101	-149.0	149	19013	101	-149.0	149	19013	101	-149.0	149	19013
102	-148.0	148	19161	102	-148.0	148	19161	102	-148.0	148	19161	102	-148.0	148	19161	102	-148.0	148	19161	102	-148.0	148	19161	102	-148.0	148	19161	102	-148.0	148	19161	102	-148.0	148	19161	102	-148.0	148	19161	102	-148.0	148	19161	102	-148.0	148	19161	102	-148.0	148	19161
103	-150.0	150	19311	103	-150.0	150	19311	103	-150.0	150	19311	103	-150.0	150	19311	103	-150.0	150	19311	103	-150.0	150	19311	103	-150.0	150	19311	103	-150.0	150	19311	103	-150.0	150	19311	103	-150.0	150	19311	103	-150.0	150	19311	103	-150.0	150	19311	103	-150.0	150	19311
104	-145.0	145	19456	104	-145.0	145	19456	104	-145.0	145	19456	104	-145.0	145	19456	104	-145.0	145	19456	104	-145.0	145	19456	104	-145.0	145	19456	104	-145.0	145	19456	104	-145.0	145	19456	104	-145.0	145	19456	104	-145.0	145	19456	104	-145.0	145	19456	104	-145.0	145	19456
105	-147.0	147	19603	105	-147.0	147	19603	105	-147.0	147	19603	105	-147.0	147	19603	105	-147.0	147	19603	105	-147.0	147	19603	105	-147.0	147	19603	105	-147.0	147	19603	105	-147.0	147	19603	105	-147.0	147	19603	105	-147.0	147	19603	105	-147.0	147	19603	105	-147.0	147	19603
106	-140.0	140	19743	106	-140.0	140	19743	106	-140.0	140	19743	106	-140.0	140	19743	106	-140.0	140	19743	106	-140.0	140	19743	106	-140.0	140	19743	106	-140.0	140	19743	106	-140.0	140	19743	106	-140.0	140	19743	106	-140.0	140	19743	106	-140.0	140	19743	106	-140.0	140	19743
107	-139.0	139	19882	107	-139.0	139	19882	107	-139.0	139	19882	107	-139.0	139	19882	107	-139.0	139	19882	107	-139.0	139	19882	107	-139.0	139	19882	107	-139.0	139	19882	107	-139.0	139	19882	107	-139.0	139	19882	107	-139.0	139	19882	107	-139.0	139	19882	107	-139.0	139	19882
108	-108.0	108	19990	108	-108.0	108	19990	108	-108.0	108	19990	108	-108.0	108	19990	108	-108.0	108	19990	108	-108.0	108	19990	108	-108.0	108	19990	108	-108.0	108	19990	108	-108.0	108	19990	108	-108.0	108	19990	108	-108.0	108	19990	108	-108.0	108	19990	108	-108.0	108	19990
109	-182.0	182	20172	109	-182.0	182	20172	109	-182.0	182	20172	109	-182.0	182	20172	109	-182.0	182	20172	109	-182.0	182	20172	109	-182.0	182	20172	109	-182.0	182	20172	109	-182.0	182	20172	109	-182.0	182	20172	109	-182.0	182	20172	109	-182.0	182	20172	109	-182.0	182	20172
110	-171.0	171	20343	110	-171.0	171	20343	110	-171.0	171	20343	110	-171.0	171	20343	110	-171.0	171	20343	110	-171.0	171	20343	110	-171.0	171	20343	110	-171.0	171	20343	110	-171.0	171	20343	110	-171.0	171	20343	110	-171.0	171	20343	110	-171.0	171	20343	110	-171.0	171	20343
111	-148.0	148	20491	111	-148.0	148	20491	111	-148.0	148	20491	111	-148.0	148	20491	111	-148.0	148	20491	111	-148.0	148	20491	111	-148.0	148	20491	111	-148.0	148	20491	111	-148.0	148	20491	111	-148.0	148	20491	111	-148.0	148	20491	111	-148.0	148	20491	111	-148.0	148	20491
112	-157.0	157	20648	112	-157.0	157	20648	112	-157.0	157	20648	112	-157.0	157	20648	112	-157.0	157	20648	112	-157.0	157	20648	112	-157.0	157	20648	112	-157.0	157	20648	112	-157.0	157	20648	112	-157.0	157	20648	112	-157.0	157	20648	112	-157.0	157	20648	112	-157.0	157	20648
113	-147.0	147	20795	113	-147.0	147	20795	113	-147.0	147	20795	113	-147.0	147	20795	113	-147.0	147	20795	113	-147.0	147	20795	113	-147.0	147	20795	113	-147.0	147	20795	113	-147.0	147	20795	113	-147.0	147	20795	113	-147.0	147	20795	113	-147.0	147	20795	113	-147.0	147	20795
114	-118.0	118	20913	114	-118.0	118	20913	114	-118.0	118	20913	114	-118.0	118	20913	114	-118.0	118	20913	114	-118.0	118	20913	114	-118.0	118	20913	114	-118.0	118	20913	114	-118.0	118	20913	114	-118.0	118	20913	114	-118.0	118	20913	114	-118.0	118	20913	114	-118.0	118	20913
115	-113.0	113	21026	115	-113.0	113	21026	115	-113.0	113	21026	115	-113.0	113	21026	115	-113.0	113	21026	115	-113.0	113	21026	115	-113.0	113	21026	115	-113.0	113	21026	115	-113.0	113	21026	115	-113.0	113	21026	115	-113.0	113	21026	115	-113.0	113	21026	115	-113.0	113	21026
116	-160.0	160	21186	116	-160.0	160	21186	116	-160.0	160	21186	116	-160.0	160	21186	116	-160.0	160	21186	116	-160.0	160	21186	116	-160.0	160	21186	116	-160.0	160	21186	116	-160.0	160	21186	116	-160.0	160	21186	116	-160.0	160	21186	116	-160.0	160	21186	116	-160.0	160	21186
117	-149.0	149	21335	117	-149.0	149	21335	117	-149.0	149	21335	117	-149.0	149	21335	117	-149.0	149	21335	117	-149.0	149	21335	117	-149.0	149	21335	117	-149.0	149	21335	117	-149.0	149	21335	117	-149.0	149	21335	117	-149.0	149	21335	117	-149.0	149	21335	117	-149.0	149	21335
118	-176.0	176	21511	118	-176.0	176	21511	118	-176.0	176	21511	118	-176.0	176	21511	118	-176.0	176	21511	118	-176.0	176	21511	118	-176.0	176	21511	118	-176.0	176	21511	118	-176.0	176	21511	118	-176.0	176	21511	118	-176.0	176	21511	118	-176.0	176	21511	118	-176.0	176	21511
119	-185.0	185	21696	119	-185.0	185	21696	119	-185.0	185	21696	119	-185.0	185	21696	119	-185.0	185	21696	119	-185.0	185	21696	119	-185.0	185	21696	119	-185.0	185	21696	119	-185.0	185	21696	119	-185.0	185	21696	119	-185.0	185	21696	119	-185.0	185	21696	119	-185.0	185	21696
120	-143.0	143	21839	120	-143.0	143	21839	120	-143.0	143	21839	120	-143.0	143	21839	120	-143.0	143	21839	120	-143.0	143	21839	120	-143.0	143	21839	120	-143.0	143	21839	120	-143.0	143	21839	120	-143.0	143	21839	120	-143.0	143	21839	120	-143.0	143	21839	120	-143.0	143	21839
121	-142.0	142	21981	121	-142.0	142	21981	121	-142.0	142	21981	121	-142.0	142	21981	121	-142.0	142	21981	121	-142.0	142	21981	121	-142.0	142	21981	121	-142.0	142	21981	121	-142.0	142	21981	121	-142.0	142	21981	121	-142.0	142	21981	121	-142.0	142	21981	121	-142.0	142	21981
122	-136.0	136	22117	122	-136.0	136	22117	122	-136.0	136	22117	122	-136.0	136	22117	122	-136.0	136	22117	122	-136.0	136	22117	122	-136.0	136	22117	122	-136.0	136	22117	122	-136.0	136	22117	122	-136.0	136	22117	122	-136.0	136	22117	122	-136.0	136	22117	122	-136.0	136	22117
123	-138.0	138	22255	123	-138.0	138	22255	123	-138.0	138	22255	123	-138.0	138	22255	123	-138.0	138	22255	123	-138.0	138	22255	123	-138.0	138	22255	123	-138.0	138	22255	123	-138.0	138	22255	123	-138.0	138	22255	123	-138.0	138	22255	123	-138.0	138	22255	123	-138.0	138	22255
124	-150.0	150	22405	124	-150.0	150	22405	124	-150.0	150	22405	124	-150.0	150	22405	124	-150.0	150	22405	124	-150.0	150	22405	124	-150.0	150	22405	124	-150.0	150	22405	124	-150.0	150	22405	124	-150.0	150	22405	124	-150.0	150	22405	124	-150.0	150	22405	124	-150.0	150	22405
125	-142.0	142	22547	125	-142.0	142	22547	125	-142.0	142	22547	125	-142.0	142	22547	125	-142.0	142	22547	125	-142.0	142	22547	125	-142.0	142	22547	125	-142.0	142	22547	125	-142.0	142	22547	125	-142.0	142	22547	125	-142.0	142	22547	125	-142.0	142	22547	125	-142.0	142	22547
126	-134.0	134	22681	126	-134.0	134	22681	126	-134.0	134	22681	126	-134.0	134	22681	126	-134.0	134	22681	126	-134.0	134	22681	126	-134.0	134	22681	126	-134.0	134	22681	126	-134.0	134	22681	126	-134.0	134	22681	126	-134.0	134	22681	126	-134.0	134	22681	126	-134.0	134	22681
127	-159.0	159	22840	127	-159.0	159	22840	127	-159.0	159	22840	127	-159.0	159	22840	127	-159.0	159	22840	127	-159.0	159	22840	127	-159.0	159	22840	127	-159.0	159	22840	127	-159.0	159	22840	127	-159.0	159	22840	127	-159.0	159	22840	127	-159.0	159	22840	127	-159.0	159	22840
128	-137.0	137	22977	128	-137.0	137	22977	128	-137.0	137	22977	128	-137.0	137	22977	128	-137.0	137	22977	128	-137.0	137	22977	128	-137.0	137	22977	128	-137.0	137	22977	128	-137.0	137	22977	128	-137.0	137	22977	128	-137.0	137	22977	128	-137.0	137	22977	128	-137.0	137	22977
129	-107.0	107	23084	129	-107.0	107	23084	129	-107.0	107	23084	129	-107.0	107	23084	129	-107.0	107	23084	129	-107.0	107	23084	129	-107.0	107	23084	129	-107.0	107	23084	129	-107.0	107	23084	129	-107.0	107	23084	129	-107.0	107	23084	129	-107.0	107	23084	129	-107.0	107	23084
130	-134.0	134	23218	130	-134.0	134	23218	130	-134.0	134	23218	130	-134.0	134	23218	130	-134.0	134	23218	130	-134.0	134	23218	130	-134.0	134	23218	130	-134.0	134	23218	130	-134.0	134	23218	130	-134.0	134	23218	130	-134.0	134	23218	130	-134.0	134	23218	130	-134.0	134	23218
131	-135.0	135	23353	131	-135.0	135	23353	131	-135.0	135	23353	131	-135.0	135	23353	131	-135.0	135	23353	131	-135.0	135	23353	131	-135.0	135	23353	131	-135.0	135	23353	131	-135.0	135	23353	131	-135.0	135	23353	131	-135.0	135	23353	131	-135.0	135	23353	131	-135.0	135	23353
132	-116.0	116	23469	132	-116.0	116	23469	132	-116.0	116	23469	132	-116.0	116	23469	132	-116.0	116	23469	132	-116.0	116	23469	132	-116.0	116	23469	132	-116.0	116	23469	132	-116.0	116	23469	132	-116.0	116	23469	132	-116.0	116	23469	132	-116.0	116	23469	132	-116.0	116	23469
133	-110.0	110	23579	133	-110.0	110	23579	133	-110.0	110	23579	133	-110.0	110	23579	133	-110.0	110	23579	133	-110.0	110	23579	133	-110.0	110	23579	133	-110.0	110	23579	133	-110.0	110	23579	133	-110.0	110	23579	133	-110.0	110	23579	133	-110.0	110	23579	133	-110.0	110	23579
134	-135.0	135	23714	134	-135.0	135	23714	134	-135.0	135	23714	134	-135.0	135	23714	134	-135.0	135	23714	134	-135.0	135	23714	134	-135.0	135	23714	134	-135.0	135	23714	134	-135.0	135	23714	134	-135.0	135	23714	134	-135.0	135	23714	134	-135.0	135	23714	134	-135.0	135	23714
135	-123.0	123	23837	135	-123.0	123	23837	135	-123.0	123	23837	135	-123.0	123	23837	135	-123.0	123	23837	135	-123.0	123	23837	135	-123.0	123	23837	135	-123.0	123	23837	135	-123.0	123	23837	135	-123.0	123	23837	135	-123.0	123	23837	135	-123.0	123	23837	135	-123.0	123	23837
136	-126.0	126	23963	136	-126.0	126	23963	136	-126.0	126	23963	136	-126.0	126	23963	136	-126.0	126	23963	136	-126.0	126	23963	136	-126.0	126	23963	136	-126.0	126	23963	136	-126.0	126	23963	136	-126.0	126	23963	136	-126.0	126	23963	136	-126.0	126	23963	136	-126.0	126	23963
137	-131.0	131	24094	137	-131.0	131	24094	137	-131.0	131	24094	137	-131.0	131	24094	137	-131.0	131	24094	137	-131.0	131	24094	137	-131.0	131	24094	137	-131.0	131	24094	137	-131.0	131	24094	137	-131.0	131	24094	137	-131.0	131	24094	137	-131.0	131	24094	137	-131.0	131	24094
138	-147.0	147	24241	138	-147.0	147	24241	138	-147.0	147	24241	138	-147.0	147	24241	138	-147.0	147	24241	138	-147.0	147	24241	138	-147.0	147	24241	138	-147.0	147	24241	138	-147.0	147	24241	138	-147.0	147	24241	138	-147.0	147	24241	138	-147.0	147	24241	138	-147.0	147	24241
139	-107.0	107	24348	139	-107.0	107	24348	139	-107.0	107	24348	139	-107.0	107	24348	139	-107.0	107	24348	139	-107.0	107	24348	139	-107.0	107	24348	139	-107.0	107	24348	139	-107.0	107	24348	139	-107.0	107	24348	139	-107.0	107	24348	139	-107.0	107	24348	139	-107.0	107	24348
140	-112.0	112	24460	140	-112.0	112	24460	140	-112.0	112	24460	140	-112.0	112	24460	140	-112.0	112	24460	140	-112.0	112	24460	140	-112.0	112	24460	140	-112.0	112	24460	140	-112.0	112	24460	140	-112.0	112	24460	140	-112.0	112	24460	140	-112.0	112	24460	140	-112.0	112	24460
141	-111.0	111	24571	141	-111.0	111	24571	141	-111.0	111	24571	141	-111.0	111	24571	141	-111.0	111	24571	141	-111.0	111	24571	141	-111.0	111	24571	141	-111.0	111	24571	141	-111.0	111	24571	141	-111.0	111	24571	141	-111.0	111	24571	141	-111.0	111	24571	141	-111.0	111	24571
142	-108.0	108	24679	142	-108.0	108	24679	142	-108.0	108	24679	142	-108.0	108	24679	142	-108.0	108	24679	142	-108.0	108	24679	142	-108.0	108	24679	142	-108.0	108	24679	142	-108.0	108	24679	142	-108.0	108	24679	142	-108.0	108	24679	142	-108.0	108	24679	142	-108.0	108	24679
143	-146.0	146	24825	143	-146.0	146	24825	143	-146.0	146	24825	143	-146.0	146	24825	143	-146.0	146	24825	143	-146.0	146	24825	143	-146.0	146	24825	143	-146.0	146	24825	143	-146.0	146	24825	143	-146.0	146	24825	143	-146.0	146	24825	143	-146.0	146	24825	143	-146.0	146	24825
144	-107.0	107	24932	144	-107.0	107	24932	144	-107.0	107	24932	144	-107.0	107	24932	144	-107.0	107	24932	144	-107.0	107	24932	144	-107.0	107	24932	144	-107.0	107	24932	144	-107.0	107	24932	144	-107.0	107	24932	144	-107.0	107	24932	144	-107.0	107	24932	144	-107.0	107	24932
145	-138.0	138	25070	145	-138.0	138	25070	145	-138.0	138	25070	145	-138.0	138	25070	145	-138.0	138	25070	145	-138.0	138	25070	145	-138.0	138	25070	145	-138.0	138	25070	145	-138.0	138	25070	145	-138.0	138	25070	145	-138.0	138	25070	145	-138.0	138	25070	145	-138.0	138	25070
146	-106.0	106	25176	146	-106.0	106	25176	146	-106.0	106	25176	146	-106.0	106	25176	146	-106.0	106	25176	146	-106.0	106	25176	146	-106.0	106	25176	146	-106.0	106	25176	146	-106.0	106	25176	146	-106.0	106	25176	146	-106.0	106	25176	146	-106.0	106	25176	146	-106.0	106	25176
147	-137.0	137	25313	147	-137.0	137	25313	147	-137.0	137	25313	147	-137.0	137	25313	147	-137.0	137	25313	147	-137.0	137	25313	147	-137.0	137	25313	147	-137.0	137	25313	147	-137.0	137	25313	147	-137.0	137	25313	147	-137.0	137	25313	147	-137.0	137	25313	147	-137.0	137	25313
148	-138.0	138	25451	148	-138.0	138	25451	148	-138.0	138	25451	148	-138.0	138	25451	148	-138.0	138	25451	148	-138.0	138	25451	148	-138.0	138	25451	148	-138.0	138	25451	148	-138.0	138	25451	148	-138.0	138	25451	148	-138.0	138	25451	148	-138.0	138	25451	148	-138.0	138	25451
149	-142.0	142	25593	149	-142.0	142	25593	149	-142.0	142	25593	149	-142.0	142	25593	149	-142.0	142	25593	149	-142.0	142	25593	149	-142.0	142	25593	149	-142.0	142	25593	149	-142.0	142	25593	149	-142.0	142	25593	149	-142.0	142	25593	149	-142.0	142	25593	149	-142.0	142	25593
150	-176.0	176	25769	150	-176.0	176	25769	150	-176.0	176	25769	150	-176.0	176	25769	150	-176.0	176	25769	150	-176.0	176	25769	150	-176.0	176	25769	150	-176.0	176	25769	150	-176.0	176	25769	150	-176.0	176	25769	150	-176.0	176	25769	150	-176.0	176	25769	150	-176.0	176	25769
151	-163.0	163	25932	151	-163.0	163	25932	151	-163.0	163	25932	151	-163.0	163	25932	151	-163.0	163	25932	151	-163.0	163	25932	151	-163.0	163	25932	151	-163.0	163	25932	151	-163.0	163	25932	151	-163.0	163	25932	151	-163.0	163	25932	151	-163.0	163	25932	151	-163.0	163	25932
152	-177.0	177	26109	152	-177.0	177	26109	152	-177.0	177	26109	152	-177.0	177	26109	152	-177.0	177	26109	152	-177.0	177	26109	152	-177.0	177	26109	152	-177.0	177	26109	152	-177.0	177	26109	152	-177.0	177	26109	152	-177.0	177	26109	152	-177.0	177	26109	152	-177.0	177	26109
153	-157.0	157	26266	153	-157.0	157	26266	153	-157.0	157	26266	153	-157.0	157	26266	153	-157.0	157	26266	153	-157.0	157	26266	153	-157.0	157	26266	153	-157.0	157	26266	153	-157.0	157	26266	153	-157.0	157	26266	153	-157.0	157	26266	153	-157.0	157	26266	153	-157.0	157	26266
154	-144.0	144	26410	154	-144.0	144	26410	154	-144.0	144	26410	154	-144.0	144	26410	154	-144.0	144	26410	154	-144.0	144	26410	154	-144.0	144	26410	154	-144.0	144	26410	154	-144.0	144	26410	154	-144.0	144	26410	154	-144.0	144	26410	154	-144.0	144	26410	154	-144.0	144	26410
155	-146.0	146	26556	155	-146.0	146	26556	155	-146.0	146	26556	155	-146.0	146	26556	155	-146.0	146	26556	155	-146.0	146	26556	155	-146.0	146	26556	155	-146.0	146	26556	155	-146.0	146	26556	155	-146.0	146	26556	155	-146.0	146	26556	155	-146.0	146	26556	155	-146.0	146	26556
156	-141.0	141	26697	156	-141.0	141	26697	156	-141.0	141	26697	156	-141.0	141	26697	156	-141.0	141	26697	156	-141.0	141	26697	156	-141.0	141	26697	156	-141.0	141	26697	156	-141.0	141	26697	156	-141.0	141	26697	156	-141.0	141	26697	156	-141.0	141	26697	156	-141.0	141	26697
157	-168.0	168	26865	157	-168.0	168	26865	157	-168.0	168	26865	157	-168.0	168	26865	157	-168.0	168	26865	157	-168.0	168	26865	157	-168.0	168	26865	157	-168.0	168	26865	157	-168.0	168	26865	157	-168.0	168	26865	157	-168.0	168	26865	157	-168.0	168	26865	157	-168.0	168	26865
158	-155.0	155	27020	158	-155.0	155	27020	158	-155.0	155	27020	158	-155.0	155	27020	158	-155.0	155	27020	158	-155.0	155	27020	158	-155.0	155	27020	158	-155.0	155	27020	158	-155.0	155	27020	158	-155.0	155	27020	158	-155.0	155	27020	158	-155.0	155	27020	158	-155.0	155	27020
159	-138.0	138	27158	159	-138.0	138	27158	159	-138.0	138	27158	159	-138.0	138	27158	159	-138.0	138	27158	159	-138.0	138	27158	159	-138.0	138	27158	159	-138.0	138	27158	159	-138.0	138	27158	159	-138.0	138	27158	159	-138.0	138	27158	159	-138.0	138	27158	159	-138.0	138	27158
160	-143.0	143	27301	160	-143.0	143	27301	160	-143.0	143	27301	160	-143.0	143	27301	160	-143.0	143	27301	160	-143.0	143	27301	160	-143.0	143	27301	160	-143.0	143	27301	160	-143.0	143	27301	160	-143.0	143	27301	160	-143.0	143	27301	160	-143.0	143	27301	160	-143.0	143	27301
161	-149.0	149	27450	161	-149.0	149	27450	161	-149.0	149	27450	161	-149.0	149	27450	161	-149.0	149	27450	161	-149.0	149	27450	161	-149.0	149	27450	161	-149.0	149	27450	161	-149.0	149	27450	161	-149.0	149	27450	161	-149.0	149	27450	161	-149.0	149	27450	161	-149.0	149	27450
162	-111.0	111	27561	162	-111.0	111	27561	162	-111.0	111	27561	162	-111.0	111	27561	162	-111.0	111	27561	162	-111.0	111	27561	162	-111.0	111	27561	162	-111.0	111	27561	162	-111.0	111	27561	162	-111.0	111	27561	162	-111.0	111	27561	162	-111.0	111	27561	162	-111.0	111	27561
163	-162.0	162	27723	163	-162.0	162	27723	163	-162.0	162	27723	163	-162.0	162	27723	163	-162.0	162	27723	163	-162.0	162	27723	163	-162.0	162	27723	163	-162.0	162	27723	163	-162.0	162	27723	163	-162.0	162	27723	163	-162.0	162	27723	163	-162.0	162	27723	163	-162.0	162	27723
164	-112.0	112	27835	164	-112.0	112	27835	164	-112.0	112	27835	164	-112.0	112	27835	164	-112.0	112	27835	164	-112.0	112	27835	164	-112.0	112	27835	164	-112.0	112	27835	164	-112.0	112	27835	164	-112.0	112	27835	164	-112.0	112	27835	164	-112.0	112	27835	164	-112.0	112	27835
165	-107.0	107	27942	165	-107.0	107	27942	165	-107.0	107	27942	165	-107.0	107	27942	165	-107.0	107	27942	165	-107.0	107	27942	165	-107.0	107	27942	165	-107.0	107	27942	165	-107.0	107	27942	165	-107.0	107	27942	165	-107.0	107	27942	165	-107.0	107	27942	165	-107.0	107	27942
166	-85.0	85	28027	166	-85.0	85	28027	166	-85.0	85	28027	166	-85.0	85	28027	166	-85.0	85	28027	166	-85.0	85	28027	166	-85.0	85	28027	166	-85.0	85	28027	166	-85.0	85	28027	166	-85.0	85	28027	166	-85.0	85	28027	166	-85.0	85	28027	166	-85.0	85	28027
167	-108.0	108	28135	167	-108.0	108	28135	167	-108.0	108	28135	167	-108.0	108	28135	167	-108.0	108	28135	167	-108.0	108	28135	167	-108.0	108	28135	167	-108.0	108	28135	167	-108.0	108	28135	167	-108.0	108	28135	167	-108.0	108	28135	167	-108.0	108	28135	167	-108.0	108	28135
168	-109.0	109	28244	168	-109.0	109	28244	168	-109.0	109	28244	168	-109.0	109	28244	168	-109.0	109	28244	168	-109.0	109	28244	168	-109.0	109	28244	168	-109.0	109	28244	168	-109.0	109	28244	168	-109.0	109	28244	168	-109.0	109	28244	168	-109.0	109	28244	168	-109.0	109	28244
169	-109.0	109	28353	169	-109.0	109	28353	169	-109.0	109	28353	169	-109.0	109	28353	169	-109.0	109	28353	169	-109.0	109	28353	169	-109.0	109	28353	169	-109.0	109	28353	169	-109.0	109	28353	169	-109.0	109	28353	169	-109.0	109	28353	169	-109.0	109	28353	169	-109.0	109	28353
170	-108.0	108	28461	170	-108.0	108	28461	170	-108.0	108	28461	170	-108.0	108	28461	170	-108.0	108	28461	170	-108.0	108	28461	170	-108.0	108	28461	170	-108.0	108	28461	170	-108.0	108	28461	170	-108.0	108	28461	170	-108.0	108	28461	170	-108.0	108	28461	170	-108.0	108	28461
171	-105.0	105	28566	171	-105.0	105	28566	171	-105.0	105	28566	171	-105.0	105	28566	171	-105.0	105	28566	171	-105.0	105	28566	171	-105.0	105	28566	171	-105.0	105	28566	171	-105.0	105	28566	171	-105.0	105	28566	171	-105.0	105	28566	171	-105.0	105	28566	171	-105.0	105	28566
172	-87.0	87	28653	172	-87.0	87	28653	172	-87.0	87	28653	172	-87.0	87	28653	172	-87.0	87	28653	172	-87.0	87	28653	172	-87.0	87	28653	172	-87.0	87	28653	172	-87.0	87	28653	172	-87.0	87	28653	172	-87.0	87	28653	172	-87.0	87	28653	172	-87.0	87	28653
173	-86.0	86	28739	173	-86.0	86	28739	173	-86.0	86	28739	173	-86.0	86	28739	173	-86.0	86	28739	173	-86.0	86	28739	173	-86.0	86	28739	173	-86.0	86	28739	173	-86.0	86	28739	173	-86.0	86	28739	173	-86.0	86	28739	173	-86.0	86	28739	173	-86.0	86	28739
174	-150.0	150	28889	174	-150.0	150	28889	174	-150.0	150	28889	174	-150.0	150	28889	174	-150.0	150	28889	174	-150.0	150	28889	174	-150.0	150	28889	174	-150.0	150	28889	174	-150.0	150	28889	174	-150.0	150	28889	174	-150.0	150	28889	174	-150.0	150	28889	174	-150.0	150	28889
175	-107.0	107	28996	175	-107.0	107	28996	175	-107.0	107	28996	175	-107.0	107	28996	175	-107.0	107	28996	175	-107.0	107	28996	175	-107.0	107	28996	175	-107.0	107	28996	175	-107.0	107	28996	175	-107.0	107	28996	175	-107.0	107	28996	175	-107.0	107	28996	175	-107.0	107	28996
176	-106.0	106	29102	176	-106.0	106	29102	176	-106.0	106	29102	176	-106.0	106	29102	176	-106.0	106	29102	176	-106.0	106	29102	176	-106.0	106	29102	176	-106.0	106	29102	176	-106.0	106	29102	176	-106.0	106	29102	176	-106.0	106	29102	176	-106.0	106	29102	176	-106.0	106	29102
177	-105.0	105	29207	177	-105.0	105	29207	177	-105.0	105	29207	177	-105.0	105	29207	177	-105.0	105	29207	177	-105.0	105	29207	177	-105.0	105	29207	177	-105.0	105	29207	177	-105.0	105	29207	177	-105.0	105	29207	177	-105.0	105	29207	177	-105.0	105	29207	177	-105.0	105	29207
178	-151.0	151	29358	178	-151.0	151	29358	178	-151.0	151	29358	178	-151.0	151	29358	178	-151.0	151	29358	178	-151.0	151	29358	178	-151.0	151	29358	178	-151.0	151	29358	178	-151.0	151	29358	178	-151.0	151	29358	178	-151.0	151	29358	178	-151.0	151	29358	178	-151.0	151	29358
179	-108.0	108	29466	179	-108.0	108	29466	179	-108.0	108	29466	179	-108.0	108	29466	179	-108.0	108	29466	179	-108.0	108	29466	179	-108.0	108	29466	179	-108.0	108	29466	179	-108.0	108	29466	179	-108.0	108	29466	179	-108.0	108	29466	179	-108.0	108	29466	179	-108.0	108	29466
180	-162.0	162	29628	180	-162.0	162	29628	180	-162.0	162	29628	180	-162.0	162	29628	180	-162.0	162	29628	180	-162.0	162	29628	180	-162.0	162	29628	180	-162.0	162	29628	180	-162.0	162	29628	180	-162.0	162	29628	180	-162.0	162	29628	180	-162.0	162	29628	180	-162.0	162	29628
181	-109.0	109	29737	181	-109.0	109	29737	181	-109.0	109	29737	181	-109.0	109	29737	181	-109.0	109	29737	181	-109.0	109	29737	181	-109.0	109	29737	181	-109.0	109	29737	181	-109.0	109	29737	181	-109.0	109	29737	181	-109.0	109	29737	181	-109.0	109	29737	181	-109.0	109	29737
182	-109.0	109	29846	182	-109.0	109	29846	182	-109.0	109	29846	182	-109.0	109	29846	182	-109.0	109	29846	182	-109.0	109	29846	182	-109.0	109	29846	182	-109.0	109	29846	182	-109.0	109	29846	182	-109.0	109	29846	182	-109.0	109	29846	182	-109.0	109	29846	182	-109.0	109	29846
183	-105.0	105	29951	183	-105.0	105	29951	183	-105.0	105	29951	183	-105.0	105	29951	183	-105.0	105	29951	183	-105.0	105	29951	183	-105.0	105	29951	183	-105.0	105	29951	183	-105.0	105	29951	183	-105.0	105	29951	183	-105.0	105	29951	183	-105.0	105	29951	183	-105.0	105	29951
184	-108.0	108	30059	184	-108.0	108	30059	184	-108.0	108	30059	184	-108.0	108	30059	184	-108.0	108	30059	184	-108.0	108	30059	184	-108.0	108	30059	184	-108.0	108	30059	184	-108.0	108	30059	184	-108.0	108	30059	184	-108.0	108	30059	184	-108.0	108	30059	184	-108.0	108	30059
185	-150.0	150	30209	185	-150.0	150	30209	185	-150.0	150	30209	185	-150.0	150	30209	185	-150.0	150	30209	185	-150.0	150	30209	185	-150.0	150	30209	185	-150.0	150	30209	185	-150.0	150	30209	185	-150.0	150	30209	185	-150.0	150	30209	185	-150.0	150	30209	185	-150.0	150	30209
186	-114.0	114	30323	186	-114.0	114	30323	186	-114.0	114	30323	186	-114.0	114	30323	186	-114.0	114	30323	186	-114.0	114	30323	186	-114.0	114	30323	186	-114.0	114	30323	186	-114.0	114	30323	186	-114.0	114	30323	186	-114.0	114	30323	186	-114.0	114	30323	186	-114.0	114	30323
187	-105.0	105	30428	187	-105.0	105	30428	187	-105.0	105	30428	187	-105.0	105	30428	187	-105.0	105	30428	187	-105.0	105	30428	187	-105.0	105	30428	187	-105.0	105	30428	187	-105.0	105	30428	187	-105.0	105	30428	187	-105.0	105	30428	187	-105.0	105	30428	187	-105.0	105	30428
188	-158.0	158	30586	188	-158.0	158	30586	188	-158.0	158	30586	188	-158.0	158	30586	188	-158.0	158	30586	188	-158.0	158	30586	188	-158.0	158	30586	188	-158.0	158	30586	188	-158.0	158	30586	188	-158.0	158	30586	188	-158.0	158	30586	188	-158.0	158	30586	188	-158.0	158	30586
189	-106.0	106	30692	189	-106.0	106	30692	189	-106.0	106	30692	189	-106.0	106	30692	189	-106.0	106	30692	189	-106.0	106	30692	189	-106.0	106	30692	189	-106.0	106	30692	189	-106.0	106	30692	189	-106.0	106	30692	189	-106.0	106	30692	189	-106.0	106	30692	189	-106.0	106	30692
190	-107.0	107	30799	190	-107.0	107	30799	190	-107.0	107	30799	190	-107.0	107	30799	190	-107.0	107	30799	190	-107.0	107	30799	190	-107.0	107	30799	190	-107.0	107	30799	190	-107.0	107	30799	190	-107.0	107	30799	190	-107.0	107	30799	190	-107.0	107	30799	190	-107.0	107	30799
191	-158.0	158	30957	191	-158.0	158	30957	191	-158.0	158	30957	191	-158.0	158	30957	191	-158.0	158	30957	191	-158.0	158	30957	191	-158.0	158	30957	191	-158.0	158	30957	191	-158.0	158	30957	191	-158.0	158	30957	191	-158.0	158	30957	191	-158.0	158	30957	191	-158.0	158	30957
192	-136.0	136	31093	192	-136.0	136	31093	192	-136.0	136	31093	192	-136.0	136	31093	192	-136.0	136	31093	192	-136.0	136	31093	192	-136.0	136	31093	192	-136.0	136	31093	192	-136.0	136	31093	192	-136.0	136	31093	192	-136.0	136	31093	192	-136.0	136	31093	192	-136.0	136	31093
193	-158.0	158	31251	193	-158.0	158	31251	193	-158.0	158	31251	193	-158.0	158	31251	193	-158.0	158	31251	193	-158.0	158	31251	193	-158.0	158	31251	193	-158.0	158	31251	193	-158.0	158	31251	193	-158.0	158	31251	193	-158.0	158	31251	193	-158.0	158	31251	193	-158.0	158	31251
194	-112.0	112	31363	194	-112.0	112	31363	194	-112.0	112	31363	194	-112.0	112	31363	194	-112.0	112	31363	194	-112.0	112	31363	194	-112.0	112	31363	194	-112.0	112	31363	194	-112.0	112	31363	194	-112.0	112	31363	194	-112.0	112	31363	194	-112.0	112	31363	194	-112.0	112	31363
195	-175.0	175	31538	195	-175.0	175	31538	195	-175.0	175	31538	195	-175.0	175	31538	195	-175.0	175	31538	195	-175.0	175	31538	195	-175.0	175	31538	195	-175.0	175	31538	195	-175.0	175	31538	195	-175.0	175	31538	195	-175.0	175	31538	195	-175.0	175	31538	195	-175.0	175	31538
196	-140.0	140	31678	196	-140.0	140	31678	196	-140.0	140	31678	196	-140.0	140	31678	196	-140.0	140	31678	196	-140.0	140	31678	196	-140.0	140	31678	196	-140.0	140	31678	196	-140.0	140	31678	196	-140.0	140	31678	196	-140.0	140	31678	196	-140.0	140	31678	196	-140.0	140	31678
197	-138.0	138	31816	197	-138.0	138	31816	197	-138.0	138	31816	197	-138.0	138	31816	197	-138.0	138	31816	197	-138.0	138	31816	197	-138.0	138	31816	197	-138.0	138	31816	197	-138.0	138	31816	197	-138.0	138	31816	197	-138.0	138	31816	197	-138.0	138	31816	197	-138.0	138	31816
198	-94.0	94	31910	198	-94.0	94	31910	198	-94.0	94	31910	198	-94.0	94	31910	198	-94.0	94	31910	198	-94.0	94	31910	198	-94.0	94	31910	198	-94.0	94	31910	198	-94.0	94	31910	198	-94.0	94	31910	198	-94.0	94	31910	198	-94.0	94	31910	198	-94.0	94	31910
199	-137.0	137	32047	199	-137.0	137	32047	199	-137.0	137	32047	199	-137.0	137	32047	199	-137.0	137	32047	199	-137.0	137	32047	199	-137.0	137	32047	199	-137.0	137	32047	199	-137.0	137	32047	199	-137.0	137	32047	199	-137.0	137	32047	199	-137.0	137	32047	199	-137.0	137	32047
200	-137.0	137	32184	200	-137.0	137	32184	200	-137.0	137	32184	200	-137.0	137	32184	200	-137.0	137	32184	200	-137.0	137	32184	200	-137.0	137	32184	200	-137.0	137	32184	200	-137.0	137	32184	200	-137.0	137	32184	200	-137.0	137	32184	200	-137.0	137	32184	200	-137.0	137	32184
201	-139.0	139	32323	201	-139.0	139	32323	201	-139.0	139	32323	201	-139.0	139	32323	201	-139.0	139	32323	201	-139.0	139	32323	201	-139.0	139	32323	201	-139.0	139	32323	201	-139.0	139	32323	201	-139.0	139	32323	201	-139.0	139	32323	201	-139.0	139	32323	201	-139.0	139	32323
202	-163.0	163	32486	202	-163.0	163	32486	202	-163.0	163	32486	202	-163.0	163	32486	202	-163.0	163	32486	202	-163.0	163	32486	202	-163.0	163	32486	202	-163.0	163	32486	202	-163.0	163	32486	202	-163.0	163	32486	202	-163.0	163	32486	202	-163.0	163	32486	202	-163.0	163	32486
203	-169.0	169	32655	203	-169.0	169	32655	203	-169.0	169	32655	203	-169.0	169	32655	203	-169.0	169	32655	203	-169.0	169	32655	203	-169.0	169	32655	203	-169.0	169	32655	203	-169.0	169	32655	203	-169.0	169	32655	203	-169.0	169	32655	203	-169.0	169	32655	203	-169.0	169	32655
204	-134.0	134	32789	204	-134.0	134	32789	204	-134.0	134	32789	204	-134.0	134	32789	204	-134.0	134	32789	204	-134.0	134	32789	204	-134.0	134	32789	204	-134.0	134	32789	204	-134.0	134	32789	204	-134.0	134	32789	204	-134.0	134	32789	204	-134.0	134	32789	204	-134.0	134	32789
205	-159.0	159	32948	205	-159.0	159	32948	205	-159.0	159	32948	205	-159.0	159	32948	205	-159.0	159	32948	205	-159.0	159	32948	205	-159.0	159	32948	205	-159.0	159	32948	205	-159.0	159	32948	205	-159.0	159	32948	205	-159.0	159	32948	205	-159.0	159	32948	205	-159.0	159	32948
206	-156.0	156	33104	206	-156.0	156	33104	206	-156.0	156	33104	206	-156.0	156	33104	206	-156.0	156	33104	206	-156.0	156	33104	206	-156.0	156	33104	206	-156.0	156	33104	206	-156.0	156	33104	206	-156.0	156	33104	206	-156.0	156	33104	206	-156.0	156	33104	206	-156.0	156	33104
207	-133.0	133	33237	207	-133.0	133	33237	207	-133.0	133	33237	207	-133.0	133	33237	207	-133.0	133	33237	207	-133.0	133	33237	207	-133.0	133	33237	207	-133.0	133	33237	207	-133.0	133	33237	207	-133.0	133	33237	207	-133.0	133	33237	207	-133.0	133	33237	207	-133.0	133	33237
208	-141.0	141	33378	208	-141.0	141	33378	208	-141.0	141	33378	208	-141.0	141	33378	208	-141.0	141	33378	208	-141.0	141	33378	208	-141.0	141	33378	208	-141.0	141	33378	208	-141.0	141	33378	208	-141.0	141	33378	208	-141.0	141	33378	208	-141.0	141	33378	208	-141.0	141	33378
209	-141.0	141	33519	209	-141.0	141	33519	209	-141.0	141	33519	209	-141.0	141	33519	209	-141.0	141	33519	209	-141.0	141	33519	209	-141.0	141	33519	209	-141.0	141	33519	209	-141.0	141	33519	209	-141.0	141	33519	209	-141.0	141	33519	209	-141.0	141	33519	209	-141.0	141	33519
210	-154.0	154	33673	210	-154.0	154	33673	210	-154.0	154	33673	210	-154.0	154	33673	210	-154.0	154	33673	210	-154.0	154	33673	210	-154.0	154	33673	210	-154.0	154	33673	210	-154.0	154	33673	210	-154.0	154	33673	210	-154.0	154	33673	210	-154.0	154	33673	210	-154.0	154	33673
211	-163.0	163	33836	211	-163.0	163	33836	211	-163.0	163	33836	211	-163.0	163	33836	211	-163.0	163	33836	211	-163.0	163	33836	211	-163.0	163	33836	211	-163.0	163	33836	211	-163.0	163	33836	211	-163.0	163	33836	211	-163.0	163	33836	211	-163.0	163	33836	211	-163.0	163	33836
212	-138.0	138	33974	212	-138.0	138	33974	212	-138.0	138	33974	212	-138.0	138	33974	212	-138.0	138	33974	212	-138.0	138	33974	212	-138.0	138	33974	212	-138.0	138	33974	212	-138.0	138	33974	212	-138.0	138	33974	212	-138.0	138	33974	212	-138.0	138	33974	212	-138.0	138	33974
213	-117.0	117	34091	213	-117.0	117	34091	213	-117.0	117	34091	213	-117.0	117	34091	213	-117.0	117	34091	213	-117.0	117	34091	213	-117.0	117	34091	213	-117.0	117	34091	213	-117.0	117	34091	213	-117.0	117	34091	213	-117.0	117	34091	213	-117.0	117	34091	213	-117.0	117	34091
214	-108.0	108	34199	214	-108.0	108	34199	214	-108.0	108	34199	214	-108.0	108	34199	214	-108.0	108	34199	214	-108.0	108	34199	214	-108.0	108	34199	214	-108.0	108	34199	214	-108.0	108	34199	214	-108.0	108	34199	214	-108.0	108	34199	214	-108.0	108	34199	214	-108.0	108	34199
215	-117.0	117	34316	215	-117.0	117	34316	215	-117.0	117	34316	215	-117.0	117	34316	215	-117.0	117	34316	215	-117.0	117	34316	215	-117.0	117	34316	215	-117.0	117	34316	215	-117.0	117	34316	215	-117.0	117	34316	215	-117.0	117	34316	215	-117.0	117	34316	215	-117.0	117	34316
216	-156.0	156	34472	216	-156.0	156	34472	216	-156.0	156	34472	216	-156.0	156	34472	216	-156.0	156	34472	216	-156.0	156	34472	216	-156.0	156	34472	216	-156.0	156	34472	216	-156.0	156	34472	216	-156.0	156	34472	216	-156.0	156	34472	216	-156.0	156	34472	216	-156.0	156	34472
217	-109.0	109	34581	217	-109.0	109	34581	217	-109.0	109	34581	217	-109.0	109	34581	217	-109.0	109	34581	217	-109.0	109	34581	217	-109.0	109	34581	217	-109.0	109	34581	217	-109.0	109	34581	217	-109.0	109	34581	217	-109.0	109	34581	217	-109.0	109	34581	217	-109.0	109	34581
218	-115.0	115	34696	218	-115.0	115	34696	218	-115.0	115	34696	218	-115.0	115	34696	218	-115.0	115	34696	218	-115.0	115	34696	218	-115.0	115	34696	218	-115.0	115	34696	218	-115.0	115	34696	218	-115.0	115	34696	218	-115.0	115	34696	218	-115.0	115	34696	218	-115.0	115	34696
219	-109.0	109	34805	219	-109.0	109	34805	219	-109.0	109	34805	219	-109.0	109	34805	219	-109.0	109	34805	219	-109.0	109	34805	219	-109.0	109	34805	219	-109.0	109	34805	219	-109.0	109	34805	219	-109.0	109	34805	219	-109.0	109	34805	219	-109.0	109	34805	219	-109.0	109	34805
220	-111.0	111	34916	220	-111.0	111	34916	220	-111.0	111	34916	220	-111.0	111	34916	220	-111.0	111	34916	220	-111.0	111	34916	220	-111.0	111	34916	220	-111.0	111	34916	220	-111.0	111	34916	220	-111.0	111	34916	220	-111.0	111	34916	220	-111.0	111	34916	220	-111.0	111	34916
221	-112.0	112	35028	221	-112.0	112	35028	221	-112.0	112	35028	221	-112.0	112	35028	221	-112.0	112	35028	221	-112.0	112	35028	221	-112.0	112	35028	221	-112.0	112	35028	221	-112.0	112	35028	221	-112.0	112	35028	221	-112.0	112	35028	221	-112.0	112	35028	221	-112.0	112	35028
222	-106.0	106	35134	222	-106.0	106	35134	222	-106.0	106	35134	222	-106.0	106	35134	222	-106.0	106	35134	222	-106.0	106	35134	222	-106.0	106	35134	222	-106.0	106	35134	222	-106.0	106	35134	222	-106.0	106	35134	222	-106.0	106	35134	222	-106.0	106	35134	222	-106.0	106	35134
223	-109.0	109	35243	223	-109.0	109	35243	223	-109.0	109	35243	223	-109.0	109	35243	223	-109.0	109	35243	223	-109.0	109	35243	223	-109.0	109	35243	223	-109.0	109	35243	223	-109.0	109	35243	223	-109.0	109	35243	223	-109.0	109	35243	223	-109.0	109	35243	223	-109.0	109	35243
224	-106.0	106	35349	224	-106.0	106	35349	224	-106.0	106	35349	224	-106.0	106	35349	224	-106.0	106	35349	224	-106.0	106	35349	224	-106.0	106	35349	224	-106.0	106	35349	224	-106.0	106	35349	224	-106.0	106	35349	224	-106.0	106	35349	224	-106.0	106	35349	224	-106.0	106	35349
225	-105.0	105	35454	225	-105.0	105	35454	225	-105.0	105	35454	225	-105.0	105	35454	225	-105.0	105	35454	225	-105.0	105	35454	225	-105.0	105	35454	225	-105.0	105	35454	225	-105.0	105	35454	225	-105.0	105	35454	225	-105.0	105	35454	225	-105.0	105	35454	225	-105.0	105	35454
226	-90.0	90	35544	226	-90.0	90	35544	226	-90.0	90	35544	226	-90.0	90	35544	226	-90.0	90	35544	226	-90.0	90	35544	226	-90.0	90	35544	226	-90.0	90	35544	226	-90.0	90	35544	226	-90.0	90	35544	226	-90.0	90	35544	226	-90.0	90	35544	226	-90.0	90	35544
227	-103.0	103	35647	227	-103.0	103	35647	227	-103.0	103	35647	227	-103.0	103	35647	227	-103.0	103	35647	227	-103.0	103	35647	227	-103.0	103	35647	227	-103.0	103	35647	227	-103.0	103	35647	227	-103.0	103	35647	227	-103.0	103	35647	227	-103.0	103	35647	227	-103.0	103	35647
228	-90.0	90	35737	228	-90.0	90	35737	228	-90.0	90	35737	228	-90.0	90	35737	228	-90.0	90	35737	228	-90.0	90	35737	228	-90.0	90	35737	228	-90.0	90	35737	228	-90.0	90	35737	228	-90.0	90	35737	228	-90.0	90	35737	228	-90.0	90	35737	228	-90.0	90	35737
229	-103.0	103	35840	229	-103.0	103	35840	229	-103.0	103	35840	229	-103.0	103	35840	229	-103.0	103	35840	229	-103.0	103	35840	229	-103.0	103	35840	229	-103.0	103	35840	229	-103.0	103	35840	229	-103.0	103	35840	229	-103.0	103	35840	229	-103.0	103	35840	229	-103.0	103	35840
230	-150.0	150	35990	230	-150.0	150	35990	230	-150.0	150	35990	230	-150.0	150	35990	230	-150.0	150	35990	230	-150.0	150	35990	230	-150.0	150	35990	230	-150.0	150	35990	230	-150.0	150	35990	230	-150.0	150	35990	230	-150.0	150	35990	230	-150.0	150	35990	230	-150.0	150	35990
231	-85.0	85	36075	231	-85.0	85	36075	231	-85.0	85	36075	231	-85.0	85	36075	231	-85.0	85	36075	231	-85.0	85	36075	231	-85.0	85	36075	231	-85.0	85	36075	231	-85.0	85	36075	231	-85.0	85	36075	231	-85.0	85	36075	231	-85.0	85	36075	231	-85.0	85	36075
232	-135.0	135	36210	232	-135.0	135	36210	232	-135.0	135	36210	232	-135.0	135	36210	232	-135.0	135	36210	232	-135.0	135	36210	232	-135.0	135	36210	232	-135.0	135	36210	232	-135.0	135	36210	232	-135.0	135	36210	232	-135.0	135	36210	232	-135.0	135	36210	232	-135.0	135	36210
233	-169.0	169	36379	233	-169.0	169	36379	233	-169.0	169	36379	233	-169.0	169	36379	233	-169.0	169	36379	233	-169.0	169	36379	233	-169.0	169	36379	233	-169.0	169	36379	233	-169.0	169	36379	233	-169.0	169	36379	233	-169.0	169	36379	233	-169.0	169	36379	233	-169.0	169	36379
234	-143.0	143	36522	234	-143.0	143	36522	234	-143.0	143	36522	234	-143.0	143	36522	234	-143.0	143	36522	234	-143.0	143	36522	234	-143.0	143	36522	234	-143.0	143	36522	234	-143.0	143	36522	234	-143.0	143	36522	234	-143.0	143	36522	234	-143.0	143	36522	234	-143.0	143	36522
235	-106.0	106	36628	235	-106.0	106	36628	235	-106.0	106	36628	235	-106.0	106	36628	235	-106.0	106	36628	235	-106.0	106	36628	235	-106.0	106	36628	235	-106.0	106	36628	235	-106.0	106	36628	235	-106.0	106	36628	235	-106.0	106	36628	235	-106.0	106	36628	235	-106.0	106	36628
236	-137.0	137	36765	236	-137.0	137	36765	236	-137.0	137	36765	236	-137.0	137	36765	236	-137.0	137	36765	236	-137.0	137	36765	236	-137.0	137	36765	236	-137.0	137	36765	236	-137.0	137	36765	236	-137.0	137	36765	236	-137.0	137	36765	236	-137.0	137	36765	236	-137.0	137	36765
237	-106.0	106	36871	237	-106.0	106	36871	237	-106.0	106	36871	237	-106.0	106	36871	237	-106.0	106	36871	237	-106.0	106	36871	237	-106.0	106	36871	237	-106.0	106	36871	237	-106.0	106	36871	237	-106.0	106	36871	237	-106.0	106	36871	237	-106.0	106	36871	237	-106.0	106	36871
238	-137.0	137	37008	238	-137.0	137	37008	238	-137.0	137	37008	238	-137.0	137	37008	238	-137.0	137	37008	238	-137.0	137	37008	238	-137.0	137	37008	238	-137.0	137	37008	238	-137.0	137	37008	238	-137.0	137	37008	238	-137.0	137	37008	238	-137.0	137	37008	238	-137.0	137	37008
239	-107.0	107	37115	239	-107.0	107	37115	239	-107.0	107	37115	239	-107.0	107	37115	239	-107.0	107	37115	239	-107.0	107	37115	239	-107.0	107	37115	239	-107.0	107	37115	239	-107.0	107	37115	239	-107.0	107	37115	239	-107.0	107	37115	239	-107.0	107	37115	239	-107.0	107	37115
240	-136.0	136	37251	240	-136.0	136	37251	240	-136.0	136	37251	240	-136.0	136	37251	240	-136.0	136	37251	240	-136.0	136	37251	240	-136.0	136	37251	240	-136.0	136	37251	240	-136.0	136	37251	240	-136.0	136	37251	240	-136.0	136	37251	240	-136.0	136	37251	240	-136.0	136	37251
241	-134.0	134	37385	241	-134.0	134	37385	241	-134.0	134	37385	241	-134.0	134	37385	241	-134.0	134	37385	241	-134.0	134	37385	241	-134.0	134	37385	241	-134.0	134	37385	241	-134.0	134	37385	241	-134.0	134	37385	241	-134.0	134	37385	241	-134.0	134	37385	241	-134.0	134	37385
242	-107.0	107	37492	242	-107.0	107	37492	242	-107.0	107	37492	242	-107.0	107	37492	242	-107.0	107	37492	242	-107.0	107	37492	242	-107.0	107	37492	242	-107.0	107	37492	242	-107.0	107	37492	242	-107.0	107	37492	242	-107.0	107	37492	242	-107.0	107	37492	242	-107.0	107	37492
243	-113.0	113	37605	243	-113.0	113	37605	243	-113.0	113	37605	243	-113.0	113	37605	243	-113.0	113	37605	243	-113.0	113	37605	243	-113.0	113	37605	243	-113.0	113	37605	243	-113.0	113	37605	243	-113.0	113	37605	243	-113.0	113	37605	243	-113.0	113	37605	243	-113.0	113	37605
244	-105.0	105	37710	244	-105.0	105	37710	244	-105.0	105	37710	244	-105.0	105	37710	244	-105.0	105	37710	244	-105.0	105	37710	244	-105.0	105	37710	244	-105.0	105	37710	244	-105.0	105	37710	244	-105.0	105	37710	244	-105.0	105	37710	244	-105.0	105	37710	244	-105.0	105	37710
245	-138.0	138	37848	245	-138.0	138	37848	245	-138.0	138	37848	245	-138.0	138	37848	245	-138.0	138	37848	245	-138.0	138	37848	245	-138.0	138	37848	245	-138.0	138	37848	245	-138.0	138	37848	245	-138.0	138	37848	245	-138.0	138	37848	245	-138.0	138	37848	245	-138.0	138	37848
246	-104.0	104	37952	246	-104.0	104	37952	246	-104.0	104	37952	246	-104.0	104	37952	246	-104.0	104	37952	246	-104.0	104	37952	246	-104.0	104	37952	246	-104.0	104	37952	246	-104.0	104	37952	246	-104.0	104	37952	246	-104.0	104	37952	246	-104.0	104	37952	246	-104.0	104	37952
247	-90.0	90	38042	247	-90.0	90	38042	247	-90.0	90	38042	247	-90.0	90	38042	247	-90.0	90	38042	247	-90.0	90	38042	247	-90.0	90	38042	247	-90.0	90	38042	247	-90.0	90	38042	247	-90.0	90	38042	247	-90.0	90	38042	247	-90.0	90	38042	247	-90.0	90	38042
248	-105.0	105	38147	248	-105.0	105	38147	248	-105.0	105	38147	248	-105.0	105	38147	248	-105.0	105	38147	248	-105.0	105	38147	248	-105.0	105	38147	248	-105.0	105	38147	248	-105.0	105	38147	248	-105.0	105	38147	248	-105.0	105	38147	248	-105.0	105	38147	248	-105.0	105	38147
249	-147.0	147	38294	249	-147.0	147	38294	249	-147.0	147	38294	249	-147.0	147	38294	249	-147.0	147	38294	249	-147.0	147	38294	249	-147.0	147	38294	249	-147.0	147	38294	249	-147.0	147	38294	249	-147.0	147	38294	249	-147.0	147	38294	249	-147.0	147	38294	249	-147.0	147	38294
250	-138.0	138	38432	250	-138.0	138	38432	250	-138.0	138	38432	250	-138.0	138	38432	250	-138.0	138	38432	250	-138.0	138	38432	250	-138.0	138	38432	250	-138.0	138	38432	250	-138.0	138	38432	250	-138.0	138	38432	250	-138.0	138	38432	250	-138.0	138	38432	250	-138.0	138	38432
251	-104.0	104	38536	251	-104.0	104	38536	251	-104.0	104	38536	251	-104.0	104	38536	251	-104.0	104	38536	251	-104.0	104	38536	251	-104.0	104	38536	251	-104.0	104	38536	251	-104.0	104	38536	251	-104.0	104	38536	251	-104.0	104	38536	251	-104.0	104	38536	251	-104.0	104	38536
252	-130.0	130	38666	252	-130.0	130	38666	252	-130.0	130	38666	252	-130.0	130	38666	252	-130.0	130	38666	252	-130.0	130	38666	252	-130.0	130	38666	252	-130.0	130	38666	252	-130.0	130	38666	252	-130.0	130	38666	252	-130.0	130	38666	252	-130.0	130	38666	252	-130.0	130	38666
253	-155.0	155	38821	253	-155.0	155	38821	253	-155.0	155	38821	253	-155.0	155	38821	253	-155.0	155	38821	253	-155.0	155	38821	253	-155.0	155	38821	253	-155.0	155	38821	253	-155.0	155	38821	253	-155.0	155	38821	253	-155.0	155	38821	253	-155.0	155	38821	253	-155.0	155	38821
254	-137.0	137	38958	254	-137.0	137	38958	254	-137.0	137	38958	254	-137.0	137	38958	254	-137.0	137	38958	254	-137.0	137	38958	254	-137.0	137	38958	254	-137.0	137	38958	254	-137.0	137	38958	254	-137.0	137	38958	254	-137.0	137	38958	254	-137.0	137	38958	254	-137.0	137	38958
255	-113.0	113	39071	255	-113.0	113	39071	255	-113.0	113	39071	255	-113.0	113	39071	255	-113.0	113	39071	255	-113.0	113	39071	255	-113.0	113	39071	255	-113.0	113	39071	255	-113.0	113	39071	255	-113.0	113	39071	255	-113.0	113	39071	255	-113.0	113	39071	255	-113.0	113	39071
256	-131.0	131	39202	256	-131.0	131	39202	256	-131.0	131	39202	256	-131.0	131	39202	256	-131.0	131	39202	256	-131.0	131	39202	256	-131.0	131	39202	256	-131.0	131	39202	256	-131.0	131	39202	256	-131.0	131	39202	256	-131.0	131	39202	256	-131.0	131	39202	256	-131.0	131	39202
257	-132.0	132	39334	257	-132.0	132	39334	257	-132.0	132	39334	257	-132.0	132	39334	257	-132.0	132	39334	257	-132.0	132	39334	257	-132.0	132	39334	257	-132.0	132	39334	257	-132.0	132	39334	257	-132.0	132	39334	257	-132.0	132	39334	257	-132.0	132	39334	257	-132.0	132	39334
258	-104.0	104	39438	258	-104.0	104	39438	258	-104.0	104	39438	258	-104.0	104	39438	258	-104.0	104	39438	258	-104.0	104	39438	258	-104.0	104	39438	258	-104.0	104	39438	258	-104.0	104	39438	258	-104.0	104	39438	258	-104.0	104	39438	258	-104.0	104	39438	258	-104.0	104	39438
259	-136.0	136	39574	259	-136.0	136	39574	259	-136.0	136	39574	259	-136.0	136	39574	259	-136.0	136	39574	259	-136.0	136	39574	259	-136.0	136	39574	259	-136.0	136	39574	259	-136.0	136	39574	259	-136.0	136	39574	259	-136.0	136	39574	259	-136.0	136	39574	259	-136.0	136	39574
260	-106.0	106	39680	260	-106.0	106	39680	260	-106.0	106	39680	260	-106.0	106	39680	260	-106.0	106	39680	260	-106.0	106	39680	260	-106.0	106	39680	260	-106.0	106	39680	260	-106.0	106	39680	260	-106.0	106	39680	260	-106.0	106	39680	260	-106.0	106	39680	260	-106.0	106	39680
261	-152.0	152	39832	261	-152.0	152	39832	261	-152.0	152	39832	261	-152.0	152	39832	261	-152.0	152	39832	261	-152.0	152	39832	261	-152.0	152	39832	261	-152.0	152	39832	261	-152.0	152	39832	261	-152.0	152	39832	261	-152.0	152	39832	261	-152.0	152	39832	261	-152.0	152	39832
262	-104.0	104	39936	262	-104.0	104	39936	262	-104.0	104	39936	262	-104.0	104	39936	262	-104.0	104	39936	262	-104.0	104	39936	262	-104.0	104	39936	262	-104.0	104	39936	262	-104.0	104	39936	262	-104.0	104	39936	262	-104.0	104	39936	262	-104.0	104	39936	262	-104.0	104	39936
263	-110.0	110	40046	263	-110.0	110	40046	263	-110.0	110	40046	263	-110.0	110	40046	263	-110.0	110	40046	263	-110.0	110	40046	263	-110.0	110	40046	263	-110.0	110	40046	263	-110.0	110	40046	263	-110.0	110	40046	263	-110.0	110	40046	263	-110.0	110	40046	263	-110.0	110	40046
264	-104.0	104	40150	264	-104.0	104	40150	264	-104.0	104	40150	264	-104.0	104	40150	264	-104.0	104	40150	264	-104.0	104	40150	264	-104.0	104	40150	264	-104.0	104	40150	264	-104.0	104	40150	264	-104.0	104	40150	264	-104.0	104	40150	264	-104.0	104	40150	264	-104.0	104	40150
265	-104.0	104	40254	265	-104.0	104	40254	265	-104.0	104	40254	265	-104.0	104	40254	265	-104.0	104	40254	265	-104.0	104	40254	265	-104.0	104	40254	265	-104.0	104	40254	265	-104.0	104	40254	265	-104.0	104	40254	265	-104.0	104	40254	265	-104.0	104	40254	265	-104.0	104	40254
266	-94.0	94	40348	266	-94.0	94	40348	266	-94.0	94	40348	266	-94.0	94	40348	266	-94.0	94	40348	266	-94.0	94	40348	266	-94.0	94	40348	266	-94.0	94	40348	266	-94.0	94	40348	266	-94.0	94	40348	266	-94.0	94	40348	266	-94.0	94	40348	266	-94.0	94	40348
267	-113.0	113	40461	267	-113.0	113	40461	267	-113.0	113	40461	267	-113.0	113	40461	267	-113.0	113	40461	267	-113.0	113	40461	267	-113.0	113	40461	267	-113.0	113	40461	267	-113.0	113	40461	267	-113.0	113	40461	267	-113.0	113	40461	267	-113.0	113	40461	267	-113.0	113	40461
268	-104.0	104	40565	268	-104.0	104	40565	268	-104.0	104	40565	268	-104.0	104	40565	268	-104.0	104	40565	268	-104.0	104	40565	268	-104.0	104	40565	268	-104.0	104	40565	268	-104.0	104	40565	268	-104.0	104	40565	268	-104.0	104	40565	268	-104.0	104	40565	268	-104.0	104	40565
269	-104.0	104	40669	269	-104.0	104	40669	269	-104.0	104	40669	269	-104.0	104	40669	269	-104.0	104	40669	269	-104.0	104	40669	269	-104.0	104	40669	269	-104.0	104	40669	269	-104.0	104	40669	269	-104.0	104	40669	269	-104.0	104	40669	269	-104.0	104	40669	269	-104.0	104	40669
270	-104.0	104	40773	270	-104.0	104	40773	270	-104.0	104	40773	270	-104.0	104	40773	270	-104.0	104	40773	270	-104.0	104	40773	270	-104.0	104	40773	270	-104.0	104	40773	270	-104.0	104	40773	270	-104.0	104	40773	270	-104.0	104	40773	270	-104.0	104	40773	270	-104.0	104	40773
271	-104.0	104	40877	271	-104.0	104	40877	271	-104.0	104	40877	271	-104.0	104	40877	271	-104.0	104	40877	271	-104.0	104	40877	271	-104.0	104	40877	271	-104.0	104	40877	271	-104.0	104	40877	271	-104.0	104	40877	271	-104.0	104	40877	271	-104.0	104	40877	271	-104.0	104	40877
272	-105.0	105	40982	272	-105.0	105	40982	272	-105.0	105	40982	272	-105.0	105	40982	272	-105.0	105	40982	272	-105.0	105	40982	272	-105.0	105	40982	272	-105.0	105	40982	272	-105.0	105	40982	272	-105.0	105	40982	272	-105.0	105	40982	272	-105.0	105	40982	272	-105.0	105	40982
273	-104.0	104	41086	273	-104.0	104	41086	273	-104.0	104	41086	273	-104.0	104	41086	273	-104.0	104	41086	273	-104.0	104	41086	273	-104.0	104	41086	273	-104.0	104	41086	273	-104.0	104	41086	273	-104.0	104	41086	273	-104.0	104	41086	273	-104.0	104	41086	273	-104.0	104	41086
274	-89.0	89	41175	274	-89.0	89	41175	274	-89.0	89	41175	274	-89.0	89	41175	274	-89.0	89	41175	274	-89.0	89	41175	274	-89.0	89	41175	274	-89.0	89	41175	274	-89.0	89	41175	274	-89.0	89	41175	274	-89.0	89	41175	274	-89.0	89	41175	274	-89.0	89	41175
275	-105.0	105	41280	275	-105.0	105	41280	275	-105.0	105	41280	275	-105.0	105	41280	275	-105.0	105	41280	275	-105.0	105	41280	275	-105.0	105	41280	275	-105.0	105	41280	275	-105.0	105	41280	275	-105.0	105	41280	275	-105.0	105	41280	275	-105.0	105	41280	275	-105.0	105	41280
276	-105.0	105	41385	276	-105.0	105	41385	276	-105.0	105	41385	276	-105.0	105	41385	276	-105.0	105	41385	276	-105.0	105	41385	276	-105.0	105	41385	276	-105.0	105	41385	276	-105.0	105	41385	276	-105.0	105	41385	276	-105.0	105	41385	276	-105.0	105	41385	276	-105.0	105	41385
277	-105.0	105	41490	277	-105.0	105	41490	277	-105.0	105	41490	277	-105.0	105	41490	277	-105.0	105	41490	277	-105.0	105	41490	277	-105.0	105	41490	277	-105.0	105	41490	277	-105.0	105	41490	277	-105.0	105	41490	277	-105.0	105	41490	277	-105.0	105	41490	277	-105.0	105	41490
278	-138.0	138	41628	278	-138.0	138	41628	278	-138.0	138	41628	278	-138.0	138	41628	278	-138.0	138	41628	278	-138.0	138	41628	278	-138.0	138	41628	278	-138.0	138	41628	278	-138.0	138	41628	278	-138.0	138	41628	278	-138.0	138	41628	278	-138.0	138	41628	278	-138.0	138	41628
279	-105.0	105	41733	279	-105.0	105	41733	279	-105.0	105	41733	279	-105.0	105	41733	279	-105.0	105	41733	279	-105.0	105	41733	279	-105.0	105	41733	279	-105.0	105	41733	279	-105.0	105	41733	279	-105.0	105	41733	279	-105.0	105	41733	279	-105.0	105	41733	279	-105.0	105	41733
280	-105.0	105	41838	280	-105.0	105	41838	280	-105.0	105	41838	280	-105.0	105	41838	280	-105.0	105	41838	280	-105.0	105	41838	280	-105.0	105	41838	280	-105.0	105	41838	280	-105.0	105	41838	280	-105.0	105	41838	280	-105.0	105	41838	280	-105.0	105	41838	280	-105.0	105	41838
281	-104.0	104	41942	281	-104.0	104	41942	281	-104.0	104	41942	281	-104.0	104	41942	281	-104.0	104	41942	281	-104.0	104	41942	281	-104.0	104	41942	281	-104.0	104	41942	281	-104.0	104	41942	281	-104.0	104	41942	281	-104.0	104	41942	281	-104.0	104	41942	281	-104.0	104	41942
282	-105.0	105	42047	282	-105.0	105	42047	282	-105.0	105	42047	282	-105.0	105	42047	282	-105.0	105	42047	282	-105.0	105	42047	282	-105.0	105	42047	282	-105.0	105	42047	282	-105.0	105	42047	282	-105.0	105	42047	282	-105.0	105	42047	282	-105.0	105	42047	282	-105.0	105	42047
283	-104.0	104	42151	283	-104.0	104	42151	283	-104.0	104	42151	283	-104.0	104	42151	283	-104.0	104	42151	283	-104.0	104	42151	283	-104.0	104	42151	283	-104.0	104	42151	283	-104.0	104	42151	283	-104.0	104	42151	283	-104.0	104	42151	283	-104.0	104	42151	283	-104.0	104	42151
284	-104.0	104	42255	284	-104.0	104	42255	284	-104.0	104	42255	284	-104.0	104	42255	284	-104.0	104	42255	284	-104.0	104	42255	284	-104.0	104	42255	284	-104.0	104	42255	284	-104.0	104	42255	284	-104.0	104	42255	284	-104.0	104	42255	284	-104.0	104	42255	284	-104.0	104	42255
285	-105.0	105	42360	285	-105.0	105	42360	285	-105.0	105	42360	285	-105.0	105	42360	285	-105.0	105	42360	285	-105.0	105	42360	285	-105.0	105	42360	285	-105.0	105	42360	285	-105.0	105	42360	285	-105.0	105	42360	285	-105.0	105	42360	285	-105.0	105	42360	285	-105.0	105	42360
286	-104.0	104	42464	286	-104.0	104	42464	286	-104.0	104	42464	286	-104.0	104	42464	286	-104.0	104	42464	286	-104.0	104	42464	286	-104.0	104	42464	286	-104.0	104	42464	286	-104.0	104	42464	286	-104.0	104	42464	286	-104.0	104	42464	286	-104.0	104	42464	286	-104.0	104	42464
287	-109.0	109	42573	287	-109.0	109	42573	287	-109.0	109	42573	287	-109.0	109	42573	287	-109.0	109	42573	287	-109.0	109	42573	287	-109.0	109	42573	287	-109.0	109	42573	287	-109.0	109	42573	287	-109.0	109	42573	287	-109.0	109	42573	287	-109.0	109	42573	287	-109.0	109	42573
288	-140.0	140	42713	288	-140.0	140	42713	288	-140.0	140	42713	288	-140.0	140	42713	288	-140.0	140	42713	288	-140.0	140	42713	288	-140.0	140	42713	288	-140.0	140	42713	288	-140.0	140	42713	288	-140.0	140	42713	288	-140.0	140	42713	288	-140.0	140	42713	288	-140.0	140	42713
289	-107.0	107	42820	289	-107.0	107	42820	289	-107.0	107	42820	289	-107.0	107	42820	289	-107.0	107	42820	289	-107.0	107	42820	289	-107.0	107	42820	289	-107.0	107	42820	289	-107.0	107	42820	289	-107.0	107	42820	289	-107.0	107	42820	289	-107.0	107	42820	289	-107.0	107	42820
290	-132.0	132	42952	290	-132.0	132	42952	290	-132.0	132	42952	290	-132.0	132	42952	290	-132.0	132	42952	290	-132.0	132	42952	290	-132.0	132	42952	290	-132.0	132	42952	290	-132.0	132	42952	290	-132.0	132	42952	290	-132.0	132	42952	290	-132.0	132	42952	290	-132.0	132	42952
291	-105.0	105	43057	291	-105.0	105	43057	291	-105.0	105	43057	291	-105.0	105	43057	291	-105.0	105	43057	291	-105.0	105	43057	291	-105.0	105	43057	291	-105.0	105	43057	291	-105.0	105	43057	291	-105.0	105	43057	291	-105.0	105	43057	291	-105.0	105	43057	291	-105.0	105	43057
292	-136.0	136	43193	292	-136.0	136	43193	292	-136.0	136	43193	292	-136.0	136	43193	292	-136.0	136	43193	292	-136.0	136	43193	292	-136.0	136	43193	292	-136.0	136	43193	292	-136.0	136	43193	292	-136.0	136	43193	292	-136.0	136	43193	292	-136.0	136	43193	292	-136.0	136	43193
293	-119.0	119	43312	293	-119.0	119	43312	293	-119.0	119	43312	293	-119.0	119	43312	293	-119.0	119	43312	293	-119.0	119	43312	293	-119.0	119	43312	293	-119.0	119	43312	293	-119.0	119	43312	293	-119.0	119	43312	293	-119.0	119	43312	293	-119.0	119	43312	293	-119.0	119	43312
294	-151.0	151	43463	294	-151.0	151	43463	294	-151.0	151	43463	294	-151.0	151	43463	294	-151.0	151	43463	294	-151.0	151	43463	294	-151.0	151	43463	294	-151.0	151	43463	294	-151.0	151	43463	294	-151.0	151	43463	294	-151.0	151	43463	294	-151.0	151	43463	294	-151.0	151	43463
295	-105.0	105	43568	295	-105.0	105	43568	295	-105.0	105	43568	295	-105.0	105	43568	295	-105.0	105	43568	295	-105.0	105	43568	295	-105.0	105	43568	295	-105.0	105	43568	295	-105.0	105	43568	295	-105.0	105	43568	295	-105.0	105	43568	295	-105.0	105	43568	295	-105.0	105	43568
296	-104.0	104	43672	296	-104.0	104	43672	296	-104.0	104	43672	296	-104.0	104	43672	296	-104.0	104	43672	296	-104.0	104	43672	296	-104.0	104	43672	296	-104.0	104	43672	296	-104.0	104	43672	296	-104.0	104	43672	296	-104.0	104	43672	296	-104.0	104	43672	296	-104.0	104	43672
297	-105.0	105	43777	297	-105.0	105	43777	297	-105.0	105	43777	297	-105.0	105	43777	297	-105.0	105	43777	297	-105.0	105	43777	297	-105.0	105	43777	297	-105.0	105	43777	297	-105.0	105	43777	297	-105.0	105	43777	297	-105.0	105	43777	297	-105.0	105	43777	297	-105.0	105	43777
298	-104.0	104	43881	298	-104.0	104	43881	298	-104.0	104	43881	298	-104.0	104	43881	298	-104.0	104	43881	298	-104.0	104	43881	298	-104.0	104	43881	298	-104.0	104	43881	298	-104.0	104	43881	298	-104.0	104	43881	298	-104.0	104	43881	298	-104.0	104	43881	298	-104.0	104	43881
299	-142.0	142	44023	299	-142.0	142	44023	299	-142.0	142	44023	299	-142.0	142	44023	299	-142.0	142	44023	299	-142.0	142	44023	299	-142.0	142	44023	299	-142.0	142	44023	299	-142.0	142	44023	299	-142.0	142	44023	299	-142.0	142	44023	299	-142.0	142	44023	299	-142.0	142	44023
