Episode	Accumulated Reward	Length	Steps	Episode	Accumulated Reward	Length	Steps	Episode	Accumulated Reward	Length	Steps	Episode	Accumulated Reward	Length	Steps	Episode	Accumulated Reward	Length	Steps	Episode	Accumulated Reward	Length	Steps	Episode	Accumulated Reward	Length	Steps	Episode	Accumulated Reward	Length	Steps
0	-13	13	13	0	-13	13	13	0	-13	13	13	0	-13	13	13	0	-13	13	13	0	-13	13	13	0	-13	13	13	0	-13	13	13
1	-120	21	34	1	-120	21	34	1	-120	21	34	1	-120	21	34	1	-120	21	34	1	-120	21	34	1	-120	21	34	1	-120	21	34
2	-17	17	51	2	-17	17	51	2	-17	17	51	2	-17	17	51	2	-17	17	51	2	-17	17	51	2	-17	17	51	2	-17	17	51
3	-15	15	66	3	-15	15	66	3	-15	15	66	3	-15	15	66	3	-15	15	66	3	-15	15	66	3	-15	15	66	3	-15	15	66
4	-15	15	81	4	-15	15	81	4	-15	15	81	4	-15	15	81	4	-15	15	81	4	-15	15	81	4	-15	15	81	4	-15	15	81
5	-15	15	96	5	-15	15	96	5	-15	15	96	5	-15	15	96	5	-15	15	96	5	-15	15	96	5	-15	15	96	5	-15	15	96
6	-15	15	111	6	-15	15	111	6	-15	15	111	6	-15	15	111	6	-15	15	111	6	-15	15	111	6	-15	15	111	6	-15	15	111
7	-17	17	128	7	-17	17	128	7	-17	17	128	7	-17	17	128	7	-17	17	128	7	-17	17	128	7	-17	17	128	7	-17	17	128
8	-15	15	143	8	-15	15	143	8	-15	15	143	8	-15	15	143	8	-15	15	143	8	-15	15	143	8	-15	15	143	8	-15	15	143
9	-115	16	159	9	-115	16	159	9	-115	16	159	9	-115	16	159	9	-115	16	159	9	-115	16	159	9	-115	16	159	9	-115	16	159
10	-15	15	174	10	-15	15	174	10	-15	15	174	10	-15	15	174	10	-15	15	174	10	-15	15	174	10	-15	15	174	10	-15	15	174
11	-13	13	187	11	-13	13	187	11	-13	13	187	11	-13	13	187	11	-13	13	187	11	-13	13	187	11	-13	13	187	11	-13	13	187
12	-15	15	202	12	-15	15	202	12	-15	15	202	12	-15	15	202	12	-15	15	202	12	-15	15	202	12	-15	15	202	12	-15	15	202
13	-13	13	215	13	-13	13	215	13	-13	13	215	13	-13	13	215	13	-13	13	215	13	-13	13	215	13	-13	13	215	13	-13	13	215
14	-14	14	229	14	-14	14	229	14	-14	14	229	14	-14	14	229	14	-14	14	229	14	-14	14	229	14	-14	14	229	14	-14	14	229
15	-13	13	242	15	-13	13	242	15	-13	13	242	15	-13	13	242	15	-13	13	242	15	-13	13	242	15	-13	13	242	15	-13	13	242
16	-15	15	257	16	-15	15	257	16	-15	15	257	16	-15	15	257	16	-15	15	257	16	-15	15	257	16	-15	15	257	16	-15	15	257
17	-13	13	270	17	-13	13	270	17	-13	13	270	17	-13	13	270	17	-13	13	270	17	-13	13	270	17	-13	13	270	17	-13	13	270
18	-13	13	283	18	-13	13	283	18	-13	13	283	18	-13	13	283	18	-13	13	283	18	-13	13	283	18	-13	13	283	18	-13	13	283
19	-15	15	298	19	-15	15	298	19	-15	15	298	19	-15	15	298	19	-15	15	298	19	-15	15	298	19	-15	15	298	19	-15	15	298
20	-114	15	313	20	-114	15	313	20	-114	15	313	20	-114	15	313	20	-114	15	313	20	-114	15	313	20	-114	15	313	20	-114	15	313
21	-14	14	327	21	-14	14	327	21	-14	14	327	21	-14	14	327	21	-14	14	327	21	-14	14	327	21	-14	14	327	21	-14	14	327
22	-14	14	341	22	-14	14	341	22	-14	14	341	22	-14	14	341	22	-14	14	341	22	-14	14	341	22	-14	14	341	22	-14	14	341
23	-18	18	359	23	-18	18	359	23	-18	18	359	23	-18	18	359	23	-18	18	359	23	-18	18	359	23	-18	18	359	23	-18	18	359
24	-117	18	377	24	-117	18	377	24	-117	18	377	24	-117	18	377	24	-117	18	377	24	-117	18	377	24	-117	18	377	24	-117	18	377
25	-13	13	390	25	-13	13	390	25	-13	13	390	25	-13	13	390	25	-13	13	390	25	-13	13	390	25	-13	13	390	25	-13	13	390
26	-13	13	403	26	-13	13	403	26	-13	13	403	26	-13	13	403	26	-13	13	403	26	-13	13	403	26	-13	13	403	26	-13	13	403
27	-13	13	416	27	-13	13	416	27	-13	13	416	27	-13	13	416	27	-13	13	416	27	-13	13	416	27	-13	13	416	27	-13	13	416
28	-19	19	435	28	-19	19	435	28	-19	19	435	28	-19	19	435	28	-19	19	435	28	-19	19	435	28	-19	19	435	28	-19	19	435
29	-13	13	448	29	-13	13	448	29	-13	13	448	29	-13	13	448	29	-13	13	448	29	-13	13	448	29	-13	13	448	29	-13	13	448
30	-15	15	463	30	-15	15	463	30	-15	15	463	30	-15	15	463	30	-15	15	463	30	-15	15	463	30	-15	15	463	30	-15	15	463
31	-13	13	476	31	-13	13	476	31	-13	13	476	31	-13	13	476	31	-13	13	476	31	-13	13	476	31	-13	13	476	31	-13	13	476
32	-16	16	492	32	-16	16	492	32	-16	16	492	32	-16	16	492	32	-16	16	492	32	-16	16	492	32	-16	16	492	32	-16	16	492
33	-15	15	507	33	-15	15	507	33	-15	15	507	33	-15	15	507	33	-15	15	507	33	-15	15	507	33	-15	15	507	33	-15	15	507
34	-13	13	520	34	-13	13	520	34	-13	13	520	34	-13	13	520	34	-13	13	520	34	-13	13	520	34	-13	13	520	34	-13	13	520
35	-15	15	535	35	-15	15	535	35	-15	15	535	35	-15	15	535	35	-15	15	535	35	-15	15	535	35	-15	15	535	35	-15	15	535
36	-15	15	550	36	-15	15	550	36	-15	15	550	36	-15	15	550	36	-15	15	550	36	-15	15	550	36	-15	15	550	36	-15	15	550
37	-20	20	570	37	-20	20	570	37	-20	20	570	37	-20	20	570	37	-20	20	570	37	-20	20	570	37	-20	20	570	37	-20	20	570
38	-15	15	585	38	-15	15	585	38	-15	15	585	38	-15	15	585	38	-15	15	585	38	-15	15	585	38	-15	15	585	38	-15	15	585
39	-13	13	598	39	-13	13	598	39	-13	13	598	39	-13	13	598	39	-13	13	598	39	-13	13	598	39	-13	13	598	39	-13	13	598
40	-231	33	631	40	-231	33	631	40	-231	33	631	40	-231	33	631	40	-231	33	631	40	-231	33	631	40	-231	33	631	40	-231	33	631
41	-223	25	656	41	-223	25	656	41	-223	25	656	41	-223	25	656	41	-223	25	656	41	-223	25	656	41	-223	25	656	41	-223	25	656
42	-325	28	684	42	-325	28	684	42	-325	28	684	42	-325	28	684	42	-325	28	684	42	-325	28	684	42	-325	28	684	42	-325	28	684
43	-123	24	708	43	-123	24	708	43	-123	24	708	43	-123	24	708	43	-123	24	708	43	-123	24	708	43	-123	24	708	43	-123	24	708
44	-13	13	721	44	-13	13	721	44	-13	13	721	44	-13	13	721	44	-13	13	721	44	-13	13	721	44	-13	13	721	44	-13	13	721
45	-224	26	747	45	-224	26	747	45	-224	26	747	45	-224	26	747	45	-224	26	747	45	-224	26	747	45	-224	26	747	45	-224	26	747
46	-13	13	760	46	-13	13	760	46	-13	13	760	46	-13	13	760	46	-13	13	760	46	-13	13	760	46	-13	13	760	46	-13	13	760
47	-13	13	773	47	-13	13	773	47	-13	13	773	47	-13	13	773	47	-13	13	773	47	-13	13	773	47	-13	13	773	47	-13	13	773
48	-15	15	788	48	-15	15	788	48	-15	15	788	48	-15	15	788	48	-15	15	788	48	-15	15	788	48	-15	15	788	48	-15	15	788
49	-118	19	807	49	-118	19	807	49	-118	19	807	49	-118	19	807	49	-118	19	807	49	-118	19	807	49	-118	19	807	49	-118	19	807
50	-13	13	820	50	-13	13	820	50	-13	13	820	50	-13	13	820	50	-13	13	820	50	-13	13	820	50	-13	13	820	50	-13	13	820
51	-13	13	833	51	-13	13	833	51	-13	13	833	51	-13	13	833	51	-13	13	833	51	-13	13	833	51	-13	13	833	51	-13	13	833
52	-13	13	846	52	-13	13	846	52	-13	13	846	52	-13	13	846	52	-13	13	846	52	-13	13	846	52	-13	13	846	52	-13	13	846
53	-16	16	862	53	-16	16	862	53	-16	16	862	53	-16	16	862	53	-16	16	862	53	-16	16	862	53	-16	16	862	53	-16	16	862
54	-13	13	875	54	-13	13	875	54	-13	13	875	54	-13	13	875	54	-13	13	875	54	-13	13	875	54	-13	13	875	54	-13	13	875
55	-13	13	888	55	-13	13	888	55	-13	13	888	55	-13	13	888	55	-13	13	888	55	-13	13	888	55	-13	13	888	55	-13	13	888
56	-13	13	901	56	-13	13	901	56	-13	13	901	56	-13	13	901	56	-13	13	901	56	-13	13	901	56	-13	13	901	56	-13	13	901
57	-13	13	914	57	-13	13	914	57	-13	13	914	57	-13	13	914	57	-13	13	914	57	-13	13	914	57	-13	13	914	57	-13	13	914
58	-224	26	940	58	-224	26	940	58	-224	26	940	58	-224	26	940	58	-224	26	940	58	-224	26	940	58	-224	26	940	58	-224	26	940
59	-125	26	966	59	-125	26	966	59	-125	26	966	59	-125	26	966	59	-125	26	966	59	-125	26	966	59	-125	26	966	59	-125	26	966
60	-339	42	1008	60	-339	42	1008	60	-339	42	1008	60	-339	42	1008	60	-339	42	1008	60	-339	42	1008	60	-339	42	1008	60	-339	42	1008
61	-13	13	1021	61	-13	13	1021	61	-13	13	1021	61	-13	13	1021	61	-13	13	1021	61	-13	13	1021	61	-13	13	1021	61	-13	13	1021
62	-13	13	1034	62	-13	13	1034	62	-13	13	1034	62	-13	13	1034	62	-13	13	1034	62	-13	13	1034	62	-13	13	1034	62	-13	13	1034
63	-122	23	1057	63	-122	23	1057	63	-122	23	1057	63	-122	23	1057	63	-122	23	1057	63	-122	23	1057	63	-122	23	1057	63	-122	23	1057
64	-15	15	1072	64	-15	15	1072	64	-15	15	1072	64	-15	15	1072	64	-15	15	1072	64	-15	15	1072	64	-15	15	1072	64	-15	15	1072
65	-13	13	1085	65	-13	13	1085	65	-13	13	1085	65	-13	13	1085	65	-13	13	1085	65	-13	13	1085	65	-13	13	1085	65	-13	13	1085
66	-15	15	1100	66	-15	15	1100	66	-15	15	1100	66	-15	15	1100	66	-15	15	1100	66	-15	15	1100	66	-15	15	1100	66	-15	15	1100
67	-13	13	1113	67	-13	13	1113	67	-13	13	1113	67	-13	13	1113	67	-13	13	1113	67	-13	13	1113	67	-13	13	1113	67	-13	13	1113
68	-13	13	1126	68	-13	13	1126	68	-13	13	1126	68	-13	13	1126	68	-13	13	1126	68	-13	13	1126	68	-13	13	1126	68	-13	13	1126
69	-14	14	1140	69	-14	14	1140	69	-14	14	1140	69	-14	14	1140	69	-14	14	1140	69	-14	14	1140	69	-14	14	1140	69	-14	14	1140
70	-125	26	1166	70	-125	26	1166	70	-125	26	1166	70	-125	26	1166	70	-125	26	1166	70	-125	26	1166	70	-125	26	1166	70	-125	26	1166
71	-13	13	1179	71	-13	13	1179	71	-13	13	1179	71	-13	13	1179	71	-13	13	1179	71	-13	13	1179	71	-13	13	1179	71	-13	13	1179
72	-13	13	1192	72	-13	13	1192	72	-13	13	1192	72	-13	13	1192	72	-13	13	1192	72	-13	13	1192	72	-13	13	1192	72	-13	13	1192
73	-118	19	1211	73	-118	19	1211	73	-118	19	1211	73	-118	19	1211	73	-118	19	1211	73	-118	19	1211	73	-118	19	1211	73	-118	19	1211
74	-16	16	1227	74	-16	16	1227	74	-16	16	1227	74	-16	16	1227	74	-16	16	1227	74	-16	16	1227	74	-16	16	1227	74	-16	16	1227
75	-13	13	1240	75	-13	13	1240	75	-13	13	1240	75	-13	13	1240	75	-13	13	1240	75	-13	13	1240	75	-13	13	1240	75	-13	13	1240
76	-17	17	1257	76	-17	17	1257	76	-17	17	1257	76	-17	17	1257	76	-17	17	1257	76	-17	17	1257	76	-17	17	1257	76	-17	17	1257
77	-116	17	1274	77	-116	17	1274	77	-116	17	1274	77	-116	17	1274	77	-116	17	1274	77	-116	17	1274	77	-116	17	1274	77	-116	17	1274
78	-13	13	1287	78	-13	13	1287	78	-13	13	1287	78	-13	13	1287	78	-13	13	1287	78	-13	13	1287	78	-13	13	1287	78	-13	13	1287
79	-13	13	1300	79	-13	13	1300	79	-13	13	1300	79	-13	13	1300	79	-13	13	1300	79	-13	13	1300	79	-13	13	1300	79	-13	13	1300
80	-13	13	1313	80	-13	13	1313	80	-13	13	1313	80	-13	13	1313	80	-13	13	1313	80	-13	13	1313	80	-13	13	1313	80	-13	13	1313
81	-15	15	1328	81	-15	15	1328	81	-15	15	1328	81	-15	15	1328	81	-15	15	1328	81	-15	15	1328	81	-15	15	1328	81	-15	15	1328
82	-13	13	1341	82	-13	13	1341	82	-13	13	1341	82	-13	13	1341	82	-13	13	1341	82	-13	13	1341	82	-13	13	1341	82	-13	13	1341
83	-15	15	1356	83	-15	15	1356	83	-15	15	1356	83	-15	15	1356	83	-15	15	1356	83	-15	15	1356	83	-15	15	1356	83	-15	15	1356
84	-120	21	1377	84	-120	21	1377	84	-120	21	1377	84	-120	21	1377	84	-120	21	1377	84	-120	21	1377	84	-120	21	1377	84	-120	21	1377
85	-13	13	1390	85	-13	13	1390	85	-13	13	1390	85	-13	13	1390	85	-13	13	1390	85	-13	13	1390	85	-13	13	1390	85	-13	13	1390
86	-13	13	1403	86	-13	13	1403	86	-13	13	1403	86	-13	13	1403	86	-13	13	1403	86	-13	13	1403	86	-13	13	1403	86	-13	13	1403
87	-13	13	1416	87	-13	13	1416	87	-13	13	1416	87	-13	13	1416	87	-13	13	1416	87	-13	13	1416	87	-13	13	1416	87	-13	13	1416
88	-16	16	1432	88	-16	16	1432	88	-16	16	1432	88	-16	16	1432	88	-16	16	1432	88	-16	16	1432	88	-16	16	1432	88	-16	16	1432
89	-445	49	1481	89	-445	49	1481	89	-445	49	1481	89	-445	49	1481	89	-445	49	1481	89	-445	49	1481	89	-445	49	1481	89	-445	49	1481
90	-13	13	1494	90	-13	13	1494	90	-13	13	1494	90	-13	13	1494	90	-13	13	1494	90	-13	13	1494	90	-13	13	1494	90	-13	13	1494
91	-13	13	1507	91	-13	13	1507	91	-13	13	1507	91	-13	13	1507	91	-13	13	1507	91	-13	13	1507	91	-13	13	1507	91	-13	13	1507
92	-122	23	1530	92	-122	23	1530	92	-122	23	1530	92	-122	23	1530	92	-122	23	1530	92	-122	23	1530	92	-122	23	1530	92	-122	23	1530
93	-13	13	1543	93	-13	13	1543	93	-13	13	1543	93	-13	13	1543	93	-13	13	1543	93	-13	13	1543	93	-13	13	1543	93	-13	13	1543
94	-17	17	1560	94	-17	17	1560	94	-17	17	1560	94	-17	17	1560	94	-17	17	1560	94	-17	17	1560	94	-17	17	1560	94	-17	17	1560
95	-13	13	1573	95	-13	13	1573	95	-13	13	1573	95	-13	13	1573	95	-13	13	1573	95	-13	13	1573	95	-13	13	1573	95	-13	13	1573
96	-218	20	1593	96	-218	20	1593	96	-218	20	1593	96	-218	20	1593	96	-218	20	1593	96	-218	20	1593	96	-218	20	1593	96	-218	20	1593
97	-14	14	1607	97	-14	14	1607	97	-14	14	1607	97	-14	14	1607	97	-14	14	1607	97	-14	14	1607	97	-14	14	1607	97	-14	14	1607
98	-17	17	1624	98	-17	17	1624	98	-17	17	1624	98	-17	17	1624	98	-17	17	1624	98	-17	17	1624	98	-17	17	1624	98	-17	17	1624
99	-15	15	1639	99	-15	15	1639	99	-15	15	1639	99	-15	15	1639	99	-15	15	1639	99	-15	15	1639	99	-15	15	1639	99	-15	15	1639
100	-17	17	1656	100	-17	17	1656	100	-17	17	1656	100	-17	17	1656	100	-17	17	1656	100	-17	17	1656	100	-17	17	1656	100	-17	17	1656
101	-118	19	1675	101	-118	19	1675	101	-118	19	1675	101	-118	19	1675	101	-118	19	1675	101	-118	19	1675	101	-118	19	1675	101	-118	19	1675
102	-123	24	1699	102	-123	24	1699	102	-123	24	1699	102	-123	24	1699	102	-123	24	1699	102	-123	24	1699	102	-123	24	1699	102	-123	24	1699
103	-13	13	1712	103	-13	13	1712	103	-13	13	1712	103	-13	13	1712	103	-13	13	1712	103	-13	13	1712	103	-13	13	1712	103	-13	13	1712
104	-13	13	1725	104	-13	13	1725	104	-13	13	1725	104	-13	13	1725	104	-13	13	1725	104	-13	13	1725	104	-13	13	1725	104	-13	13	1725
105	-15	15	1740	105	-15	15	1740	105	-15	15	1740	105	-15	15	1740	105	-15	15	1740	105	-15	15	1740	105	-15	15	1740	105	-15	15	1740
106	-15	15	1755	106	-15	15	1755	106	-15	15	1755	106	-15	15	1755	106	-15	15	1755	106	-15	15	1755	106	-15	15	1755	106	-15	15	1755
107	-119	20	1775	107	-119	20	1775	107	-119	20	1775	107	-119	20	1775	107	-119	20	1775	107	-119	20	1775	107	-119	20	1775	107	-119	20	1775
108	-14	14	1789	108	-14	14	1789	108	-14	14	1789	108	-14	14	1789	108	-14	14	1789	108	-14	14	1789	108	-14	14	1789	108	-14	14	1789
109	-13	13	1802	109	-13	13	1802	109	-13	13	1802	109	-13	13	1802	109	-13	13	1802	109	-13	13	1802	109	-13	13	1802	109	-13	13	1802
110	-13	13	1815	110	-13	13	1815	110	-13	13	1815	110	-13	13	1815	110	-13	13	1815	110	-13	13	1815	110	-13	13	1815	110	-13	13	1815
111	-15	15	1830	111	-15	15	1830	111	-15	15	1830	111	-15	15	1830	111	-15	15	1830	111	-15	15	1830	111	-15	15	1830	111	-15	15	1830
112	-13	13	1843	112	-13	13	1843	112	-13	13	1843	112	-13	13	1843	112	-13	13	1843	112	-13	13	1843	112	-13	13	1843	112	-13	13	1843
113	-117	18	1861	113	-117	18	1861	113	-117	18	1861	113	-117	18	1861	113	-117	18	1861	113	-117	18	1861	113	-117	18	1861	113	-117	18	1861
114	-13	13	1874	114	-13	13	1874	114	-13	13	1874	114	-13	13	1874	114	-13	13	1874	114	-13	13	1874	114	-13	13	1874	114	-13	13	1874
115	-14	14	1888	115	-14	14	1888	115	-14	14	1888	115	-14	14	1888	115	-14	14	1888	115	-14	14	1888	115	-14	14	1888	115	-14	14	1888
116	-14	14	1902	116	-14	14	1902	116	-14	14	1902	116	-14	14	1902	116	-14	14	1902	116	-14	14	1902	116	-14	14	1902	116	-14	14	1902
117	-13	13	1915	117	-13	13	1915	117	-13	13	1915	117	-13	13	1915	117	-13	13	1915	117	-13	13	1915	117	-13	13	1915	117	-13	13	1915
118	-13	13	1928	118	-13	13	1928	118	-13	13	1928	118	-13	13	1928	118	-13	13	1928	118	-13	13	1928	118	-13	13	1928	118	-13	13	1928
119	-118	19	1947	119	-118	19	1947	119	-118	19	1947	119	-118	19	1947	119	-118	19	1947	119	-118	19	1947	119	-118	19	1947	119	-118	19	1947
120	-13	13	1960	120	-13	13	1960	120	-13	13	1960	120	-13	13	1960	120	-13	13	1960	120	-13	13	1960	120	-13	13	1960	120	-13	13	1960
121	-13	13	1973	121	-13	13	1973	121	-13	13	1973	121	-13	13	1973	121	-13	13	1973	121	-13	13	1973	121	-13	13	1973	121	-13	13	1973
122	-332	35	2008	122	-332	35	2008	122	-332	35	2008	122	-332	35	2008	122	-332	35	2008	122	-332	35	2008	122	-332	35	2008	122	-332	35	2008
123	-17	17	2025	123	-17	17	2025	123	-17	17	2025	123	-17	17	2025	123	-17	17	2025	123	-17	17	2025	123	-17	17	2025	123	-17	17	2025
124	-15	15	2040	124	-15	15	2040	124	-15	15	2040	124	-15	15	2040	124	-15	15	2040	124	-15	15	2040	124	-15	15	2040	124	-15	15	2040
125	-13	13	2053	125	-13	13	2053	125	-13	13	2053	125	-13	13	2053	125	-13	13	2053	125	-13	13	2053	125	-13	13	2053	125	-13	13	2053
126	-126	27	2080	126	-126	27	2080	126	-126	27	2080	126	-126	27	2080	126	-126	27	2080	126	-126	27	2080	126	-126	27	2080	126	-126	27	2080
127	-16	16	2096	127	-16	16	2096	127	-16	16	2096	127	-16	16	2096	127	-16	16	2096	127	-16	16	2096	127	-16	16	2096	127	-16	16	2096
128	-13	13	2109	128	-13	13	2109	128	-13	13	2109	128	-13	13	2109	128	-13	13	2109	128	-13	13	2109	128	-13	13	2109	128	-13	13	2109
129	-122	23	2132	129	-122	23	2132	129	-122	23	2132	129	-122	23	2132	129	-122	23	2132	129	-122	23	2132	129	-122	23	2132	129	-122	23	2132
130	-222	24	2156	130	-222	24	2156	130	-222	24	2156	130	-222	24	2156	130	-222	24	2156	130	-222	24	2156	130	-222	24	2156	130	-222	24	2156
131	-126	27	2183	131	-126	27	2183	131	-126	27	2183	131	-126	27	2183	131	-126	27	2183	131	-126	27	2183	131	-126	27	2183	131	-126	27	2183
132	-229	31	2214	132	-229	31	2214	132	-229	31	2214	132	-229	31	2214	132	-229	31	2214	132	-229	31	2214	132	-229	31	2214	132	-229	31	2214
133	-15	15	2229	133	-15	15	2229	133	-15	15	2229	133	-15	15	2229	133	-15	15	2229	133	-15	15	2229	133	-15	15	2229	133	-15	15	2229
134	-13	13	2242	134	-13	13	2242	134	-13	13	2242	134	-13	13	2242	134	-13	13	2242	134	-13	13	2242	134	-13	13	2242	134	-13	13	2242
135	-17	17	2259	135	-17	17	2259	135	-17	17	2259	135	-17	17	2259	135	-17	17	2259	135	-17	17	2259	135	-17	17	2259	135	-17	17	2259
136	-120	21	2280	136	-120	21	2280	136	-120	21	2280	136	-120	21	2280	136	-120	21	2280	136	-120	21	2280	136	-120	21	2280	136	-120	21	2280
137	-122	23	2303	137	-122	23	2303	137	-122	23	2303	137	-122	23	2303	137	-122	23	2303	137	-122	23	2303	137	-122	23	2303	137	-122	23	2303
138	-13	13	2316	138	-13	13	2316	138	-13	13	2316	138	-13	13	2316	138	-13	13	2316	138	-13	13	2316	138	-13	13	2316	138	-13	13	2316
139	-13	13	2329	139	-13	13	2329	139	-13	13	2329	139	-13	13	2329	139	-13	13	2329	139	-13	13	2329	139	-13	13	2329	139	-13	13	2329
140	-15	15	2344	140	-15	15	2344	140	-15	15	2344	140	-15	15	2344	140	-15	15	2344	140	-15	15	2344	140	-15	15	2344	140	-15	15	2344
141	-125	26	2370	141	-125	26	2370	141	-125	26	2370	141	-125	26	2370	141	-125	26	2370	141	-125	26	2370	141	-125	26	2370	141	-125	26	2370
142	-17	17	2387	142	-17	17	2387	142	-17	17	2387	142	-17	17	2387	142	-17	17	2387	142	-17	17	2387	142	-17	17	2387	142	-17	17	2387
143	-126	27	2414	143	-126	27	2414	143	-126	27	2414	143	-126	27	2414	143	-126	27	2414	143	-126	27	2414	143	-126	27	2414	143	-126	27	2414
144	-17	17	2431	144	-17	17	2431	144	-17	17	2431	144	-17	17	2431	144	-17	17	2431	144	-17	17	2431	144	-17	17	2431	144	-17	17	2431
145	-19	19	2450	145	-19	19	2450	145	-19	19	2450	145	-19	19	2450	145	-19	19	2450	145	-19	19	2450	145	-19	19	2450	145	-19	19	2450
146	-13	13	2463	146	-13	13	2463	146	-13	13	2463	146	-13	13	2463	146	-13	13	2463	146	-13	13	2463	146	-13	13	2463	146	-13	13	2463
147	-13	13	2476	147	-13	13	2476	147	-13	13	2476	147	-13	13	2476	147	-13	13	2476	147	-13	13	2476	147	-13	13	2476	147	-13	13	2476
148	-17	17	2493	148	-17	17	2493	148	-17	17	2493	148	-17	17	2493	148	-17	17	2493	148	-17	17	2493	148	-17	17	2493	148	-17	17	2493
149	-326	29	2522	149	-326	29	2522	149	-326	29	2522	149	-326	29	2522	149	-326	29	2522	149	-326	29	2522	149	-326	29	2522	149	-326	29	2522
150	-128	29	2551	150	-128	29	2551	150	-128	29	2551	150	-128	29	2551	150	-128	29	2551	150	-128	29	2551	150	-128	29	2551	150	-128	29	2551
151	-13	13	2564	151	-13	13	2564	151	-13	13	2564	151	-13	13	2564	151	-13	13	2564	151	-13	13	2564	151	-13	13	2564	151	-13	13	2564
152	-114	15	2579	152	-114	15	2579	152	-114	15	2579	152	-114	15	2579	152	-114	15	2579	152	-114	15	2579	152	-114	15	2579	152	-114	15	2579
153	-15	15	2594	153	-15	15	2594	153	-15	15	2594	153	-15	15	2594	153	-15	15	2594	153	-15	15	2594	153	-15	15	2594	153	-15	15	2594
154	-15	15	2609	154	-15	15	2609	154	-15	15	2609	154	-15	15	2609	154	-15	15	2609	154	-15	15	2609	154	-15	15	2609	154	-15	15	2609
155	-15	15	2624	155	-15	15	2624	155	-15	15	2624	155	-15	15	2624	155	-15	15	2624	155	-15	15	2624	155	-15	15	2624	155	-15	15	2624
156	-13	13	2637	156	-13	13	2637	156	-13	13	2637	156	-13	13	2637	156	-13	13	2637	156	-13	13	2637	156	-13	13	2637	156	-13	13	2637
157	-13	13	2650	157	-13	13	2650	157	-13	13	2650	157	-13	13	2650	157	-13	13	2650	157	-13	13	2650	157	-13	13	2650	157	-13	13	2650
158	-13	13	2663	158	-13	13	2663	158	-13	13	2663	158	-13	13	2663	158	-13	13	2663	158	-13	13	2663	158	-13	13	2663	158	-13	13	2663
159	-229	31	2694	159	-229	31	2694	159	-229	31	2694	159	-229	31	2694	159	-229	31	2694	159	-229	31	2694	159	-229	31	2694	159	-229	31	2694
160	-118	19	2713	160	-118	19	2713	160	-118	19	2713	160	-118	19	2713	160	-118	19	2713	160	-118	19	2713	160	-118	19	2713	160	-118	19	2713
161	-13	13	2726	161	-13	13	2726	161	-13	13	2726	161	-13	13	2726	161	-13	13	2726	161	-13	13	2726	161	-13	13	2726	161	-13	13	2726
162	-13	13	2739	162	-13	13	2739	162	-13	13	2739	162	-13	13	2739	162	-13	13	2739	162	-13	13	2739	162	-13	13	2739	162	-13	13	2739
163	-15	15	2754	163	-15	15	2754	163	-15	15	2754	163	-15	15	2754	163	-15	15	2754	163	-15	15	2754	163	-15	15	2754	163	-15	15	2754
164	-15	15	2769	164	-15	15	2769	164	-15	15	2769	164	-15	15	2769	164	-15	15	2769	164	-15	15	2769	164	-15	15	2769	164	-15	15	2769
165	-13	13	2782	165	-13	13	2782	165	-13	13	2782	165	-13	13	2782	165	-13	13	2782	165	-13	13	2782	165	-13	13	2782	165	-13	13	2782
166	-13	13	2795	166	-13	13	2795	166	-13	13	2795	166	-13	13	2795	166	-13	13	2795	166	-13	13	2795	166	-13	13	2795	166	-13	13	2795
167	-15	15	2810	167	-15	15	2810	167	-15	15	2810	167	-15	15	2810	167	-15	15	2810	167	-15	15	2810	167	-15	15	2810	167	-15	15	2810
168	-15	15	2825	168	-15	15	2825	168	-15	15	2825	168	-15	15	2825	168	-15	15	2825	168	-15	15	2825	168	-15	15	2825	168	-15	15	2825
169	-13	13	2838	169	-13	13	2838	169	-13	13	2838	169	-13	13	2838	169	-13	13	2838	169	-13	13	2838	169	-13	13	2838	169	-13	13	2838
170	-17	17	2855	170	-17	17	2855	170	-17	17	2855	170	-17	17	2855	170	-17	17	2855	170	-17	17	2855	170	-17	17	2855	170	-17	17	2855
171	-13	13	2868	171	-13	13	2868	171	-13	13	2868	171	-13	13	2868	171	-13	13	2868	171	-13	13	2868	171	-13	13	2868	171	-13	13	2868
172	-15	15	2883	172	-15	15	2883	172	-15	15	2883	172	-15	15	2883	172	-15	15	2883	172	-15	15	2883	172	-15	15	2883	172	-15	15	2883
173	-13	13	2896	173	-13	13	2896	173	-13	13	2896	173	-13	13	2896	173	-13	13	2896	173	-13	13	2896	173	-13	13	2896	173	-13	13	2896
174	-13	13	2909	174	-13	13	2909	174	-13	13	2909	174	-13	13	2909	174	-13	13	2909	174	-13	13	2909	174	-13	13	2909	174	-13	13	2909
175	-13	13	2922	175	-13	13	2922	175	-13	13	2922	175	-13	13	2922	175	-13	13	2922	175	-13	13	2922	175	-13	13	2922	175	-13	13	2922
176	-16	16	2938	176	-16	16	2938	176	-16	16	2938	176	-16	16	2938	176	-16	16	2938	176	-16	16	2938	176	-16	16	2938	176	-16	16	2938
177	-13	13	2951	177	-13	13	2951	177	-13	13	2951	177	-13	13	2951	177	-13	13	2951	177	-13	13	2951	177	-13	13	2951	177	-13	13	2951
178	-222	24	2975	178	-222	24	2975	178	-222	24	2975	178	-222	24	2975	178	-222	24	2975	178	-222	24	2975	178	-222	24	2975	178	-222	24	2975
179	-17	17	2992	179	-17	17	2992	179	-17	17	2992	179	-17	17	2992	179	-17	17	2992	179	-17	17	2992	179	-17	17	2992	179	-17	17	2992
180	-13	13	3005	180	-13	13	3005	180	-13	13	3005	180	-13	13	3005	180	-13	13	3005	180	-13	13	3005	180	-13	13	3005	180	-13	13	3005
181	-15	15	3020	181	-15	15	3020	181	-15	15	3020	181	-15	15	3020	181	-15	15	3020	181	-15	15	3020	181	-15	15	3020	181	-15	15	3020
182	-19	19	3039	182	-19	19	3039	182	-19	19	3039	182	-19	19	3039	182	-19	19	3039	182	-19	19	3039	182	-19	19	3039	182	-19	19	3039
183	-120	21	3060	183	-120	21	3060	183	-120	21	3060	183	-120	21	3060	183	-120	21	3060	183	-120	21	3060	183	-120	21	3060	183	-120	21	3060
184	-125	26	3086	184	-125	26	3086	184	-125	26	3086	184	-125	26	3086	184	-125	26	3086	184	-125	26	3086	184	-125	26	3086	184	-125	26	3086
185	-15	15	3101	185	-15	15	3101	185	-15	15	3101	185	-15	15	3101	185	-15	15	3101	185	-15	15	3101	185	-15	15	3101	185	-15	15	3101
186	-19	19	3120	186	-19	19	3120	186	-19	19	3120	186	-19	19	3120	186	-19	19	3120	186	-19	19	3120	186	-19	19	3120	186	-19	19	3120
187	-120	21	3141	187	-120	21	3141	187	-120	21	3141	187	-120	21	3141	187	-120	21	3141	187	-120	21	3141	187	-120	21	3141	187	-120	21	3141
188	-13	13	3154	188	-13	13	3154	188	-13	13	3154	188	-13	13	3154	188	-13	13	3154	188	-13	13	3154	188	-13	13	3154	188	-13	13	3154
189	-116	17	3171	189	-116	17	3171	189	-116	17	3171	189	-116	17	3171	189	-116	17	3171	189	-116	17	3171	189	-116	17	3171	189	-116	17	3171
190	-15	15	3186	190	-15	15	3186	190	-15	15	3186	190	-15	15	3186	190	-15	15	3186	190	-15	15	3186	190	-15	15	3186	190	-15	15	3186
191	-15	15	3201	191	-15	15	3201	191	-15	15	3201	191	-15	15	3201	191	-15	15	3201	191	-15	15	3201	191	-15	15	3201	191	-15	15	3201
192	-15	15	3216	192	-15	15	3216	192	-15	15	3216	192	-15	15	3216	192	-15	15	3216	192	-15	15	3216	192	-15	15	3216	192	-15	15	3216
193	-15	15	3231	193	-15	15	3231	193	-15	15	3231	193	-15	15	3231	193	-15	15	3231	193	-15	15	3231	193	-15	15	3231	193	-15	15	3231
194	-13	13	3244	194	-13	13	3244	194	-13	13	3244	194	-13	13	3244	194	-13	13	3244	194	-13	13	3244	194	-13	13	3244	194	-13	13	3244
195	-19	19	3263	195	-19	19	3263	195	-19	19	3263	195	-19	19	3263	195	-19	19	3263	195	-19	19	3263	195	-19	19	3263	195	-19	19	3263
196	-13	13	3276	196	-13	13	3276	196	-13	13	3276	196	-13	13	3276	196	-13	13	3276	196	-13	13	3276	196	-13	13	3276	196	-13	13	3276
197	-16	16	3292	197	-16	16	3292	197	-16	16	3292	197	-16	16	3292	197	-16	16	3292	197	-16	16	3292	197	-16	16	3292	197	-16	16	3292
198	-232	34	3326	198	-232	34	3326	198	-232	34	3326	198	-232	34	3326	198	-232	34	3326	198	-232	34	3326	198	-232	34	3326	198	-232	34	3326
199	-117	18	3344	199	-117	18	3344	199	-117	18	3344	199	-117	18	3344	199	-117	18	3344	199	-117	18	3344	199	-117	18	3344	199	-117	18	3344
