Episode	Accumulated Reward	Length	Steps	Episode	Accumulated Reward	Length	Steps	Episode	Accumulated Reward	Length	Steps	Episode	Accumulated Reward	Length	Steps	Episode	Accumulated Reward	Length	Steps	Episode	Accumulated Reward	Length	Steps	Episode	Accumulated Reward	Length	Steps	Episode	Accumulated Reward	Length	Steps	Episode	Accumulated Reward	Length	Steps	Episode	Accumulated Reward	Length	Steps	Episode	Accumulated Reward	Length	Steps	Episode	Accumulated Reward	Length	Steps	Episode	Accumulated Reward	Length	Steps	Episode	Accumulated Reward	Length	Steps	Episode	Accumulated Reward	Length	Steps	Episode	Accumulated Reward	Length	Steps	Episode	Accumulated Reward	Length	Steps	Episode	Accumulated Reward	Length	Steps	Episode	Accumulated Reward	Length	Steps
0	-2065	580	580	0	-2065	580	580	0	-2065	580	580	0	-2065	580	580	0	-2065	580	580	0	-2065	580	580	0	-2065	580	580	0	-2065	580	580	0	-2065	580	580	0	-2065	580	580	0	-2065	580	580	0	-2065	580	580	0	-2065	580	580	0	-2065	580	580	0	-2065	580	580	0	-2065	580	580	0	-2065	580	580	0	-2065	580	580	0	-2065	580	580
1	-89	89	669	1	-89	89	669	1	-89	89	669	1	-89	89	669	1	-89	89	669	1	-89	89	669	1	-89	89	669	1	-89	89	669	1	-89	89	669	1	-89	89	669	1	-89	89	669	1	-89	89	669	1	-89	89	669	1	-89	89	669	1	-89	89	669	1	-89	89	669	1	-89	89	669	1	-89	89	669	1	-89	89	669
2	-472	175	844	2	-472	175	844	2	-472	175	844	2	-472	175	844	2	-472	175	844	2	-472	175	844	2	-472	175	844	2	-472	175	844	2	-472	175	844	2	-472	175	844	2	-472	175	844	2	-472	175	844	2	-472	175	844	2	-472	175	844	2	-472	175	844	2	-472	175	844	2	-472	175	844	2	-472	175	844	2	-472	175	844
3	-450	153	997	3	-450	153	997	3	-450	153	997	3	-450	153	997	3	-450	153	997	3	-450	153	997	3	-450	153	997	3	-450	153	997	3	-450	153	997	3	-450	153	997	3	-450	153	997	3	-450	153	997	3	-450	153	997	3	-450	153	997	3	-450	153	997	3	-450	153	997	3	-450	153	997	3	-450	153	997	3	-450	153	997
4	-139	40	1037	4	-139	40	1037	4	-139	40	1037	4	-139	40	1037	4	-139	40	1037	4	-139	40	1037	4	-139	40	1037	4	-139	40	1037	4	-139	40	1037	4	-139	40	1037	4	-139	40	1037	4	-139	40	1037	4	-139	40	1037	4	-139	40	1037	4	-139	40	1037	4	-139	40	1037	4	-139	40	1037	4	-139	40	1037	4	-139	40	1037
5	-218	119	1156	5	-218	119	1156	5	-218	119	1156	5	-218	119	1156	5	-218	119	1156	5	-218	119	1156	5	-218	119	1156	5	-218	119	1156	5	-218	119	1156	5	-218	119	1156	5	-218	119	1156	5	-218	119	1156	5	-218	119	1156	5	-218	119	1156	5	-218	119	1156	5	-218	119	1156	5	-218	119	1156	5	-218	119	1156	5	-218	119	1156
6	-480	84	1240	6	-480	84	1240	6	-480	84	1240	6	-480	84	1240	6	-480	84	1240	6	-480	84	1240	6	-480	84	1240	6	-480	84	1240	6	-480	84	1240	6	-480	84	1240	6	-480	84	1240	6	-480	84	1240	6	-480	84	1240	6	-480	84	1240	6	-480	84	1240	6	-480	84	1240	6	-480	84	1240	6	-480	84	1240	6	-480	84	1240
7	-54	54	1294	7	-54	54	1294	7	-54	54	1294	7	-54	54	1294	7	-54	54	1294	7	-54	54	1294	7	-54	54	1294	7	-54	54	1294	7	-54	54	1294	7	-54	54	1294	7	-54	54	1294	7	-54	54	1294	7	-54	54	1294	7	-54	54	1294	7	-54	54	1294	7	-54	54	1294	7	-54	54	1294	7	-54	54	1294	7	-54	54	1294
8	-152	53	1347	8	-152	53	1347	8	-152	53	1347	8	-152	53	1347	8	-152	53	1347	8	-152	53	1347	8	-152	53	1347	8	-152	53	1347	8	-152	53	1347	8	-152	53	1347	8	-152	53	1347	8	-152	53	1347	8	-152	53	1347	8	-152	53	1347	8	-152	53	1347	8	-152	53	1347	8	-152	53	1347	8	-152	53	1347	8	-152	53	1347
9	-199	100	1447	9	-199	100	1447	9	-199	100	1447	9	-199	100	1447	9	-199	100	1447	9	-199	100	1447	9	-199	100	1447	9	-199	100	1447	9	-199	100	1447	9	-199	100	1447	9	-199	100	1447	9	-199	100	1447	9	-199	100	1447	9	-199	100	1447	9	-199	100	1447	9	-199	100	1447	9	-199	100	1447	9	-199	100	1447	9	-199	100	1447
10	-21	21	1468	10	-21	21	1468	10	-21	21	1468	10	-21	21	1468	10	-21	21	1468	10	-21	21	1468	10	-21	21	1468	10	-21	21	1468	10	-21	21	1468	10	-21	21	1468	10	-21	21	1468	10	-21	21	1468	10	-21	21	1468	10	-21	21	1468	10	-21	21	1468	10	-21	21	1468	10	-21	21	1468	10	-21	21	1468	10	-21	21	1468
11	-56	56	1524	11	-56	56	1524	11	-56	56	1524	11	-56	56	1524	11	-56	56	1524	11	-56	56	1524	11	-56	56	1524	11	-56	56	1524	11	-56	56	1524	11	-56	56	1524	11	-56	56	1524	11	-56	56	1524	11	-56	56	1524	11	-56	56	1524	11	-56	56	1524	11	-56	56	1524	11	-56	56	1524	11	-56	56	1524	11	-56	56	1524
12	-29	29	1553	12	-29	29	1553	12	-29	29	1553	12	-29	29	1553	12	-29	29	1553	12	-29	29	1553	12	-29	29	1553	12	-29	29	1553	12	-29	29	1553	12	-29	29	1553	12	-29	29	1553	12	-29	29	1553	12	-29	29	1553	12	-29	29	1553	12	-29	29	1553	12	-29	29	1553	12	-29	29	1553	12	-29	29	1553	12	-29	29	1553
13	-30	30	1583	13	-30	30	1583	13	-30	30	1583	13	-30	30	1583	13	-30	30	1583	13	-30	30	1583	13	-30	30	1583	13	-30	30	1583	13	-30	30	1583	13	-30	30	1583	13	-30	30	1583	13	-30	30	1583	13	-30	30	1583	13	-30	30	1583	13	-30	30	1583	13	-30	30	1583	13	-30	30	1583	13	-30	30	1583	13	-30	30	1583
14	-44	44	1627	14	-44	44	1627	14	-44	44	1627	14	-44	44	1627	14	-44	44	1627	14	-44	44	1627	14	-44	44	1627	14	-44	44	1627	14	-44	44	1627	14	-44	44	1627	14	-44	44	1627	14	-44	44	1627	14	-44	44	1627	14	-44	44	1627	14	-44	44	1627	14	-44	44	1627	14	-44	44	1627	14	-44	44	1627	14	-44	44	1627
15	-57	57	1684	15	-57	57	1684	15	-57	57	1684	15	-57	57	1684	15	-57	57	1684	15	-57	57	1684	15	-57	57	1684	15	-57	57	1684	15	-57	57	1684	15	-57	57	1684	15	-57	57	1684	15	-57	57	1684	15	-57	57	1684	15	-57	57	1684	15	-57	57	1684	15	-57	57	1684	15	-57	57	1684	15	-57	57	1684	15	-57	57	1684
16	-135	36	1720	16	-135	36	1720	16	-135	36	1720	16	-135	36	1720	16	-135	36	1720	16	-135	36	1720	16	-135	36	1720	16	-135	36	1720	16	-135	36	1720	16	-135	36	1720	16	-135	36	1720	16	-135	36	1720	16	-135	36	1720	16	-135	36	1720	16	-135	36	1720	16	-135	36	1720	16	-135	36	1720	16	-135	36	1720	16	-135	36	1720
17	-27	27	1747	17	-27	27	1747	17	-27	27	1747	17	-27	27	1747	17	-27	27	1747	17	-27	27	1747	17	-27	27	1747	17	-27	27	1747	17	-27	27	1747	17	-27	27	1747	17	-27	27	1747	17	-27	27	1747	17	-27	27	1747	17	-27	27	1747	17	-27	27	1747	17	-27	27	1747	17	-27	27	1747	17	-27	27	1747	17	-27	27	1747
18	-162	63	1810	18	-162	63	1810	18	-162	63	1810	18	-162	63	1810	18	-162	63	1810	18	-162	63	1810	18	-162	63	1810	18	-162	63	1810	18	-162	63	1810	18	-162	63	1810	18	-162	63	1810	18	-162	63	1810	18	-162	63	1810	18	-162	63	1810	18	-162	63	1810	18	-162	63	1810	18	-162	63	1810	18	-162	63	1810	18	-162	63	1810
19	-150	51	1861	19	-150	51	1861	19	-150	51	1861	19	-150	51	1861	19	-150	51	1861	19	-150	51	1861	19	-150	51	1861	19	-150	51	1861	19	-150	51	1861	19	-150	51	1861	19	-150	51	1861	19	-150	51	1861	19	-150	51	1861	19	-150	51	1861	19	-150	51	1861	19	-150	51	1861	19	-150	51	1861	19	-150	51	1861	19	-150	51	1861
20	-278	80	1941	20	-278	80	1941	20	-278	80	1941	20	-278	80	1941	20	-278	80	1941	20	-278	80	1941	20	-278	80	1941	20	-278	80	1941	20	-278	80	1941	20	-278	80	1941	20	-278	80	1941	20	-278	80	1941	20	-278	80	1941	20	-278	80	1941	20	-278	80	1941	20	-278	80	1941	20	-278	80	1941	20	-278	80	1941	20	-278	80	1941
21	-19	19	1960	21	-19	19	1960	21	-19	19	1960	21	-19	19	1960	21	-19	19	1960	21	-19	19	1960	21	-19	19	1960	21	-19	19	1960	21	-19	19	1960	21	-19	19	1960	21	-19	19	1960	21	-19	19	1960	21	-19	19	1960	21	-19	19	1960	21	-19	19	1960	21	-19	19	1960	21	-19	19	1960	21	-19	19	1960	21	-19	19	1960
22	-37	37	1997	22	-37	37	1997	22	-37	37	1997	22	-37	37	1997	22	-37	37	1997	22	-37	37	1997	22	-37	37	1997	22	-37	37	1997	22	-37	37	1997	22	-37	37	1997	22	-37	37	1997	22	-37	37	1997	22	-37	37	1997	22	-37	37	1997	22	-37	37	1997	22	-37	37	1997	22	-37	37	1997	22	-37	37	1997	22	-37	37	1997
23	-34	34	2031	23	-34	34	2031	23	-34	34	2031	23	-34	34	2031	23	-34	34	2031	23	-34	34	2031	23	-34	34	2031	23	-34	34	2031	23	-34	34	2031	23	-34	34	2031	23	-34	34	2031	23	-34	34	2031	23	-34	34	2031	23	-34	34	2031	23	-34	34	2031	23	-34	34	2031	23	-34	34	2031	23	-34	34	2031	23	-34	34	2031
24	-44	44	2075	24	-44	44	2075	24	-44	44	2075	24	-44	44	2075	24	-44	44	2075	24	-44	44	2075	24	-44	44	2075	24	-44	44	2075	24	-44	44	2075	24	-44	44	2075	24	-44	44	2075	24	-44	44	2075	24	-44	44	2075	24	-44	44	2075	24	-44	44	2075	24	-44	44	2075	24	-44	44	2075	24	-44	44	2075	24	-44	44	2075
25	-34	34	2109	25	-34	34	2109	25	-34	34	2109	25	-34	34	2109	25	-34	34	2109	25	-34	34	2109	25	-34	34	2109	25	-34	34	2109	25	-34	34	2109	25	-34	34	2109	25	-34	34	2109	25	-34	34	2109	25	-34	34	2109	25	-34	34	2109	25	-34	34	2109	25	-34	34	2109	25	-34	34	2109	25	-34	34	2109	25	-34	34	2109
26	-26	26	2135	26	-26	26	2135	26	-26	26	2135	26	-26	26	2135	26	-26	26	2135	26	-26	26	2135	26	-26	26	2135	26	-26	26	2135	26	-26	26	2135	26	-26	26	2135	26	-26	26	2135	26	-26	26	2135	26	-26	26	2135	26	-26	26	2135	26	-26	26	2135	26	-26	26	2135	26	-26	26	2135	26	-26	26	2135	26	-26	26	2135
27	-21	21	2156	27	-21	21	2156	27	-21	21	2156	27	-21	21	2156	27	-21	21	2156	27	-21	21	2156	27	-21	21	2156	27	-21	21	2156	27	-21	21	2156	27	-21	21	2156	27	-21	21	2156	27	-21	21	2156	27	-21	21	2156	27	-21	21	2156	27	-21	21	2156	27	-21	21	2156	27	-21	21	2156	27	-21	21	2156	27	-21	21	2156
28	-251	53	2209	28	-251	53	2209	28	-251	53	2209	28	-251	53	2209	28	-251	53	2209	28	-251	53	2209	28	-251	53	2209	28	-251	53	2209	28	-251	53	2209	28	-251	53	2209	28	-251	53	2209	28	-251	53	2209	28	-251	53	2209	28	-251	53	2209	28	-251	53	2209	28	-251	53	2209	28	-251	53	2209	28	-251	53	2209	28	-251	53	2209
29	-32	32	2241	29	-32	32	2241	29	-32	32	2241	29	-32	32	2241	29	-32	32	2241	29	-32	32	2241	29	-32	32	2241	29	-32	32	2241	29	-32	32	2241	29	-32	32	2241	29	-32	32	2241	29	-32	32	2241	29	-32	32	2241	29	-32	32	2241	29	-32	32	2241	29	-32	32	2241	29	-32	32	2241	29	-32	32	2241	29	-32	32	2241
30	-26	26	2267	30	-26	26	2267	30	-26	26	2267	30	-26	26	2267	30	-26	26	2267	30	-26	26	2267	30	-26	26	2267	30	-26	26	2267	30	-26	26	2267	30	-26	26	2267	30	-26	26	2267	30	-26	26	2267	30	-26	26	2267	30	-26	26	2267	30	-26	26	2267	30	-26	26	2267	30	-26	26	2267	30	-26	26	2267	30	-26	26	2267
31	-19	19	2286	31	-19	19	2286	31	-19	19	2286	31	-19	19	2286	31	-19	19	2286	31	-19	19	2286	31	-19	19	2286	31	-19	19	2286	31	-19	19	2286	31	-19	19	2286	31	-19	19	2286	31	-19	19	2286	31	-19	19	2286	31	-19	19	2286	31	-19	19	2286	31	-19	19	2286	31	-19	19	2286	31	-19	19	2286	31	-19	19	2286
32	-16	16	2302	32	-16	16	2302	32	-16	16	2302	32	-16	16	2302	32	-16	16	2302	32	-16	16	2302	32	-16	16	2302	32	-16	16	2302	32	-16	16	2302	32	-16	16	2302	32	-16	16	2302	32	-16	16	2302	32	-16	16	2302	32	-16	16	2302	32	-16	16	2302	32	-16	16	2302	32	-16	16	2302	32	-16	16	2302	32	-16	16	2302
33	-30	30	2332	33	-30	30	2332	33	-30	30	2332	33	-30	30	2332	33	-30	30	2332	33	-30	30	2332	33	-30	30	2332	33	-30	30	2332	33	-30	30	2332	33	-30	30	2332	33	-30	30	2332	33	-30	30	2332	33	-30	30	2332	33	-30	30	2332	33	-30	30	2332	33	-30	30	2332	33	-30	30	2332	33	-30	30	2332	33	-30	30	2332
34	-20	20	2352	34	-20	20	2352	34	-20	20	2352	34	-20	20	2352	34	-20	20	2352	34	-20	20	2352	34	-20	20	2352	34	-20	20	2352	34	-20	20	2352	34	-20	20	2352	34	-20	20	2352	34	-20	20	2352	34	-20	20	2352	34	-20	20	2352	34	-20	20	2352	34	-20	20	2352	34	-20	20	2352	34	-20	20	2352	34	-20	20	2352
35	-27	27	2379	35	-27	27	2379	35	-27	27	2379	35	-27	27	2379	35	-27	27	2379	35	-27	27	2379	35	-27	27	2379	35	-27	27	2379	35	-27	27	2379	35	-27	27	2379	35	-27	27	2379	35	-27	27	2379	35	-27	27	2379	35	-27	27	2379	35	-27	27	2379	35	-27	27	2379	35	-27	27	2379	35	-27	27	2379	35	-27	27	2379
36	-13	13	2392	36	-13	13	2392	36	-13	13	2392	36	-13	13	2392	36	-13	13	2392	36	-13	13	2392	36	-13	13	2392	36	-13	13	2392	36	-13	13	2392	36	-13	13	2392	36	-13	13	2392	36	-13	13	2392	36	-13	13	2392	36	-13	13	2392	36	-13	13	2392	36	-13	13	2392	36	-13	13	2392	36	-13	13	2392	36	-13	13	2392
37	-19	19	2411	37	-19	19	2411	37	-19	19	2411	37	-19	19	2411	37	-19	19	2411	37	-19	19	2411	37	-19	19	2411	37	-19	19	2411	37	-19	19	2411	37	-19	19	2411	37	-19	19	2411	37	-19	19	2411	37	-19	19	2411	37	-19	19	2411	37	-19	19	2411	37	-19	19	2411	37	-19	19	2411	37	-19	19	2411	37	-19	19	2411
38	-119	20	2431	38	-119	20	2431	38	-119	20	2431	38	-119	20	2431	38	-119	20	2431	38	-119	20	2431	38	-119	20	2431	38	-119	20	2431	38	-119	20	2431	38	-119	20	2431	38	-119	20	2431	38	-119	20	2431	38	-119	20	2431	38	-119	20	2431	38	-119	20	2431	38	-119	20	2431	38	-119	20	2431	38	-119	20	2431	38	-119	20	2431
39	-131	32	2463	39	-131	32	2463	39	-131	32	2463	39	-131	32	2463	39	-131	32	2463	39	-131	32	2463	39	-131	32	2463	39	-131	32	2463	39	-131	32	2463	39	-131	32	2463	39	-131	32	2463	39	-131	32	2463	39	-131	32	2463	39	-131	32	2463	39	-131	32	2463	39	-131	32	2463	39	-131	32	2463	39	-131	32	2463	39	-131	32	2463
40	-33	33	2496	40	-33	33	2496	40	-33	33	2496	40	-33	33	2496	40	-33	33	2496	40	-33	33	2496	40	-33	33	2496	40	-33	33	2496	40	-33	33	2496	40	-33	33	2496	40	-33	33	2496	40	-33	33	2496	40	-33	33	2496	40	-33	33	2496	40	-33	33	2496	40	-33	33	2496	40	-33	33	2496	40	-33	33	2496	40	-33	33	2496
41	-35	35	2531	41	-35	35	2531	41	-35	35	2531	41	-35	35	2531	41	-35	35	2531	41	-35	35	2531	41	-35	35	2531	41	-35	35	2531	41	-35	35	2531	41	-35	35	2531	41	-35	35	2531	41	-35	35	2531	41	-35	35	2531	41	-35	35	2531	41	-35	35	2531	41	-35	35	2531	41	-35	35	2531	41	-35	35	2531	41	-35	35	2531
42	-23	23	2554	42	-23	23	2554	42	-23	23	2554	42	-23	23	2554	42	-23	23	2554	42	-23	23	2554	42	-23	23	2554	42	-23	23	2554	42	-23	23	2554	42	-23	23	2554	42	-23	23	2554	42	-23	23	2554	42	-23	23	2554	42	-23	23	2554	42	-23	23	2554	42	-23	23	2554	42	-23	23	2554	42	-23	23	2554	42	-23	23	2554
43	-17	17	2571	43	-17	17	2571	43	-17	17	2571	43	-17	17	2571	43	-17	17	2571	43	-17	17	2571	43	-17	17	2571	43	-17	17	2571	43	-17	17	2571	43	-17	17	2571	43	-17	17	2571	43	-17	17	2571	43	-17	17	2571	43	-17	17	2571	43	-17	17	2571	43	-17	17	2571	43	-17	17	2571	43	-17	17	2571	43	-17	17	2571
44	-139	40	2611	44	-139	40	2611	44	-139	40	2611	44	-139	40	2611	44	-139	40	2611	44	-139	40	2611	44	-139	40	2611	44	-139	40	2611	44	-139	40	2611	44	-139	40	2611	44	-139	40	2611	44	-139	40	2611	44	-139	40	2611	44	-139	40	2611	44	-139	40	2611	44	-139	40	2611	44	-139	40	2611	44	-139	40	2611	44	-139	40	2611
45	-18	18	2629	45	-18	18	2629	45	-18	18	2629	45	-18	18	2629	45	-18	18	2629	45	-18	18	2629	45	-18	18	2629	45	-18	18	2629	45	-18	18	2629	45	-18	18	2629	45	-18	18	2629	45	-18	18	2629	45	-18	18	2629	45	-18	18	2629	45	-18	18	2629	45	-18	18	2629	45	-18	18	2629	45	-18	18	2629	45	-18	18	2629
46	-16	16	2645	46	-16	16	2645	46	-16	16	2645	46	-16	16	2645	46	-16	16	2645	46	-16	16	2645	46	-16	16	2645	46	-16	16	2645	46	-16	16	2645	46	-16	16	2645	46	-16	16	2645	46	-16	16	2645	46	-16	16	2645	46	-16	16	2645	46	-16	16	2645	46	-16	16	2645	46	-16	16	2645	46	-16	16	2645	46	-16	16	2645
47	-16	16	2661	47	-16	16	2661	47	-16	16	2661	47	-16	16	2661	47	-16	16	2661	47	-16	16	2661	47	-16	16	2661	47	-16	16	2661	47	-16	16	2661	47	-16	16	2661	47	-16	16	2661	47	-16	16	2661	47	-16	16	2661	47	-16	16	2661	47	-16	16	2661	47	-16	16	2661	47	-16	16	2661	47	-16	16	2661	47	-16	16	2661
48	-20	20	2681	48	-20	20	2681	48	-20	20	2681	48	-20	20	2681	48	-20	20	2681	48	-20	20	2681	48	-20	20	2681	48	-20	20	2681	48	-20	20	2681	48	-20	20	2681	48	-20	20	2681	48	-20	20	2681	48	-20	20	2681	48	-20	20	2681	48	-20	20	2681	48	-20	20	2681	48	-20	20	2681	48	-20	20	2681	48	-20	20	2681
49	-118	19	2700	49	-118	19	2700	49	-118	19	2700	49	-118	19	2700	49	-118	19	2700	49	-118	19	2700	49	-118	19	2700	49	-118	19	2700	49	-118	19	2700	49	-118	19	2700	49	-118	19	2700	49	-118	19	2700	49	-118	19	2700	49	-118	19	2700	49	-118	19	2700	49	-118	19	2700	49	-118	19	2700	49	-118	19	2700	49	-118	19	2700
50	-20	20	2720	50	-20	20	2720	50	-20	20	2720	50	-20	20	2720	50	-20	20	2720	50	-20	20	2720	50	-20	20	2720	50	-20	20	2720	50	-20	20	2720	50	-20	20	2720	50	-20	20	2720	50	-20	20	2720	50	-20	20	2720	50	-20	20	2720	50	-20	20	2720	50	-20	20	2720	50	-20	20	2720	50	-20	20	2720	50	-20	20	2720
51	-123	24	2744	51	-123	24	2744	51	-123	24	2744	51	-123	24	2744	51	-123	24	2744	51	-123	24	2744	51	-123	24	2744	51	-123	24	2744	51	-123	24	2744	51	-123	24	2744	51	-123	24	2744	51	-123	24	2744	51	-123	24	2744	51	-123	24	2744	51	-123	24	2744	51	-123	24	2744	51	-123	24	2744	51	-123	24	2744	51	-123	24	2744
52	-17	17	2761	52	-17	17	2761	52	-17	17	2761	52	-17	17	2761	52	-17	17	2761	52	-17	17	2761	52	-17	17	2761	52	-17	17	2761	52	-17	17	2761	52	-17	17	2761	52	-17	17	2761	52	-17	17	2761	52	-17	17	2761	52	-17	17	2761	52	-17	17	2761	52	-17	17	2761	52	-17	17	2761	52	-17	17	2761	52	-17	17	2761
53	-13	13	2774	53	-13	13	2774	53	-13	13	2774	53	-13	13	2774	53	-13	13	2774	53	-13	13	2774	53	-13	13	2774	53	-13	13	2774	53	-13	13	2774	53	-13	13	2774	53	-13	13	2774	53	-13	13	2774	53	-13	13	2774	53	-13	13	2774	53	-13	13	2774	53	-13	13	2774	53	-13	13	2774	53	-13	13	2774	53	-13	13	2774
54	-221	23	2797	54	-221	23	2797	54	-221	23	2797	54	-221	23	2797	54	-221	23	2797	54	-221	23	2797	54	-221	23	2797	54	-221	23	2797	54	-221	23	2797	54	-221	23	2797	54	-221	23	2797	54	-221	23	2797	54	-221	23	2797	54	-221	23	2797	54	-221	23	2797	54	-221	23	2797	54	-221	23	2797	54	-221	23	2797	54	-221	23	2797
55	-15	15	2812	55	-15	15	2812	55	-15	15	2812	55	-15	15	2812	55	-15	15	2812	55	-15	15	2812	55	-15	15	2812	55	-15	15	2812	55	-15	15	2812	55	-15	15	2812	55	-15	15	2812	55	-15	15	2812	55	-15	15	2812	55	-15	15	2812	55	-15	15	2812	55	-15	15	2812	55	-15	15	2812	55	-15	15	2812	55	-15	15	2812
56	-22	22	2834	56	-22	22	2834	56	-22	22	2834	56	-22	22	2834	56	-22	22	2834	56	-22	22	2834	56	-22	22	2834	56	-22	22	2834	56	-22	22	2834	56	-22	22	2834	56	-22	22	2834	56	-22	22	2834	56	-22	22	2834	56	-22	22	2834	56	-22	22	2834	56	-22	22	2834	56	-22	22	2834	56	-22	22	2834	56	-22	22	2834
57	-15	15	2849	57	-15	15	2849	57	-15	15	2849	57	-15	15	2849	57	-15	15	2849	57	-15	15	2849	57	-15	15	2849	57	-15	15	2849	57	-15	15	2849	57	-15	15	2849	57	-15	15	2849	57	-15	15	2849	57	-15	15	2849	57	-15	15	2849	57	-15	15	2849	57	-15	15	2849	57	-15	15	2849	57	-15	15	2849	57	-15	15	2849
58	-17	17	2866	58	-17	17	2866	58	-17	17	2866	58	-17	17	2866	58	-17	17	2866	58	-17	17	2866	58	-17	17	2866	58	-17	17	2866	58	-17	17	2866	58	-17	17	2866	58	-17	17	2866	58	-17	17	2866	58	-17	17	2866	58	-17	17	2866	58	-17	17	2866	58	-17	17	2866	58	-17	17	2866	58	-17	17	2866	58	-17	17	2866
59	-126	27	2893	59	-126	27	2893	59	-126	27	2893	59	-126	27	2893	59	-126	27	2893	59	-126	27	2893	59	-126	27	2893	59	-126	27	2893	59	-126	27	2893	59	-126	27	2893	59	-126	27	2893	59	-126	27	2893	59	-126	27	2893	59	-126	27	2893	59	-126	27	2893	59	-126	27	2893	59	-126	27	2893	59	-126	27	2893	59	-126	27	2893
60	-13	13	2906	60	-13	13	2906	60	-13	13	2906	60	-13	13	2906	60	-13	13	2906	60	-13	13	2906	60	-13	13	2906	60	-13	13	2906	60	-13	13	2906	60	-13	13	2906	60	-13	13	2906	60	-13	13	2906	60	-13	13	2906	60	-13	13	2906	60	-13	13	2906	60	-13	13	2906	60	-13	13	2906	60	-13	13	2906	60	-13	13	2906
61	-132	33	2939	61	-132	33	2939	61	-132	33	2939	61	-132	33	2939	61	-132	33	2939	61	-132	33	2939	61	-132	33	2939	61	-132	33	2939	61	-132	33	2939	61	-132	33	2939	61	-132	33	2939	61	-132	33	2939	61	-132	33	2939	61	-132	33	2939	61	-132	33	2939	61	-132	33	2939	61	-132	33	2939	61	-132	33	2939	61	-132	33	2939
62	-13	13	2952	62	-13	13	2952	62	-13	13	2952	62	-13	13	2952	62	-13	13	2952	62	-13	13	2952	62	-13	13	2952	62	-13	13	2952	62	-13	13	2952	62	-13	13	2952	62	-13	13	2952	62	-13	13	2952	62	-13	13	2952	62	-13	13	2952	62	-13	13	2952	62	-13	13	2952	62	-13	13	2952	62	-13	13	2952	62	-13	13	2952
63	-115	16	2968	63	-115	16	2968	63	-115	16	2968	63	-115	16	2968	63	-115	16	2968	63	-115	16	2968	63	-115	16	2968	63	-115	16	2968	63	-115	16	2968	63	-115	16	2968	63	-115	16	2968	63	-115	16	2968	63	-115	16	2968	63	-115	16	2968	63	-115	16	2968	63	-115	16	2968	63	-115	16	2968	63	-115	16	2968	63	-115	16	2968
64	-19	19	2987	64	-19	19	2987	64	-19	19	2987	64	-19	19	2987	64	-19	19	2987	64	-19	19	2987	64	-19	19	2987	64	-19	19	2987	64	-19	19	2987	64	-19	19	2987	64	-19	19	2987	64	-19	19	2987	64	-19	19	2987	64	-19	19	2987	64	-19	19	2987	64	-19	19	2987	64	-19	19	2987	64	-19	19	2987	64	-19	19	2987
65	-13	13	3000	65	-13	13	3000	65	-13	13	3000	65	-13	13	3000	65	-13	13	3000	65	-13	13	3000	65	-13	13	3000	65	-13	13	3000	65	-13	13	3000	65	-13	13	3000	65	-13	13	3000	65	-13	13	3000	65	-13	13	3000	65	-13	13	3000	65	-13	13	3000	65	-13	13	3000	65	-13	13	3000	65	-13	13	3000	65	-13	13	3000
66	-13	13	3013	66	-13	13	3013	66	-13	13	3013	66	-13	13	3013	66	-13	13	3013	66	-13	13	3013	66	-13	13	3013	66	-13	13	3013	66	-13	13	3013	66	-13	13	3013	66	-13	13	3013	66	-13	13	3013	66	-13	13	3013	66	-13	13	3013	66	-13	13	3013	66	-13	13	3013	66	-13	13	3013	66	-13	13	3013	66	-13	13	3013
67	-13	13	3026	67	-13	13	3026	67	-13	13	3026	67	-13	13	3026	67	-13	13	3026	67	-13	13	3026	67	-13	13	3026	67	-13	13	3026	67	-13	13	3026	67	-13	13	3026	67	-13	13	3026	67	-13	13	3026	67	-13	13	3026	67	-13	13	3026	67	-13	13	3026	67	-13	13	3026	67	-13	13	3026	67	-13	13	3026	67	-13	13	3026
68	-239	41	3067	68	-239	41	3067	68	-239	41	3067	68	-239	41	3067	68	-239	41	3067	68	-239	41	3067	68	-239	41	3067	68	-239	41	3067	68	-239	41	3067	68	-239	41	3067	68	-239	41	3067	68	-239	41	3067	68	-239	41	3067	68	-239	41	3067	68	-239	41	3067	68	-239	41	3067	68	-239	41	3067	68	-239	41	3067	68	-239	41	3067
69	-14	14	3081	69	-14	14	3081	69	-14	14	3081	69	-14	14	3081	69	-14	14	3081	69	-14	14	3081	69	-14	14	3081	69	-14	14	3081	69	-14	14	3081	69	-14	14	3081	69	-14	14	3081	69	-14	14	3081	69	-14	14	3081	69	-14	14	3081	69	-14	14	3081	69	-14	14	3081	69	-14	14	3081	69	-14	14	3081	69	-14	14	3081
70	-241	43	3124	70	-241	43	3124	70	-241	43	3124	70	-241	43	3124	70	-241	43	3124	70	-241	43	3124	70	-241	43	3124	70	-241	43	3124	70	-241	43	3124	70	-241	43	3124	70	-241	43	3124	70	-241	43	3124	70	-241	43	3124	70	-241	43	3124	70	-241	43	3124	70	-241	43	3124	70	-241	43	3124	70	-241	43	3124	70	-241	43	3124
71	-119	20	3144	71	-119	20	3144	71	-119	20	3144	71	-119	20	3144	71	-119	20	3144	71	-119	20	3144	71	-119	20	3144	71	-119	20	3144	71	-119	20	3144	71	-119	20	3144	71	-119	20	3144	71	-119	20	3144	71	-119	20	3144	71	-119	20	3144	71	-119	20	3144	71	-119	20	3144	71	-119	20	3144	71	-119	20	3144	71	-119	20	3144
72	-13	13	3157	72	-13	13	3157	72	-13	13	3157	72	-13	13	3157	72	-13	13	3157	72	-13	13	3157	72	-13	13	3157	72	-13	13	3157	72	-13	13	3157	72	-13	13	3157	72	-13	13	3157	72	-13	13	3157	72	-13	13	3157	72	-13	13	3157	72	-13	13	3157	72	-13	13	3157	72	-13	13	3157	72	-13	13	3157	72	-13	13	3157
73	-332	35	3192	73	-332	35	3192	73	-332	35	3192	73	-332	35	3192	73	-332	35	3192	73	-332	35	3192	73	-332	35	3192	73	-332	35	3192	73	-332	35	3192	73	-332	35	3192	73	-332	35	3192	73	-332	35	3192	73	-332	35	3192	73	-332	35	3192	73	-332	35	3192	73	-332	35	3192	73	-332	35	3192	73	-332	35	3192	73	-332	35	3192
74	-16	16	3208	74	-16	16	3208	74	-16	16	3208	74	-16	16	3208	74	-16	16	3208	74	-16	16	3208	74	-16	16	3208	74	-16	16	3208	74	-16	16	3208	74	-16	16	3208	74	-16	16	3208	74	-16	16	3208	74	-16	16	3208	74	-16	16	3208	74	-16	16	3208	74	-16	16	3208	74	-16	16	3208	74	-16	16	3208	74	-16	16	3208
75	-15	15	3223	75	-15	15	3223	75	-15	15	3223	75	-15	15	3223	75	-15	15	3223	75	-15	15	3223	75	-15	15	3223	75	-15	15	3223	75	-15	15	3223	75	-15	15	3223	75	-15	15	3223	75	-15	15	3223	75	-15	15	3223	75	-15	15	3223	75	-15	15	3223	75	-15	15	3223	75	-15	15	3223	75	-15	15	3223	75	-15	15	3223
76	-13	13	3236	76	-13	13	3236	76	-13	13	3236	76	-13	13	3236	76	-13	13	3236	76	-13	13	3236	76	-13	13	3236	76	-13	13	3236	76	-13	13	3236	76	-13	13	3236	76	-13	13	3236	76	-13	13	3236	76	-13	13	3236	76	-13	13	3236	76	-13	13	3236	76	-13	13	3236	76	-13	13	3236	76	-13	13	3236	76	-13	13	3236
77	-15	15	3251	77	-15	15	3251	77	-15	15	3251	77	-15	15	3251	77	-15	15	3251	77	-15	15	3251	77	-15	15	3251	77	-15	15	3251	77	-15	15	3251	77	-15	15	3251	77	-15	15	3251	77	-15	15	3251	77	-15	15	3251	77	-15	15	3251	77	-15	15	3251	77	-15	15	3251	77	-15	15	3251	77	-15	15	3251	77	-15	15	3251
78	-124	25	3276	78	-124	25	3276	78	-124	25	3276	78	-124	25	3276	78	-124	25	3276	78	-124	25	3276	78	-124	25	3276	78	-124	25	3276	78	-124	25	3276	78	-124	25	3276	78	-124	25	3276	78	-124	25	3276	78	-124	25	3276	78	-124	25	3276	78	-124	25	3276	78	-124	25	3276	78	-124	25	3276	78	-124	25	3276	78	-124	25	3276
79	-13	13	3289	79	-13	13	3289	79	-13	13	3289	79	-13	13	3289	79	-13	13	3289	79	-13	13	3289	79	-13	13	3289	79	-13	13	3289	79	-13	13	3289	79	-13	13	3289	79	-13	13	3289	79	-13	13	3289	79	-13	13	3289	79	-13	13	3289	79	-13	13	3289	79	-13	13	3289	79	-13	13	3289	79	-13	13	3289	79	-13	13	3289
80	-19	19	3308	80	-19	19	3308	80	-19	19	3308	80	-19	19	3308	80	-19	19	3308	80	-19	19	3308	80	-19	19	3308	80	-19	19	3308	80	-19	19	3308	80	-19	19	3308	80	-19	19	3308	80	-19	19	3308	80	-19	19	3308	80	-19	19	3308	80	-19	19	3308	80	-19	19	3308	80	-19	19	3308	80	-19	19	3308	80	-19	19	3308
81	-13	13	3321	81	-13	13	3321	81	-13	13	3321	81	-13	13	3321	81	-13	13	3321	81	-13	13	3321	81	-13	13	3321	81	-13	13	3321	81	-13	13	3321	81	-13	13	3321	81	-13	13	3321	81	-13	13	3321	81	-13	13	3321	81	-13	13	3321	81	-13	13	3321	81	-13	13	3321	81	-13	13	3321	81	-13	13	3321	81	-13	13	3321
82	-13	13	3334	82	-13	13	3334	82	-13	13	3334	82	-13	13	3334	82	-13	13	3334	82	-13	13	3334	82	-13	13	3334	82	-13	13	3334	82	-13	13	3334	82	-13	13	3334	82	-13	13	3334	82	-13	13	3334	82	-13	13	3334	82	-13	13	3334	82	-13	13	3334	82	-13	13	3334	82	-13	13	3334	82	-13	13	3334	82	-13	13	3334
83	-234	36	3370	83	-234	36	3370	83	-234	36	3370	83	-234	36	3370	83	-234	36	3370	83	-234	36	3370	83	-234	36	3370	83	-234	36	3370	83	-234	36	3370	83	-234	36	3370	83	-234	36	3370	83	-234	36	3370	83	-234	36	3370	83	-234	36	3370	83	-234	36	3370	83	-234	36	3370	83	-234	36	3370	83	-234	36	3370	83	-234	36	3370
84	-13	13	3383	84	-13	13	3383	84	-13	13	3383	84	-13	13	3383	84	-13	13	3383	84	-13	13	3383	84	-13	13	3383	84	-13	13	3383	84	-13	13	3383	84	-13	13	3383	84	-13	13	3383	84	-13	13	3383	84	-13	13	3383	84	-13	13	3383	84	-13	13	3383	84	-13	13	3383	84	-13	13	3383	84	-13	13	3383	84	-13	13	3383
85	-17	17	3400	85	-17	17	3400	85	-17	17	3400	85	-17	17	3400	85	-17	17	3400	85	-17	17	3400	85	-17	17	3400	85	-17	17	3400	85	-17	17	3400	85	-17	17	3400	85	-17	17	3400	85	-17	17	3400	85	-17	17	3400	85	-17	17	3400	85	-17	17	3400	85	-17	17	3400	85	-17	17	3400	85	-17	17	3400	85	-17	17	3400
86	-113	14	3414	86	-113	14	3414	86	-113	14	3414	86	-113	14	3414	86	-113	14	3414	86	-113	14	3414	86	-113	14	3414	86	-113	14	3414	86	-113	14	3414	86	-113	14	3414	86	-113	14	3414	86	-113	14	3414	86	-113	14	3414	86	-113	14	3414	86	-113	14	3414	86	-113	14	3414	86	-113	14	3414	86	-113	14	3414	86	-113	14	3414
87	-17	17	3431	87	-17	17	3431	87	-17	17	3431	87	-17	17	3431	87	-17	17	3431	87	-17	17	3431	87	-17	17	3431	87	-17	17	3431	87	-17	17	3431	87	-17	17	3431	87	-17	17	3431	87	-17	17	3431	87	-17	17	3431	87	-17	17	3431	87	-17	17	3431	87	-17	17	3431	87	-17	17	3431	87	-17	17	3431	87	-17	17	3431
88	-13	13	3444	88	-13	13	3444	88	-13	13	3444	88	-13	13	3444	88	-13	13	3444	88	-13	13	3444	88	-13	13	3444	88	-13	13	3444	88	-13	13	3444	88	-13	13	3444	88	-13	13	3444	88	-13	13	3444	88	-13	13	3444	88	-13	13	3444	88	-13	13	3444	88	-13	13	3444	88	-13	13	3444	88	-13	13	3444	88	-13	13	3444
89	-13	13	3457	89	-13	13	3457	89	-13	13	3457	89	-13	13	3457	89	-13	13	3457	89	-13	13	3457	89	-13	13	3457	89	-13	13	3457	89	-13	13	3457	89	-13	13	3457	89	-13	13	3457	89	-13	13	3457	89	-13	13	3457	89	-13	13	3457	89	-13	13	3457	89	-13	13	3457	89	-13	13	3457	89	-13	13	3457	89	-13	13	3457
90	-15	15	3472	90	-15	15	3472	90	-15	15	3472	90	-15	15	3472	90	-15	15	3472	90	-15	15	3472	90	-15	15	3472	90	-15	15	3472	90	-15	15	3472	90	-15	15	3472	90	-15	15	3472	90	-15	15	3472	90	-15	15	3472	90	-15	15	3472	90	-15	15	3472	90	-15	15	3472	90	-15	15	3472	90	-15	15	3472	90	-15	15	3472
91	-123	24	3496	91	-123	24	3496	91	-123	24	3496	91	-123	24	3496	91	-123	24	3496	91	-123	24	3496	91	-123	24	3496	91	-123	24	3496	91	-123	24	3496	91	-123	24	3496	91	-123	24	3496	91	-123	24	3496	91	-123	24	3496	91	-123	24	3496	91	-123	24	3496	91	-123	24	3496	91	-123	24	3496	91	-123	24	3496	91	-123	24	3496
92	-120	21	3517	92	-120	21	3517	92	-120	21	3517	92	-120	21	3517	92	-120	21	3517	92	-120	21	3517	92	-120	21	3517	92	-120	21	3517	92	-120	21	3517	92	-120	21	3517	92	-120	21	3517	92	-120	21	3517	92	-120	21	3517	92	-120	21	3517	92	-120	21	3517	92	-120	21	3517	92	-120	21	3517	92	-120	21	3517	92	-120	21	3517
93	-115	16	3533	93	-115	16	3533	93	-115	16	3533	93	-115	16	3533	93	-115	16	3533	93	-115	16	3533	93	-115	16	3533	93	-115	16	3533	93	-115	16	3533	93	-115	16	3533	93	-115	16	3533	93	-115	16	3533	93	-115	16	3533	93	-115	16	3533	93	-115	16	3533	93	-115	16	3533	93	-115	16	3533	93	-115	16	3533	93	-115	16	3533
94	-117	18	3551	94	-117	18	3551	94	-117	18	3551	94	-117	18	3551	94	-117	18	3551	94	-117	18	3551	94	-117	18	3551	94	-117	18	3551	94	-117	18	3551	94	-117	18	3551	94	-117	18	3551	94	-117	18	3551	94	-117	18	3551	94	-117	18	3551	94	-117	18	3551	94	-117	18	3551	94	-117	18	3551	94	-117	18	3551	94	-117	18	3551
95	-13	13	3564	95	-13	13	3564	95	-13	13	3564	95	-13	13	3564	95	-13	13	3564	95	-13	13	3564	95	-13	13	3564	95	-13	13	3564	95	-13	13	3564	95	-13	13	3564	95	-13	13	3564	95	-13	13	3564	95	-13	13	3564	95	-13	13	3564	95	-13	13	3564	95	-13	13	3564	95	-13	13	3564	95	-13	13	3564	95	-13	13	3564
96	-13	13	3577	96	-13	13	3577	96	-13	13	3577	96	-13	13	3577	96	-13	13	3577	96	-13	13	3577	96	-13	13	3577	96	-13	13	3577	96	-13	13	3577	96	-13	13	3577	96	-13	13	3577	96	-13	13	3577	96	-13	13	3577	96	-13	13	3577	96	-13	13	3577	96	-13	13	3577	96	-13	13	3577	96	-13	13	3577	96	-13	13	3577
97	-25	25	3602	97	-25	25	3602	97	-25	25	3602	97	-25	25	3602	97	-25	25	3602	97	-25	25	3602	97	-25	25	3602	97	-25	25	3602	97	-25	25	3602	97	-25	25	3602	97	-25	25	3602	97	-25	25	3602	97	-25	25	3602	97	-25	25	3602	97	-25	25	3602	97	-25	25	3602	97	-25	25	3602	97	-25	25	3602	97	-25	25	3602
98	-15	15	3617	98	-15	15	3617	98	-15	15	3617	98	-15	15	3617	98	-15	15	3617	98	-15	15	3617	98	-15	15	3617	98	-15	15	3617	98	-15	15	3617	98	-15	15	3617	98	-15	15	3617	98	-15	15	3617	98	-15	15	3617	98	-15	15	3617	98	-15	15	3617	98	-15	15	3617	98	-15	15	3617	98	-15	15	3617	98	-15	15	3617
99	-15	15	3632	99	-15	15	3632	99	-15	15	3632	99	-15	15	3632	99	-15	15	3632	99	-15	15	3632	99	-15	15	3632	99	-15	15	3632	99	-15	15	3632	99	-15	15	3632	99	-15	15	3632	99	-15	15	3632	99	-15	15	3632	99	-15	15	3632	99	-15	15	3632	99	-15	15	3632	99	-15	15	3632	99	-15	15	3632	99	-15	15	3632
100	-13	13	3645	100	-13	13	3645	100	-13	13	3645	100	-13	13	3645	100	-13	13	3645	100	-13	13	3645	100	-13	13	3645	100	-13	13	3645	100	-13	13	3645	100	-13	13	3645	100	-13	13	3645	100	-13	13	3645	100	-13	13	3645	100	-13	13	3645	100	-13	13	3645	100	-13	13	3645	100	-13	13	3645	100	-13	13	3645	100	-13	13	3645
101	-15	15	3660	101	-15	15	3660	101	-15	15	3660	101	-15	15	3660	101	-15	15	3660	101	-15	15	3660	101	-15	15	3660	101	-15	15	3660	101	-15	15	3660	101	-15	15	3660	101	-15	15	3660	101	-15	15	3660	101	-15	15	3660	101	-15	15	3660	101	-15	15	3660	101	-15	15	3660	101	-15	15	3660	101	-15	15	3660	101	-15	15	3660
102	-13	13	3673	102	-13	13	3673	102	-13	13	3673	102	-13	13	3673	102	-13	13	3673	102	-13	13	3673	102	-13	13	3673	102	-13	13	3673	102	-13	13	3673	102	-13	13	3673	102	-13	13	3673	102	-13	13	3673	102	-13	13	3673	102	-13	13	3673	102	-13	13	3673	102	-13	13	3673	102	-13	13	3673	102	-13	13	3673	102	-13	13	3673
103	-13	13	3686	103	-13	13	3686	103	-13	13	3686	103	-13	13	3686	103	-13	13	3686	103	-13	13	3686	103	-13	13	3686	103	-13	13	3686	103	-13	13	3686	103	-13	13	3686	103	-13	13	3686	103	-13	13	3686	103	-13	13	3686	103	-13	13	3686	103	-13	13	3686	103	-13	13	3686	103	-13	13	3686	103	-13	13	3686	103	-13	13	3686
104	-17	17	3703	104	-17	17	3703	104	-17	17	3703	104	-17	17	3703	104	-17	17	3703	104	-17	17	3703	104	-17	17	3703	104	-17	17	3703	104	-17	17	3703	104	-17	17	3703	104	-17	17	3703	104	-17	17	3703	104	-17	17	3703	104	-17	17	3703	104	-17	17	3703	104	-17	17	3703	104	-17	17	3703	104	-17	17	3703	104	-17	17	3703
105	-13	13	3716	105	-13	13	3716	105	-13	13	3716	105	-13	13	3716	105	-13	13	3716	105	-13	13	3716	105	-13	13	3716	105	-13	13	3716	105	-13	13	3716	105	-13	13	3716	105	-13	13	3716	105	-13	13	3716	105	-13	13	3716	105	-13	13	3716	105	-13	13	3716	105	-13	13	3716	105	-13	13	3716	105	-13	13	3716	105	-13	13	3716
106	-13	13	3729	106	-13	13	3729	106	-13	13	3729	106	-13	13	3729	106	-13	13	3729	106	-13	13	3729	106	-13	13	3729	106	-13	13	3729	106	-13	13	3729	106	-13	13	3729	106	-13	13	3729	106	-13	13	3729	106	-13	13	3729	106	-13	13	3729	106	-13	13	3729	106	-13	13	3729	106	-13	13	3729	106	-13	13	3729	106	-13	13	3729
107	-13	13	3742	107	-13	13	3742	107	-13	13	3742	107	-13	13	3742	107	-13	13	3742	107	-13	13	3742	107	-13	13	3742	107	-13	13	3742	107	-13	13	3742	107	-13	13	3742	107	-13	13	3742	107	-13	13	3742	107	-13	13	3742	107	-13	13	3742	107	-13	13	3742	107	-13	13	3742	107	-13	13	3742	107	-13	13	3742	107	-13	13	3742
108	-125	26	3768	108	-125	26	3768	108	-125	26	3768	108	-125	26	3768	108	-125	26	3768	108	-125	26	3768	108	-125	26	3768	108	-125	26	3768	108	-125	26	3768	108	-125	26	3768	108	-125	26	3768	108	-125	26	3768	108	-125	26	3768	108	-125	26	3768	108	-125	26	3768	108	-125	26	3768	108	-125	26	3768	108	-125	26	3768	108	-125	26	3768
109	-17	17	3785	109	-17	17	3785	109	-17	17	3785	109	-17	17	3785	109	-17	17	3785	109	-17	17	3785	109	-17	17	3785	109	-17	17	3785	109	-17	17	3785	109	-17	17	3785	109	-17	17	3785	109	-17	17	3785	109	-17	17	3785	109	-17	17	3785	109	-17	17	3785	109	-17	17	3785	109	-17	17	3785	109	-17	17	3785	109	-17	17	3785
110	-13	13	3798	110	-13	13	3798	110	-13	13	3798	110	-13	13	3798	110	-13	13	3798	110	-13	13	3798	110	-13	13	3798	110	-13	13	3798	110	-13	13	3798	110	-13	13	3798	110	-13	13	3798	110	-13	13	3798	110	-13	13	3798	110	-13	13	3798	110	-13	13	3798	110	-13	13	3798	110	-13	13	3798	110	-13	13	3798	110	-13	13	3798
111	-15	15	3813	111	-15	15	3813	111	-15	15	3813	111	-15	15	3813	111	-15	15	3813	111	-15	15	3813	111	-15	15	3813	111	-15	15	3813	111	-15	15	3813	111	-15	15	3813	111	-15	15	3813	111	-15	15	3813	111	-15	15	3813	111	-15	15	3813	111	-15	15	3813	111	-15	15	3813	111	-15	15	3813	111	-15	15	3813	111	-15	15	3813
112	-13	13	3826	112	-13	13	3826	112	-13	13	3826	112	-13	13	3826	112	-13	13	3826	112	-13	13	3826	112	-13	13	3826	112	-13	13	3826	112	-13	13	3826	112	-13	13	3826	112	-13	13	3826	112	-13	13	3826	112	-13	13	3826	112	-13	13	3826	112	-13	13	3826	112	-13	13	3826	112	-13	13	3826	112	-13	13	3826	112	-13	13	3826
113	-13	13	3839	113	-13	13	3839	113	-13	13	3839	113	-13	13	3839	113	-13	13	3839	113	-13	13	3839	113	-13	13	3839	113	-13	13	3839	113	-13	13	3839	113	-13	13	3839	113	-13	13	3839	113	-13	13	3839	113	-13	13	3839	113	-13	13	3839	113	-13	13	3839	113	-13	13	3839	113	-13	13	3839	113	-13	13	3839	113	-13	13	3839
114	-13	13	3852	114	-13	13	3852	114	-13	13	3852	114	-13	13	3852	114	-13	13	3852	114	-13	13	3852	114	-13	13	3852	114	-13	13	3852	114	-13	13	3852	114	-13	13	3852	114	-13	13	3852	114	-13	13	3852	114	-13	13	3852	114	-13	13	3852	114	-13	13	3852	114	-13	13	3852	114	-13	13	3852	114	-13	13	3852	114	-13	13	3852
115	-19	19	3871	115	-19	19	3871	115	-19	19	3871	115	-19	19	3871	115	-19	19	3871	115	-19	19	3871	115	-19	19	3871	115	-19	19	3871	115	-19	19	3871	115	-19	19	3871	115	-19	19	3871	115	-19	19	3871	115	-19	19	3871	115	-19	19	3871	115	-19	19	3871	115	-19	19	3871	115	-19	19	3871	115	-19	19	3871	115	-19	19	3871
116	-17	17	3888	116	-17	17	3888	116	-17	17	3888	116	-17	17	3888	116	-17	17	3888	116	-17	17	3888	116	-17	17	3888	116	-17	17	3888	116	-17	17	3888	116	-17	17	3888	116	-17	17	3888	116	-17	17	3888	116	-17	17	3888	116	-17	17	3888	116	-17	17	3888	116	-17	17	3888	116	-17	17	3888	116	-17	17	3888	116	-17	17	3888
117	-17	17	3905	117	-17	17	3905	117	-17	17	3905	117	-17	17	3905	117	-17	17	3905	117	-17	17	3905	117	-17	17	3905	117	-17	17	3905	117	-17	17	3905	117	-17	17	3905	117	-17	17	3905	117	-17	17	3905	117	-17	17	3905	117	-17	17	3905	117	-17	17	3905	117	-17	17	3905	117	-17	17	3905	117	-17	17	3905	117	-17	17	3905
118	-13	13	3918	118	-13	13	3918	118	-13	13	3918	118	-13	13	3918	118	-13	13	3918	118	-13	13	3918	118	-13	13	3918	118	-13	13	3918	118	-13	13	3918	118	-13	13	3918	118	-13	13	3918	118	-13	13	3918	118	-13	13	3918	118	-13	13	3918	118	-13	13	3918	118	-13	13	3918	118	-13	13	3918	118	-13	13	3918	118	-13	13	3918
119	-13	13	3931	119	-13	13	3931	119	-13	13	3931	119	-13	13	3931	119	-13	13	3931	119	-13	13	3931	119	-13	13	3931	119	-13	13	3931	119	-13	13	3931	119	-13	13	3931	119	-13	13	3931	119	-13	13	3931	119	-13	13	3931	119	-13	13	3931	119	-13	13	3931	119	-13	13	3931	119	-13	13	3931	119	-13	13	3931	119	-13	13	3931
120	-118	19	3950	120	-118	19	3950	120	-118	19	3950	120	-118	19	3950	120	-118	19	3950	120	-118	19	3950	120	-118	19	3950	120	-118	19	3950	120	-118	19	3950	120	-118	19	3950	120	-118	19	3950	120	-118	19	3950	120	-118	19	3950	120	-118	19	3950	120	-118	19	3950	120	-118	19	3950	120	-118	19	3950	120	-118	19	3950	120	-118	19	3950
121	-348	51	4001	121	-348	51	4001	121	-348	51	4001	121	-348	51	4001	121	-348	51	4001	121	-348	51	4001	121	-348	51	4001	121	-348	51	4001	121	-348	51	4001	121	-348	51	4001	121	-348	51	4001	121	-348	51	4001	121	-348	51	4001	121	-348	51	4001	121	-348	51	4001	121	-348	51	4001	121	-348	51	4001	121	-348	51	4001	121	-348	51	4001
122	-13	13	4014	122	-13	13	4014	122	-13	13	4014	122	-13	13	4014	122	-13	13	4014	122	-13	13	4014	122	-13	13	4014	122	-13	13	4014	122	-13	13	4014	122	-13	13	4014	122	-13	13	4014	122	-13	13	4014	122	-13	13	4014	122	-13	13	4014	122	-13	13	4014	122	-13	13	4014	122	-13	13	4014	122	-13	13	4014	122	-13	13	4014
123	-15	15	4029	123	-15	15	4029	123	-15	15	4029	123	-15	15	4029	123	-15	15	4029	123	-15	15	4029	123	-15	15	4029	123	-15	15	4029	123	-15	15	4029	123	-15	15	4029	123	-15	15	4029	123	-15	15	4029	123	-15	15	4029	123	-15	15	4029	123	-15	15	4029	123	-15	15	4029	123	-15	15	4029	123	-15	15	4029	123	-15	15	4029
124	-227	29	4058	124	-227	29	4058	124	-227	29	4058	124	-227	29	4058	124	-227	29	4058	124	-227	29	4058	124	-227	29	4058	124	-227	29	4058	124	-227	29	4058	124	-227	29	4058	124	-227	29	4058	124	-227	29	4058	124	-227	29	4058	124	-227	29	4058	124	-227	29	4058	124	-227	29	4058	124	-227	29	4058	124	-227	29	4058	124	-227	29	4058
125	-13	13	4071	125	-13	13	4071	125	-13	13	4071	125	-13	13	4071	125	-13	13	4071	125	-13	13	4071	125	-13	13	4071	125	-13	13	4071	125	-13	13	4071	125	-13	13	4071	125	-13	13	4071	125	-13	13	4071	125	-13	13	4071	125	-13	13	4071	125	-13	13	4071	125	-13	13	4071	125	-13	13	4071	125	-13	13	4071	125	-13	13	4071
126	-116	17	4088	126	-116	17	4088	126	-116	17	4088	126	-116	17	4088	126	-116	17	4088	126	-116	17	4088	126	-116	17	4088	126	-116	17	4088	126	-116	17	4088	126	-116	17	4088	126	-116	17	4088	126	-116	17	4088	126	-116	17	4088	126	-116	17	4088	126	-116	17	4088	126	-116	17	4088	126	-116	17	4088	126	-116	17	4088	126	-116	17	4088
127	-121	22	4110	127	-121	22	4110	127	-121	22	4110	127	-121	22	4110	127	-121	22	4110	127	-121	22	4110	127	-121	22	4110	127	-121	22	4110	127	-121	22	4110	127	-121	22	4110	127	-121	22	4110	127	-121	22	4110	127	-121	22	4110	127	-121	22	4110	127	-121	22	4110	127	-121	22	4110	127	-121	22	4110	127	-121	22	4110	127	-121	22	4110
128	-13	13	4123	128	-13	13	4123	128	-13	13	4123	128	-13	13	4123	128	-13	13	4123	128	-13	13	4123	128	-13	13	4123	128	-13	13	4123	128	-13	13	4123	128	-13	13	4123	128	-13	13	4123	128	-13	13	4123	128	-13	13	4123	128	-13	13	4123	128	-13	13	4123	128	-13	13	4123	128	-13	13	4123	128	-13	13	4123	128	-13	13	4123
129	-130	31	4154	129	-130	31	4154	129	-130	31	4154	129	-130	31	4154	129	-130	31	4154	129	-130	31	4154	129	-130	31	4154	129	-130	31	4154	129	-130	31	4154	129	-130	31	4154	129	-130	31	4154	129	-130	31	4154	129	-130	31	4154	129	-130	31	4154	129	-130	31	4154	129	-130	31	4154	129	-130	31	4154	129	-130	31	4154	129	-130	31	4154
130	-13	13	4167	130	-13	13	4167	130	-13	13	4167	130	-13	13	4167	130	-13	13	4167	130	-13	13	4167	130	-13	13	4167	130	-13	13	4167	130	-13	13	4167	130	-13	13	4167	130	-13	13	4167	130	-13	13	4167	130	-13	13	4167	130	-13	13	4167	130	-13	13	4167	130	-13	13	4167	130	-13	13	4167	130	-13	13	4167	130	-13	13	4167
131	-220	22	4189	131	-220	22	4189	131	-220	22	4189	131	-220	22	4189	131	-220	22	4189	131	-220	22	4189	131	-220	22	4189	131	-220	22	4189	131	-220	22	4189	131	-220	22	4189	131	-220	22	4189	131	-220	22	4189	131	-220	22	4189	131	-220	22	4189	131	-220	22	4189	131	-220	22	4189	131	-220	22	4189	131	-220	22	4189	131	-220	22	4189
132	-120	21	4210	132	-120	21	4210	132	-120	21	4210	132	-120	21	4210	132	-120	21	4210	132	-120	21	4210	132	-120	21	4210	132	-120	21	4210	132	-120	21	4210	132	-120	21	4210	132	-120	21	4210	132	-120	21	4210	132	-120	21	4210	132	-120	21	4210	132	-120	21	4210	132	-120	21	4210	132	-120	21	4210	132	-120	21	4210	132	-120	21	4210
133	-22	22	4232	133	-22	22	4232	133	-22	22	4232	133	-22	22	4232	133	-22	22	4232	133	-22	22	4232	133	-22	22	4232	133	-22	22	4232	133	-22	22	4232	133	-22	22	4232	133	-22	22	4232	133	-22	22	4232	133	-22	22	4232	133	-22	22	4232	133	-22	22	4232	133	-22	22	4232	133	-22	22	4232	133	-22	22	4232	133	-22	22	4232
134	-17	17	4249	134	-17	17	4249	134	-17	17	4249	134	-17	17	4249	134	-17	17	4249	134	-17	17	4249	134	-17	17	4249	134	-17	17	4249	134	-17	17	4249	134	-17	17	4249	134	-17	17	4249	134	-17	17	4249	134	-17	17	4249	134	-17	17	4249	134	-17	17	4249	134	-17	17	4249	134	-17	17	4249	134	-17	17	4249	134	-17	17	4249
135	-13	13	4262	135	-13	13	4262	135	-13	13	4262	135	-13	13	4262	135	-13	13	4262	135	-13	13	4262	135	-13	13	4262	135	-13	13	4262	135	-13	13	4262	135	-13	13	4262	135	-13	13	4262	135	-13	13	4262	135	-13	13	4262	135	-13	13	4262	135	-13	13	4262	135	-13	13	4262	135	-13	13	4262	135	-13	13	4262	135	-13	13	4262
136	-117	18	4280	136	-117	18	4280	136	-117	18	4280	136	-117	18	4280	136	-117	18	4280	136	-117	18	4280	136	-117	18	4280	136	-117	18	4280	136	-117	18	4280	136	-117	18	4280	136	-117	18	4280	136	-117	18	4280	136	-117	18	4280	136	-117	18	4280	136	-117	18	4280	136	-117	18	4280	136	-117	18	4280	136	-117	18	4280	136	-117	18	4280
137	-123	24	4304	137	-123	24	4304	137	-123	24	4304	137	-123	24	4304	137	-123	24	4304	137	-123	24	4304	137	-123	24	4304	137	-123	24	4304	137	-123	24	4304	137	-123	24	4304	137	-123	24	4304	137	-123	24	4304	137	-123	24	4304	137	-123	24	4304	137	-123	24	4304	137	-123	24	4304	137	-123	24	4304	137	-123	24	4304	137	-123	24	4304
138	-15	15	4319	138	-15	15	4319	138	-15	15	4319	138	-15	15	4319	138	-15	15	4319	138	-15	15	4319	138	-15	15	4319	138	-15	15	4319	138	-15	15	4319	138	-15	15	4319	138	-15	15	4319	138	-15	15	4319	138	-15	15	4319	138	-15	15	4319	138	-15	15	4319	138	-15	15	4319	138	-15	15	4319	138	-15	15	4319	138	-15	15	4319
139	-19	19	4338	139	-19	19	4338	139	-19	19	4338	139	-19	19	4338	139	-19	19	4338	139	-19	19	4338	139	-19	19	4338	139	-19	19	4338	139	-19	19	4338	139	-19	19	4338	139	-19	19	4338	139	-19	19	4338	139	-19	19	4338	139	-19	19	4338	139	-19	19	4338	139	-19	19	4338	139	-19	19	4338	139	-19	19	4338	139	-19	19	4338
140	-125	26	4364	140	-125	26	4364	140	-125	26	4364	140	-125	26	4364	140	-125	26	4364	140	-125	26	4364	140	-125	26	4364	140	-125	26	4364	140	-125	26	4364	140	-125	26	4364	140	-125	26	4364	140	-125	26	4364	140	-125	26	4364	140	-125	26	4364	140	-125	26	4364	140	-125	26	4364	140	-125	26	4364	140	-125	26	4364	140	-125	26	4364
141	-13	13	4377	141	-13	13	4377	141	-13	13	4377	141	-13	13	4377	141	-13	13	4377	141	-13	13	4377	141	-13	13	4377	141	-13	13	4377	141	-13	13	4377	141	-13	13	4377	141	-13	13	4377	141	-13	13	4377	141	-13	13	4377	141	-13	13	4377	141	-13	13	4377	141	-13	13	4377	141	-13	13	4377	141	-13	13	4377	141	-13	13	4377
142	-13	13	4390	142	-13	13	4390	142	-13	13	4390	142	-13	13	4390	142	-13	13	4390	142	-13	13	4390	142	-13	13	4390	142	-13	13	4390	142	-13	13	4390	142	-13	13	4390	142	-13	13	4390	142	-13	13	4390	142	-13	13	4390	142	-13	13	4390	142	-13	13	4390	142	-13	13	4390	142	-13	13	4390	142	-13	13	4390	142	-13	13	4390
143	-13	13	4403	143	-13	13	4403	143	-13	13	4403	143	-13	13	4403	143	-13	13	4403	143	-13	13	4403	143	-13	13	4403	143	-13	13	4403	143	-13	13	4403	143	-13	13	4403	143	-13	13	4403	143	-13	13	4403	143	-13	13	4403	143	-13	13	4403	143	-13	13	4403	143	-13	13	4403	143	-13	13	4403	143	-13	13	4403	143	-13	13	4403
144	-13	13	4416	144	-13	13	4416	144	-13	13	4416	144	-13	13	4416	144	-13	13	4416	144	-13	13	4416	144	-13	13	4416	144	-13	13	4416	144	-13	13	4416	144	-13	13	4416	144	-13	13	4416	144	-13	13	4416	144	-13	13	4416	144	-13	13	4416	144	-13	13	4416	144	-13	13	4416	144	-13	13	4416	144	-13	13	4416	144	-13	13	4416
145	-13	13	4429	145	-13	13	4429	145	-13	13	4429	145	-13	13	4429	145	-13	13	4429	145	-13	13	4429	145	-13	13	4429	145	-13	13	4429	145	-13	13	4429	145	-13	13	4429	145	-13	13	4429	145	-13	13	4429	145	-13	13	4429	145	-13	13	4429	145	-13	13	4429	145	-13	13	4429	145	-13	13	4429	145	-13	13	4429	145	-13	13	4429
146	-13	13	4442	146	-13	13	4442	146	-13	13	4442	146	-13	13	4442	146	-13	13	4442	146	-13	13	4442	146	-13	13	4442	146	-13	13	4442	146	-13	13	4442	146	-13	13	4442	146	-13	13	4442	146	-13	13	4442	146	-13	13	4442	146	-13	13	4442	146	-13	13	4442	146	-13	13	4442	146	-13	13	4442	146	-13	13	4442	146	-13	13	4442
147	-13	13	4455	147	-13	13	4455	147	-13	13	4455	147	-13	13	4455	147	-13	13	4455	147	-13	13	4455	147	-13	13	4455	147	-13	13	4455	147	-13	13	4455	147	-13	13	4455	147	-13	13	4455	147	-13	13	4455	147	-13	13	4455	147	-13	13	4455	147	-13	13	4455	147	-13	13	4455	147	-13	13	4455	147	-13	13	4455	147	-13	13	4455
148	-15	15	4470	148	-15	15	4470	148	-15	15	4470	148	-15	15	4470	148	-15	15	4470	148	-15	15	4470	148	-15	15	4470	148	-15	15	4470	148	-15	15	4470	148	-15	15	4470	148	-15	15	4470	148	-15	15	4470	148	-15	15	4470	148	-15	15	4470	148	-15	15	4470	148	-15	15	4470	148	-15	15	4470	148	-15	15	4470	148	-15	15	4470
149	-13	13	4483	149	-13	13	4483	149	-13	13	4483	149	-13	13	4483	149	-13	13	4483	149	-13	13	4483	149	-13	13	4483	149	-13	13	4483	149	-13	13	4483	149	-13	13	4483	149	-13	13	4483	149	-13	13	4483	149	-13	13	4483	149	-13	13	4483	149	-13	13	4483	149	-13	13	4483	149	-13	13	4483	149	-13	13	4483	149	-13	13	4483
150	-14	14	4497	150	-14	14	4497	150	-14	14	4497	150	-14	14	4497	150	-14	14	4497	150	-14	14	4497	150	-14	14	4497	150	-14	14	4497	150	-14	14	4497	150	-14	14	4497	150	-14	14	4497	150	-14	14	4497	150	-14	14	4497	150	-14	14	4497	150	-14	14	4497	150	-14	14	4497	150	-14	14	4497	150	-14	14	4497	150	-14	14	4497
151	-15	15	4512	151	-15	15	4512	151	-15	15	4512	151	-15	15	4512	151	-15	15	4512	151	-15	15	4512	151	-15	15	4512	151	-15	15	4512	151	-15	15	4512	151	-15	15	4512	151	-15	15	4512	151	-15	15	4512	151	-15	15	4512	151	-15	15	4512	151	-15	15	4512	151	-15	15	4512	151	-15	15	4512	151	-15	15	4512	151	-15	15	4512
152	-13	13	4525	152	-13	13	4525	152	-13	13	4525	152	-13	13	4525	152	-13	13	4525	152	-13	13	4525	152	-13	13	4525	152	-13	13	4525	152	-13	13	4525	152	-13	13	4525	152	-13	13	4525	152	-13	13	4525	152	-13	13	4525	152	-13	13	4525	152	-13	13	4525	152	-13	13	4525	152	-13	13	4525	152	-13	13	4525	152	-13	13	4525
153	-122	23	4548	153	-122	23	4548	153	-122	23	4548	153	-122	23	4548	153	-122	23	4548	153	-122	23	4548	153	-122	23	4548	153	-122	23	4548	153	-122	23	4548	153	-122	23	4548	153	-122	23	4548	153	-122	23	4548	153	-122	23	4548	153	-122	23	4548	153	-122	23	4548	153	-122	23	4548	153	-122	23	4548	153	-122	23	4548	153	-122	23	4548
154	-122	23	4571	154	-122	23	4571	154	-122	23	4571	154	-122	23	4571	154	-122	23	4571	154	-122	23	4571	154	-122	23	4571	154	-122	23	4571	154	-122	23	4571	154	-122	23	4571	154	-122	23	4571	154	-122	23	4571	154	-122	23	4571	154	-122	23	4571	154	-122	23	4571	154	-122	23	4571	154	-122	23	4571	154	-122	23	4571	154	-122	23	4571
155	-17	17	4588	155	-17	17	4588	155	-17	17	4588	155	-17	17	4588	155	-17	17	4588	155	-17	17	4588	155	-17	17	4588	155	-17	17	4588	155	-17	17	4588	155	-17	17	4588	155	-17	17	4588	155	-17	17	4588	155	-17	17	4588	155	-17	17	4588	155	-17	17	4588	155	-17	17	4588	155	-17	17	4588	155	-17	17	4588	155	-17	17	4588
156	-13	13	4601	156	-13	13	4601	156	-13	13	4601	156	-13	13	4601	156	-13	13	4601	156	-13	13	4601	156	-13	13	4601	156	-13	13	4601	156	-13	13	4601	156	-13	13	4601	156	-13	13	4601	156	-13	13	4601	156	-13	13	4601	156	-13	13	4601	156	-13	13	4601	156	-13	13	4601	156	-13	13	4601	156	-13	13	4601	156	-13	13	4601
157	-15	15	4616	157	-15	15	4616	157	-15	15	4616	157	-15	15	4616	157	-15	15	4616	157	-15	15	4616	157	-15	15	4616	157	-15	15	4616	157	-15	15	4616	157	-15	15	4616	157	-15	15	4616	157	-15	15	4616	157	-15	15	4616	157	-15	15	4616	157	-15	15	4616	157	-15	15	4616	157	-15	15	4616	157	-15	15	4616	157	-15	15	4616
158	-117	18	4634	158	-117	18	4634	158	-117	18	4634	158	-117	18	4634	158	-117	18	4634	158	-117	18	4634	158	-117	18	4634	158	-117	18	4634	158	-117	18	4634	158	-117	18	4634	158	-117	18	4634	158	-117	18	4634	158	-117	18	4634	158	-117	18	4634	158	-117	18	4634	158	-117	18	4634	158	-117	18	4634	158	-117	18	4634	158	-117	18	4634
159	-13	13	4647	159	-13	13	4647	159	-13	13	4647	159	-13	13	4647	159	-13	13	4647	159	-13	13	4647	159	-13	13	4647	159	-13	13	4647	159	-13	13	4647	159	-13	13	4647	159	-13	13	4647	159	-13	13	4647	159	-13	13	4647	159	-13	13	4647	159	-13	13	4647	159	-13	13	4647	159	-13	13	4647	159	-13	13	4647	159	-13	13	4647
160	-318	21	4668	160	-318	21	4668	160	-318	21	4668	160	-318	21	4668	160	-318	21	4668	160	-318	21	4668	160	-318	21	4668	160	-318	21	4668	160	-318	21	4668	160	-318	21	4668	160	-318	21	4668	160	-318	21	4668	160	-318	21	4668	160	-318	21	4668	160	-318	21	4668	160	-318	21	4668	160	-318	21	4668	160	-318	21	4668	160	-318	21	4668
161	-13	13	4681	161	-13	13	4681	161	-13	13	4681	161	-13	13	4681	161	-13	13	4681	161	-13	13	4681	161	-13	13	4681	161	-13	13	4681	161	-13	13	4681	161	-13	13	4681	161	-13	13	4681	161	-13	13	4681	161	-13	13	4681	161	-13	13	4681	161	-13	13	4681	161	-13	13	4681	161	-13	13	4681	161	-13	13	4681	161	-13	13	4681
162	-115	16	4697	162	-115	16	4697	162	-115	16	4697	162	-115	16	4697	162	-115	16	4697	162	-115	16	4697	162	-115	16	4697	162	-115	16	4697	162	-115	16	4697	162	-115	16	4697	162	-115	16	4697	162	-115	16	4697	162	-115	16	4697	162	-115	16	4697	162	-115	16	4697	162	-115	16	4697	162	-115	16	4697	162	-115	16	4697	162	-115	16	4697
163	-13	13	4710	163	-13	13	4710	163	-13	13	4710	163	-13	13	4710	163	-13	13	4710	163	-13	13	4710	163	-13	13	4710	163	-13	13	4710	163	-13	13	4710	163	-13	13	4710	163	-13	13	4710	163	-13	13	4710	163	-13	13	4710	163	-13	13	4710	163	-13	13	4710	163	-13	13	4710	163	-13	13	4710	163	-13	13	4710	163	-13	13	4710
164	-13	13	4723	164	-13	13	4723	164	-13	13	4723	164	-13	13	4723	164	-13	13	4723	164	-13	13	4723	164	-13	13	4723	164	-13	13	4723	164	-13	13	4723	164	-13	13	4723	164	-13	13	4723	164	-13	13	4723	164	-13	13	4723	164	-13	13	4723	164	-13	13	4723	164	-13	13	4723	164	-13	13	4723	164	-13	13	4723	164	-13	13	4723
165	-118	19	4742	165	-118	19	4742	165	-118	19	4742	165	-118	19	4742	165	-118	19	4742	165	-118	19	4742	165	-118	19	4742	165	-118	19	4742	165	-118	19	4742	165	-118	19	4742	165	-118	19	4742	165	-118	19	4742	165	-118	19	4742	165	-118	19	4742	165	-118	19	4742	165	-118	19	4742	165	-118	19	4742	165	-118	19	4742	165	-118	19	4742
166	-13	13	4755	166	-13	13	4755	166	-13	13	4755	166	-13	13	4755	166	-13	13	4755	166	-13	13	4755	166	-13	13	4755	166	-13	13	4755	166	-13	13	4755	166	-13	13	4755	166	-13	13	4755	166	-13	13	4755	166	-13	13	4755	166	-13	13	4755	166	-13	13	4755	166	-13	13	4755	166	-13	13	4755	166	-13	13	4755	166	-13	13	4755
167	-13	13	4768	167	-13	13	4768	167	-13	13	4768	167	-13	13	4768	167	-13	13	4768	167	-13	13	4768	167	-13	13	4768	167	-13	13	4768	167	-13	13	4768	167	-13	13	4768	167	-13	13	4768	167	-13	13	4768	167	-13	13	4768	167	-13	13	4768	167	-13	13	4768	167	-13	13	4768	167	-13	13	4768	167	-13	13	4768	167	-13	13	4768
168	-13	13	4781	168	-13	13	4781	168	-13	13	4781	168	-13	13	4781	168	-13	13	4781	168	-13	13	4781	168	-13	13	4781	168	-13	13	4781	168	-13	13	4781	168	-13	13	4781	168	-13	13	4781	168	-13	13	4781	168	-13	13	4781	168	-13	13	4781	168	-13	13	4781	168	-13	13	4781	168	-13	13	4781	168	-13	13	4781	168	-13	13	4781
169	-227	29	4810	169	-227	29	4810	169	-227	29	4810	169	-227	29	4810	169	-227	29	4810	169	-227	29	4810	169	-227	29	4810	169	-227	29	4810	169	-227	29	4810	169	-227	29	4810	169	-227	29	4810	169	-227	29	4810	169	-227	29	4810	169	-227	29	4810	169	-227	29	4810	169	-227	29	4810	169	-227	29	4810	169	-227	29	4810	169	-227	29	4810
170	-117	18	4828	170	-117	18	4828	170	-117	18	4828	170	-117	18	4828	170	-117	18	4828	170	-117	18	4828	170	-117	18	4828	170	-117	18	4828	170	-117	18	4828	170	-117	18	4828	170	-117	18	4828	170	-117	18	4828	170	-117	18	4828	170	-117	18	4828	170	-117	18	4828	170	-117	18	4828	170	-117	18	4828	170	-117	18	4828	170	-117	18	4828
171	-13	13	4841	171	-13	13	4841	171	-13	13	4841	171	-13	13	4841	171	-13	13	4841	171	-13	13	4841	171	-13	13	4841	171	-13	13	4841	171	-13	13	4841	171	-13	13	4841	171	-13	13	4841	171	-13	13	4841	171	-13	13	4841	171	-13	13	4841	171	-13	13	4841	171	-13	13	4841	171	-13	13	4841	171	-13	13	4841	171	-13	13	4841
172	-14	14	4855	172	-14	14	4855	172	-14	14	4855	172	-14	14	4855	172	-14	14	4855	172	-14	14	4855	172	-14	14	4855	172	-14	14	4855	172	-14	14	4855	172	-14	14	4855	172	-14	14	4855	172	-14	14	4855	172	-14	14	4855	172	-14	14	4855	172	-14	14	4855	172	-14	14	4855	172	-14	14	4855	172	-14	14	4855	172	-14	14	4855
173	-15	15	4870	173	-15	15	4870	173	-15	15	4870	173	-15	15	4870	173	-15	15	4870	173	-15	15	4870	173	-15	15	4870	173	-15	15	4870	173	-15	15	4870	173	-15	15	4870	173	-15	15	4870	173	-15	15	4870	173	-15	15	4870	173	-15	15	4870	173	-15	15	4870	173	-15	15	4870	173	-15	15	4870	173	-15	15	4870	173	-15	15	4870
174	-15	15	4885	174	-15	15	4885	174	-15	15	4885	174	-15	15	4885	174	-15	15	4885	174	-15	15	4885	174	-15	15	4885	174	-15	15	4885	174	-15	15	4885	174	-15	15	4885	174	-15	15	4885	174	-15	15	4885	174	-15	15	4885	174	-15	15	4885	174	-15	15	4885	174	-15	15	4885	174	-15	15	4885	174	-15	15	4885	174	-15	15	4885
175	-19	19	4904	175	-19	19	4904	175	-19	19	4904	175	-19	19	4904	175	-19	19	4904	175	-19	19	4904	175	-19	19	4904	175	-19	19	4904	175	-19	19	4904	175	-19	19	4904	175	-19	19	4904	175	-19	19	4904	175	-19	19	4904	175	-19	19	4904	175	-19	19	4904	175	-19	19	4904	175	-19	19	4904	175	-19	19	4904	175	-19	19	4904
176	-13	13	4917	176	-13	13	4917	176	-13	13	4917	176	-13	13	4917	176	-13	13	4917	176	-13	13	4917	176	-13	13	4917	176	-13	13	4917	176	-13	13	4917	176	-13	13	4917	176	-13	13	4917	176	-13	13	4917	176	-13	13	4917	176	-13	13	4917	176	-13	13	4917	176	-13	13	4917	176	-13	13	4917	176	-13	13	4917	176	-13	13	4917
177	-13	13	4930	177	-13	13	4930	177	-13	13	4930	177	-13	13	4930	177	-13	13	4930	177	-13	13	4930	177	-13	13	4930	177	-13	13	4930	177	-13	13	4930	177	-13	13	4930	177	-13	13	4930	177	-13	13	4930	177	-13	13	4930	177	-13	13	4930	177	-13	13	4930	177	-13	13	4930	177	-13	13	4930	177	-13	13	4930	177	-13	13	4930
178	-236	38	4968	178	-236	38	4968	178	-236	38	4968	178	-236	38	4968	178	-236	38	4968	178	-236	38	4968	178	-236	38	4968	178	-236	38	4968	178	-236	38	4968	178	-236	38	4968	178	-236	38	4968	178	-236	38	4968	178	-236	38	4968	178	-236	38	4968	178	-236	38	4968	178	-236	38	4968	178	-236	38	4968	178	-236	38	4968	178	-236	38	4968
179	-13	13	4981	179	-13	13	4981	179	-13	13	4981	179	-13	13	4981	179	-13	13	4981	179	-13	13	4981	179	-13	13	4981	179	-13	13	4981	179	-13	13	4981	179	-13	13	4981	179	-13	13	4981	179	-13	13	4981	179	-13	13	4981	179	-13	13	4981	179	-13	13	4981	179	-13	13	4981	179	-13	13	4981	179	-13	13	4981	179	-13	13	4981
180	-17	17	4998	180	-17	17	4998	180	-17	17	4998	180	-17	17	4998	180	-17	17	4998	180	-17	17	4998	180	-17	17	4998	180	-17	17	4998	180	-17	17	4998	180	-17	17	4998	180	-17	17	4998	180	-17	17	4998	180	-17	17	4998	180	-17	17	4998	180	-17	17	4998	180	-17	17	4998	180	-17	17	4998	180	-17	17	4998	180	-17	17	4998
181	-13	13	5011	181	-13	13	5011	181	-13	13	5011	181	-13	13	5011	181	-13	13	5011	181	-13	13	5011	181	-13	13	5011	181	-13	13	5011	181	-13	13	5011	181	-13	13	5011	181	-13	13	5011	181	-13	13	5011	181	-13	13	5011	181	-13	13	5011	181	-13	13	5011	181	-13	13	5011	181	-13	13	5011	181	-13	13	5011	181	-13	13	5011
182	-115	16	5027	182	-115	16	5027	182	-115	16	5027	182	-115	16	5027	182	-115	16	5027	182	-115	16	5027	182	-115	16	5027	182	-115	16	5027	182	-115	16	5027	182	-115	16	5027	182	-115	16	5027	182	-115	16	5027	182	-115	16	5027	182	-115	16	5027	182	-115	16	5027	182	-115	16	5027	182	-115	16	5027	182	-115	16	5027	182	-115	16	5027
183	-13	13	5040	183	-13	13	5040	183	-13	13	5040	183	-13	13	5040	183	-13	13	5040	183	-13	13	5040	183	-13	13	5040	183	-13	13	5040	183	-13	13	5040	183	-13	13	5040	183	-13	13	5040	183	-13	13	5040	183	-13	13	5040	183	-13	13	5040	183	-13	13	5040	183	-13	13	5040	183	-13	13	5040	183	-13	13	5040	183	-13	13	5040
184	-15	15	5055	184	-15	15	5055	184	-15	15	5055	184	-15	15	5055	184	-15	15	5055	184	-15	15	5055	184	-15	15	5055	184	-15	15	5055	184	-15	15	5055	184	-15	15	5055	184	-15	15	5055	184	-15	15	5055	184	-15	15	5055	184	-15	15	5055	184	-15	15	5055	184	-15	15	5055	184	-15	15	5055	184	-15	15	5055	184	-15	15	5055
185	-18	18	5073	185	-18	18	5073	185	-18	18	5073	185	-18	18	5073	185	-18	18	5073	185	-18	18	5073	185	-18	18	5073	185	-18	18	5073	185	-18	18	5073	185	-18	18	5073	185	-18	18	5073	185	-18	18	5073	185	-18	18	5073	185	-18	18	5073	185	-18	18	5073	185	-18	18	5073	185	-18	18	5073	185	-18	18	5073	185	-18	18	5073
186	-13	13	5086	186	-13	13	5086	186	-13	13	5086	186	-13	13	5086	186	-13	13	5086	186	-13	13	5086	186	-13	13	5086	186	-13	13	5086	186	-13	13	5086	186	-13	13	5086	186	-13	13	5086	186	-13	13	5086	186	-13	13	5086	186	-13	13	5086	186	-13	13	5086	186	-13	13	5086	186	-13	13	5086	186	-13	13	5086	186	-13	13	5086
187	-17	17	5103	187	-17	17	5103	187	-17	17	5103	187	-17	17	5103	187	-17	17	5103	187	-17	17	5103	187	-17	17	5103	187	-17	17	5103	187	-17	17	5103	187	-17	17	5103	187	-17	17	5103	187	-17	17	5103	187	-17	17	5103	187	-17	17	5103	187	-17	17	5103	187	-17	17	5103	187	-17	17	5103	187	-17	17	5103	187	-17	17	5103
188	-17	17	5120	188	-17	17	5120	188	-17	17	5120	188	-17	17	5120	188	-17	17	5120	188	-17	17	5120	188	-17	17	5120	188	-17	17	5120	188	-17	17	5120	188	-17	17	5120	188	-17	17	5120	188	-17	17	5120	188	-17	17	5120	188	-17	17	5120	188	-17	17	5120	188	-17	17	5120	188	-17	17	5120	188	-17	17	5120	188	-17	17	5120
189	-15	15	5135	189	-15	15	5135	189	-15	15	5135	189	-15	15	5135	189	-15	15	5135	189	-15	15	5135	189	-15	15	5135	189	-15	15	5135	189	-15	15	5135	189	-15	15	5135	189	-15	15	5135	189	-15	15	5135	189	-15	15	5135	189	-15	15	5135	189	-15	15	5135	189	-15	15	5135	189	-15	15	5135	189	-15	15	5135	189	-15	15	5135
190	-122	23	5158	190	-122	23	5158	190	-122	23	5158	190	-122	23	5158	190	-122	23	5158	190	-122	23	5158	190	-122	23	5158	190	-122	23	5158	190	-122	23	5158	190	-122	23	5158	190	-122	23	5158	190	-122	23	5158	190	-122	23	5158	190	-122	23	5158	190	-122	23	5158	190	-122	23	5158	190	-122	23	5158	190	-122	23	5158	190	-122	23	5158
191	-15	15	5173	191	-15	15	5173	191	-15	15	5173	191	-15	15	5173	191	-15	15	5173	191	-15	15	5173	191	-15	15	5173	191	-15	15	5173	191	-15	15	5173	191	-15	15	5173	191	-15	15	5173	191	-15	15	5173	191	-15	15	5173	191	-15	15	5173	191	-15	15	5173	191	-15	15	5173	191	-15	15	5173	191	-15	15	5173	191	-15	15	5173
192	-14	14	5187	192	-14	14	5187	192	-14	14	5187	192	-14	14	5187	192	-14	14	5187	192	-14	14	5187	192	-14	14	5187	192	-14	14	5187	192	-14	14	5187	192	-14	14	5187	192	-14	14	5187	192	-14	14	5187	192	-14	14	5187	192	-14	14	5187	192	-14	14	5187	192	-14	14	5187	192	-14	14	5187	192	-14	14	5187	192	-14	14	5187
193	-122	23	5210	193	-122	23	5210	193	-122	23	5210	193	-122	23	5210	193	-122	23	5210	193	-122	23	5210	193	-122	23	5210	193	-122	23	5210	193	-122	23	5210	193	-122	23	5210	193	-122	23	5210	193	-122	23	5210	193	-122	23	5210	193	-122	23	5210	193	-122	23	5210	193	-122	23	5210	193	-122	23	5210	193	-122	23	5210	193	-122	23	5210
194	-118	19	5229	194	-118	19	5229	194	-118	19	5229	194	-118	19	5229	194	-118	19	5229	194	-118	19	5229	194	-118	19	5229	194	-118	19	5229	194	-118	19	5229	194	-118	19	5229	194	-118	19	5229	194	-118	19	5229	194	-118	19	5229	194	-118	19	5229	194	-118	19	5229	194	-118	19	5229	194	-118	19	5229	194	-118	19	5229	194	-118	19	5229
195	-13	13	5242	195	-13	13	5242	195	-13	13	5242	195	-13	13	5242	195	-13	13	5242	195	-13	13	5242	195	-13	13	5242	195	-13	13	5242	195	-13	13	5242	195	-13	13	5242	195	-13	13	5242	195	-13	13	5242	195	-13	13	5242	195	-13	13	5242	195	-13	13	5242	195	-13	13	5242	195	-13	13	5242	195	-13	13	5242	195	-13	13	5242
196	-116	17	5259	196	-116	17	5259	196	-116	17	5259	196	-116	17	5259	196	-116	17	5259	196	-116	17	5259	196	-116	17	5259	196	-116	17	5259	196	-116	17	5259	196	-116	17	5259	196	-116	17	5259	196	-116	17	5259	196	-116	17	5259	196	-116	17	5259	196	-116	17	5259	196	-116	17	5259	196	-116	17	5259	196	-116	17	5259	196	-116	17	5259
197	-13	13	5272	197	-13	13	5272	197	-13	13	5272	197	-13	13	5272	197	-13	13	5272	197	-13	13	5272	197	-13	13	5272	197	-13	13	5272	197	-13	13	5272	197	-13	13	5272	197	-13	13	5272	197	-13	13	5272	197	-13	13	5272	197	-13	13	5272	197	-13	13	5272	197	-13	13	5272	197	-13	13	5272	197	-13	13	5272	197	-13	13	5272
198	-17	17	5289	198	-17	17	5289	198	-17	17	5289	198	-17	17	5289	198	-17	17	5289	198	-17	17	5289	198	-17	17	5289	198	-17	17	5289	198	-17	17	5289	198	-17	17	5289	198	-17	17	5289	198	-17	17	5289	198	-17	17	5289	198	-17	17	5289	198	-17	17	5289	198	-17	17	5289	198	-17	17	5289	198	-17	17	5289	198	-17	17	5289
199	-13	13	5302	199	-13	13	5302	199	-13	13	5302	199	-13	13	5302	199	-13	13	5302	199	-13	13	5302	199	-13	13	5302	199	-13	13	5302	199	-13	13	5302	199	-13	13	5302	199	-13	13	5302	199	-13	13	5302	199	-13	13	5302	199	-13	13	5302	199	-13	13	5302	199	-13	13	5302	199	-13	13	5302	199	-13	13	5302	199	-13	13	5302
