Episode	Accumulated Reward	Length	Steps	Episode	Accumulated Reward	Length	Steps	Episode	Accumulated Reward	Length	Steps	Episode	Accumulated Reward	Length	Steps	Episode	Accumulated Reward	Length	Steps	Episode	Accumulated Reward	Length	Steps	Episode	Accumulated Reward	Length	Steps	Episode	Accumulated Reward	Length	Steps	Episode	Accumulated Reward	Length	Steps	Episode	Accumulated Reward	Length	Steps	Episode	Accumulated Reward	Length	Steps	Episode	Accumulated Reward	Length	Steps	Episode	Accumulated Reward	Length	Steps	Episode	Accumulated Reward	Length	Steps	Episode	Accumulated Reward	Length	Steps	Episode	Accumulated Reward	Length	Steps
0	-500.0	500	500	0	-500.0	500	500	0	-500.0	500	500	0	-500.0	500	500	0	-500.0	500	500	0	-500.0	500	500	0	-500.0	500	500	0	-500.0	500	500	0	-500.0	500	500	0	-500.0	500	500	0	-500.0	500	500	0	-500.0	500	500	0	-500.0	500	500	0	-500.0	500	500	0	-500.0	500	500	0	-500.0	500	500
1	-500.0	500	1000	1	-500.0	500	1000	1	-500.0	500	1000	1	-500.0	500	1000	1	-500.0	500	1000	1	-500.0	500	1000	1	-500.0	500	1000	1	-500.0	500	1000	1	-500.0	500	1000	1	-500.0	500	1000	1	-500.0	500	1000	1	-500.0	500	1000	1	-500.0	500	1000	1	-500.0	500	1000	1	-500.0	500	1000	1	-500.0	500	1000
2	-455.0	455	1455	2	-455.0	455	1455	2	-455.0	455	1455	2	-455.0	455	1455	2	-455.0	455	1455	2	-455.0	455	1455	2	-455.0	455	1455	2	-455.0	455	1455	2	-455.0	455	1455	2	-455.0	455	1455	2	-455.0	455	1455	2	-455.0	455	1455	2	-455.0	455	1455	2	-455.0	455	1455	2	-455.0	455	1455	2	-455.0	455	1455
3	-500.0	500	1955	3	-500.0	500	1955	3	-500.0	500	1955	3	-500.0	500	1955	3	-500.0	500	1955	3	-500.0	500	1955	3	-500.0	500	1955	3	-500.0	500	1955	3	-500.0	500	1955	3	-500.0	500	1955	3	-500.0	500	1955	3	-500.0	500	1955	3	-500.0	500	1955	3	-500.0	500	1955	3	-500.0	500	1955	3	-500.0	500	1955
4	-457.0	457	2412	4	-457.0	457	2412	4	-457.0	457	2412	4	-457.0	457	2412	4	-457.0	457	2412	4	-457.0	457	2412	4	-457.0	457	2412	4	-457.0	457	2412	4	-457.0	457	2412	4	-457.0	457	2412	4	-457.0	457	2412	4	-457.0	457	2412	4	-457.0	457	2412	4	-457.0	457	2412	4	-457.0	457	2412	4	-457.0	457	2412
5	-330.0	330	2742	5	-330.0	330	2742	5	-330.0	330	2742	5	-330.0	330	2742	5	-330.0	330	2742	5	-330.0	330	2742	5	-330.0	330	2742	5	-330.0	330	2742	5	-330.0	330	2742	5	-330.0	330	2742	5	-330.0	330	2742	5	-330.0	330	2742	5	-330.0	330	2742	5	-330.0	330	2742	5	-330.0	330	2742	5	-330.0	330	2742
6	-312.0	312	3054	6	-312.0	312	3054	6	-312.0	312	3054	6	-312.0	312	3054	6	-312.0	312	3054	6	-312.0	312	3054	6	-312.0	312	3054	6	-312.0	312	3054	6	-312.0	312	3054	6	-312.0	312	3054	6	-312.0	312	3054	6	-312.0	312	3054	6	-312.0	312	3054	6	-312.0	312	3054	6	-312.0	312	3054	6	-312.0	312	3054
7	-500.0	500	3554	7	-500.0	500	3554	7	-500.0	500	3554	7	-500.0	500	3554	7	-500.0	500	3554	7	-500.0	500	3554	7	-500.0	500	3554	7	-500.0	500	3554	7	-500.0	500	3554	7	-500.0	500	3554	7	-500.0	500	3554	7	-500.0	500	3554	7	-500.0	500	3554	7	-500.0	500	3554	7	-500.0	500	3554	7	-500.0	500	3554
8	-402.0	402	3956	8	-402.0	402	3956	8	-402.0	402	3956	8	-402.0	402	3956	8	-402.0	402	3956	8	-402.0	402	3956	8	-402.0	402	3956	8	-402.0	402	3956	8	-402.0	402	3956	8	-402.0	402	3956	8	-402.0	402	3956	8	-402.0	402	3956	8	-402.0	402	3956	8	-402.0	402	3956	8	-402.0	402	3956	8	-402.0	402	3956
9	-237.0	237	4193	9	-237.0	237	4193	9	-237.0	237	4193	9	-237.0	237	4193	9	-237.0	237	4193	9	-237.0	237	4193	9	-237.0	237	4193	9	-237.0	237	4193	9	-237.0	237	4193	9	-237.0	237	4193	9	-237.0	237	4193	9	-237.0	237	4193	9	-237.0	237	4193	9	-237.0	237	4193	9	-237.0	237	4193	9	-237.0	237	4193
10	-206.0	206	4399	10	-206.0	206	4399	10	-206.0	206	4399	10	-206.0	206	4399	10	-206.0	206	4399	10	-206.0	206	4399	10	-206.0	206	4399	10	-206.0	206	4399	10	-206.0	206	4399	10	-206.0	206	4399	10	-206.0	206	4399	10	-206.0	206	4399	10	-206.0	206	4399	10	-206.0	206	4399	10	-206.0	206	4399	10	-206.0	206	4399
11	-236.0	236	4635	11	-236.0	236	4635	11	-236.0	236	4635	11	-236.0	236	4635	11	-236.0	236	4635	11	-236.0	236	4635	11	-236.0	236	4635	11	-236.0	236	4635	11	-236.0	236	4635	11	-236.0	236	4635	11	-236.0	236	4635	11	-236.0	236	4635	11	-236.0	236	4635	11	-236.0	236	4635	11	-236.0	236	4635	11	-236.0	236	4635
12	-193.0	193	4828	12	-193.0	193	4828	12	-193.0	193	4828	12	-193.0	193	4828	12	-193.0	193	4828	12	-193.0	193	4828	12	-193.0	193	4828	12	-193.0	193	4828	12	-193.0	193	4828	12	-193.0	193	4828	12	-193.0	193	4828	12	-193.0	193	4828	12	-193.0	193	4828	12	-193.0	193	4828	12	-193.0	193	4828	12	-193.0	193	4828
13	-151.0	151	4979	13	-151.0	151	4979	13	-151.0	151	4979	13	-151.0	151	4979	13	-151.0	151	4979	13	-151.0	151	4979	13	-151.0	151	4979	13	-151.0	151	4979	13	-151.0	151	4979	13	-151.0	151	4979	13	-151.0	151	4979	13	-151.0	151	4979	13	-151.0	151	4979	13	-151.0	151	4979	13	-151.0	151	4979	13	-151.0	151	4979
14	-233.0	233	5212	14	-233.0	233	5212	14	-233.0	233	5212	14	-233.0	233	5212	14	-233.0	233	5212	14	-233.0	233	5212	14	-233.0	233	5212	14	-233.0	233	5212	14	-233.0	233	5212	14	-233.0	233	5212	14	-233.0	233	5212	14	-233.0	233	5212	14	-233.0	233	5212	14	-233.0	233	5212	14	-233.0	233	5212	14	-233.0	233	5212
15	-219.0	219	5431	15	-219.0	219	5431	15	-219.0	219	5431	15	-219.0	219	5431	15	-219.0	219	5431	15	-219.0	219	5431	15	-219.0	219	5431	15	-219.0	219	5431	15	-219.0	219	5431	15	-219.0	219	5431	15	-219.0	219	5431	15	-219.0	219	5431	15	-219.0	219	5431	15	-219.0	219	5431	15	-219.0	219	5431	15	-219.0	219	5431
16	-189.0	189	5620	16	-189.0	189	5620	16	-189.0	189	5620	16	-189.0	189	5620	16	-189.0	189	5620	16	-189.0	189	5620	16	-189.0	189	5620	16	-189.0	189	5620	16	-189.0	189	5620	16	-189.0	189	5620	16	-189.0	189	5620	16	-189.0	189	5620	16	-189.0	189	5620	16	-189.0	189	5620	16	-189.0	189	5620	16	-189.0	189	5620
17	-216.0	216	5836	17	-216.0	216	5836	17	-216.0	216	5836	17	-216.0	216	5836	17	-216.0	216	5836	17	-216.0	216	5836	17	-216.0	216	5836	17	-216.0	216	5836	17	-216.0	216	5836	17	-216.0	216	5836	17	-216.0	216	5836	17	-216.0	216	5836	17	-216.0	216	5836	17	-216.0	216	5836	17	-216.0	216	5836	17	-216.0	216	5836
18	-157.0	157	5993	18	-157.0	157	5993	18	-157.0	157	5993	18	-157.0	157	5993	18	-157.0	157	5993	18	-157.0	157	5993	18	-157.0	157	5993	18	-157.0	157	5993	18	-157.0	157	5993	18	-157.0	157	5993	18	-157.0	157	5993	18	-157.0	157	5993	18	-157.0	157	5993	18	-157.0	157	5993	18	-157.0	157	5993	18	-157.0	157	5993
19	-199.0	199	6192	19	-199.0	199	6192	19	-199.0	199	6192	19	-199.0	199	6192	19	-199.0	199	6192	19	-199.0	199	6192	19	-199.0	199	6192	19	-199.0	199	6192	19	-199.0	199	6192	19	-199.0	199	6192	19	-199.0	199	6192	19	-199.0	199	6192	19	-199.0	199	6192	19	-199.0	199	6192	19	-199.0	199	6192	19	-199.0	199	6192
20	-200.0	200	6392	20	-200.0	200	6392	20	-200.0	200	6392	20	-200.0	200	6392	20	-200.0	200	6392	20	-200.0	200	6392	20	-200.0	200	6392	20	-200.0	200	6392	20	-200.0	200	6392	20	-200.0	200	6392	20	-200.0	200	6392	20	-200.0	200	6392	20	-200.0	200	6392	20	-200.0	200	6392	20	-200.0	200	6392	20	-200.0	200	6392
21	-195.0	195	6587	21	-195.0	195	6587	21	-195.0	195	6587	21	-195.0	195	6587	21	-195.0	195	6587	21	-195.0	195	6587	21	-195.0	195	6587	21	-195.0	195	6587	21	-195.0	195	6587	21	-195.0	195	6587	21	-195.0	195	6587	21	-195.0	195	6587	21	-195.0	195	6587	21	-195.0	195	6587	21	-195.0	195	6587	21	-195.0	195	6587
22	-157.0	157	6744	22	-157.0	157	6744	22	-157.0	157	6744	22	-157.0	157	6744	22	-157.0	157	6744	22	-157.0	157	6744	22	-157.0	157	6744	22	-157.0	157	6744	22	-157.0	157	6744	22	-157.0	157	6744	22	-157.0	157	6744	22	-157.0	157	6744	22	-157.0	157	6744	22	-157.0	157	6744	22	-157.0	157	6744	22	-157.0	157	6744
23	-180.0	180	6924	23	-180.0	180	6924	23	-180.0	180	6924	23	-180.0	180	6924	23	-180.0	180	6924	23	-180.0	180	6924	23	-180.0	180	6924	23	-180.0	180	6924	23	-180.0	180	6924	23	-180.0	180	6924	23	-180.0	180	6924	23	-180.0	180	6924	23	-180.0	180	6924	23	-180.0	180	6924	23	-180.0	180	6924	23	-180.0	180	6924
24	-217.0	217	7141	24	-217.0	217	7141	24	-217.0	217	7141	24	-217.0	217	7141	24	-217.0	217	7141	24	-217.0	217	7141	24	-217.0	217	7141	24	-217.0	217	7141	24	-217.0	217	7141	24	-217.0	217	7141	24	-217.0	217	7141	24	-217.0	217	7141	24	-217.0	217	7141	24	-217.0	217	7141	24	-217.0	217	7141	24	-217.0	217	7141
25	-148.0	148	7289	25	-148.0	148	7289	25	-148.0	148	7289	25	-148.0	148	7289	25	-148.0	148	7289	25	-148.0	148	7289	25	-148.0	148	7289	25	-148.0	148	7289	25	-148.0	148	7289	25	-148.0	148	7289	25	-148.0	148	7289	25	-148.0	148	7289	25	-148.0	148	7289	25	-148.0	148	7289	25	-148.0	148	7289	25	-148.0	148	7289
26	-229.0	229	7518	26	-229.0	229	7518	26	-229.0	229	7518	26	-229.0	229	7518	26	-229.0	229	7518	26	-229.0	229	7518	26	-229.0	229	7518	26	-229.0	229	7518	26	-229.0	229	7518	26	-229.0	229	7518	26	-229.0	229	7518	26	-229.0	229	7518	26	-229.0	229	7518	26	-229.0	229	7518	26	-229.0	229	7518	26	-229.0	229	7518
27	-186.0	186	7704	27	-186.0	186	7704	27	-186.0	186	7704	27	-186.0	186	7704	27	-186.0	186	7704	27	-186.0	186	7704	27	-186.0	186	7704	27	-186.0	186	7704	27	-186.0	186	7704	27	-186.0	186	7704	27	-186.0	186	7704	27	-186.0	186	7704	27	-186.0	186	7704	27	-186.0	186	7704	27	-186.0	186	7704	27	-186.0	186	7704
28	-117.0	117	7821	28	-117.0	117	7821	28	-117.0	117	7821	28	-117.0	117	7821	28	-117.0	117	7821	28	-117.0	117	7821	28	-117.0	117	7821	28	-117.0	117	7821	28	-117.0	117	7821	28	-117.0	117	7821	28	-117.0	117	7821	28	-117.0	117	7821	28	-117.0	117	7821	28	-117.0	117	7821	28	-117.0	117	7821	28	-117.0	117	7821
29	-184.0	184	8005	29	-184.0	184	8005	29	-184.0	184	8005	29	-184.0	184	8005	29	-184.0	184	8005	29	-184.0	184	8005	29	-184.0	184	8005	29	-184.0	184	8005	29	-184.0	184	8005	29	-184.0	184	8005	29	-184.0	184	8005	29	-184.0	184	8005	29	-184.0	184	8005	29	-184.0	184	8005	29	-184.0	184	8005	29	-184.0	184	8005
30	-182.0	182	8187	30	-182.0	182	8187	30	-182.0	182	8187	30	-182.0	182	8187	30	-182.0	182	8187	30	-182.0	182	8187	30	-182.0	182	8187	30	-182.0	182	8187	30	-182.0	182	8187	30	-182.0	182	8187	30	-182.0	182	8187	30	-182.0	182	8187	30	-182.0	182	8187	30	-182.0	182	8187	30	-182.0	182	8187	30	-182.0	182	8187
31	-180.0	180	8367	31	-180.0	180	8367	31	-180.0	180	8367	31	-180.0	180	8367	31	-180.0	180	8367	31	-180.0	180	8367	31	-180.0	180	8367	31	-180.0	180	8367	31	-180.0	180	8367	31	-180.0	180	8367	31	-180.0	180	8367	31	-180.0	180	8367	31	-180.0	180	8367	31	-180.0	180	8367	31	-180.0	180	8367	31	-180.0	180	8367
32	-179.0	179	8546	32	-179.0	179	8546	32	-179.0	179	8546	32	-179.0	179	8546	32	-179.0	179	8546	32	-179.0	179	8546	32	-179.0	179	8546	32	-179.0	179	8546	32	-179.0	179	8546	32	-179.0	179	8546	32	-179.0	179	8546	32	-179.0	179	8546	32	-179.0	179	8546	32	-179.0	179	8546	32	-179.0	179	8546	32	-179.0	179	8546
33	-151.0	151	8697	33	-151.0	151	8697	33	-151.0	151	8697	33	-151.0	151	8697	33	-151.0	151	8697	33	-151.0	151	8697	33	-151.0	151	8697	33	-151.0	151	8697	33	-151.0	151	8697	33	-151.0	151	8697	33	-151.0	151	8697	33	-151.0	151	8697	33	-151.0	151	8697	33	-151.0	151	8697	33	-151.0	151	8697	33	-151.0	151	8697
34	-217.0	217	8914	34	-217.0	217	8914	34	-217.0	217	8914	34	-217.0	217	8914	34	-217.0	217	8914	34	-217.0	217	8914	34	-217.0	217	8914	34	-217.0	217	8914	34	-217.0	217	8914	34	-217.0	217	8914	34	-217.0	217	8914	34	-217.0	217	8914	34	-217.0	217	8914	34	-217.0	217	8914	34	-217.0	217	8914	34	-217.0	217	8914
35	-150.0	150	9064	35	-150.0	150	9064	35	-150.0	150	9064	35	-150.0	150	9064	35	-150.0	150	9064	35	-150.0	150	9064	35	-150.0	150	9064	35	-150.0	150	9064	35	-150.0	150	9064	35	-150.0	150	9064	35	-150.0	150	9064	35	-150.0	150	9064	35	-150.0	150	9064	35	-150.0	150	9064	35	-150.0	150	9064	35	-150.0	150	9064
36	-146.0	146	9210	36	-146.0	146	9210	36	-146.0	146	9210	36	-146.0	146	9210	36	-146.0	146	9210	36	-146.0	146	9210	36	-146.0	146	9210	36	-146.0	146	9210	36	-146.0	146	9210	36	-146.0	146	9210	36	-146.0	146	9210	36	-146.0	146	9210	36	-146.0	146	9210	36	-146.0	146	9210	36	-146.0	146	9210	36	-146.0	146	9210
37	-121.0	121	9331	37	-121.0	121	9331	37	-121.0	121	9331	37	-121.0	121	9331	37	-121.0	121	9331	37	-121.0	121	9331	37	-121.0	121	9331	37	-121.0	121	9331	37	-121.0	121	9331	37	-121.0	121	9331	37	-121.0	121	9331	37	-121.0	121	9331	37	-121.0	121	9331	37	-121.0	121	9331	37	-121.0	121	9331	37	-121.0	121	9331
38	-142.0	142	9473	38	-142.0	142	9473	38	-142.0	142	9473	38	-142.0	142	9473	38	-142.0	142	9473	38	-142.0	142	9473	38	-142.0	142	9473	38	-142.0	142	9473	38	-142.0	142	9473	38	-142.0	142	9473	38	-142.0	142	9473	38	-142.0	142	9473	38	-142.0	142	9473	38	-142.0	142	9473	38	-142.0	142	9473	38	-142.0	142	9473
39	-148.0	148	9621	39	-148.0	148	9621	39	-148.0	148	9621	39	-148.0	148	9621	39	-148.0	148	9621	39	-148.0	148	9621	39	-148.0	148	9621	39	-148.0	148	9621	39	-148.0	148	9621	39	-148.0	148	9621	39	-148.0	148	9621	39	-148.0	148	9621	39	-148.0	148	9621	39	-148.0	148	9621	39	-148.0	148	9621	39	-148.0	148	9621
40	-111.0	111	9732	40	-111.0	111	9732	40	-111.0	111	9732	40	-111.0	111	9732	40	-111.0	111	9732	40	-111.0	111	9732	40	-111.0	111	9732	40	-111.0	111	9732	40	-111.0	111	9732	40	-111.0	111	9732	40	-111.0	111	9732	40	-111.0	111	9732	40	-111.0	111	9732	40	-111.0	111	9732	40	-111.0	111	9732	40	-111.0	111	9732
41	-148.0	148	9880	41	-148.0	148	9880	41	-148.0	148	9880	41	-148.0	148	9880	41	-148.0	148	9880	41	-148.0	148	9880	41	-148.0	148	9880	41	-148.0	148	9880	41	-148.0	148	9880	41	-148.0	148	9880	41	-148.0	148	9880	41	-148.0	148	9880	41	-148.0	148	9880	41	-148.0	148	9880	41	-148.0	148	9880	41	-148.0	148	9880
42	-154.0	154	10034	42	-154.0	154	10034	42	-154.0	154	10034	42	-154.0	154	10034	42	-154.0	154	10034	42	-154.0	154	10034	42	-154.0	154	10034	42	-154.0	154	10034	42	-154.0	154	10034	42	-154.0	154	10034	42	-154.0	154	10034	42	-154.0	154	10034	42	-154.0	154	10034	42	-154.0	154	10034	42	-154.0	154	10034	42	-154.0	154	10034
43	-112.0	112	10146	43	-112.0	112	10146	43	-112.0	112	10146	43	-112.0	112	10146	43	-112.0	112	10146	43	-112.0	112	10146	43	-112.0	112	10146	43	-112.0	112	10146	43	-112.0	112	10146	43	-112.0	112	10146	43	-112.0	112	10146	43	-112.0	112	10146	43	-112.0	112	10146	43	-112.0	112	10146	43	-112.0	112	10146	43	-112.0	112	10146
44	-140.0	140	10286	44	-140.0	140	10286	44	-140.0	140	10286	44	-140.0	140	10286	44	-140.0	140	10286	44	-140.0	140	10286	44	-140.0	140	10286	44	-140.0	140	10286	44	-140.0	140	10286	44	-140.0	140	10286	44	-140.0	140	10286	44	-140.0	140	10286	44	-140.0	140	10286	44	-140.0	140	10286	44	-140.0	140	10286	44	-140.0	140	10286
45	-227.0	227	10513	45	-227.0	227	10513	45	-227.0	227	10513	45	-227.0	227	10513	45	-227.0	227	10513	45	-227.0	227	10513	45	-227.0	227	10513	45	-227.0	227	10513	45	-227.0	227	10513	45	-227.0	227	10513	45	-227.0	227	10513	45	-227.0	227	10513	45	-227.0	227	10513	45	-227.0	227	10513	45	-227.0	227	10513	45	-227.0	227	10513
46	-113.0	113	10626	46	-113.0	113	10626	46	-113.0	113	10626	46	-113.0	113	10626	46	-113.0	113	10626	46	-113.0	113	10626	46	-113.0	113	10626	46	-113.0	113	10626	46	-113.0	113	10626	46	-113.0	113	10626	46	-113.0	113	10626	46	-113.0	113	10626	46	-113.0	113	10626	46	-113.0	113	10626	46	-113.0	113	10626	46	-113.0	113	10626
47	-116.0	116	10742	47	-116.0	116	10742	47	-116.0	116	10742	47	-116.0	116	10742	47	-116.0	116	10742	47	-116.0	116	10742	47	-116.0	116	10742	47	-116.0	116	10742	47	-116.0	116	10742	47	-116.0	116	10742	47	-116.0	116	10742	47	-116.0	116	10742	47	-116.0	116	10742	47	-116.0	116	10742	47	-116.0	116	10742	47	-116.0	116	10742
48	-115.0	115	10857	48	-115.0	115	10857	48	-115.0	115	10857	48	-115.0	115	10857	48	-115.0	115	10857	48	-115.0	115	10857	48	-115.0	115	10857	48	-115.0	115	10857	48	-115.0	115	10857	48	-115.0	115	10857	48	-115.0	115	10857	48	-115.0	115	10857	48	-115.0	115	10857	48	-115.0	115	10857	48	-115.0	115	10857	48	-115.0	115	10857
49	-115.0	115	10972	49	-115.0	115	10972	49	-115.0	115	10972	49	-115.0	115	10972	49	-115.0	115	10972	49	-115.0	115	10972	49	-115.0	115	10972	49	-115.0	115	10972	49	-115.0	115	10972	49	-115.0	115	10972	49	-115.0	115	10972	49	-115.0	115	10972	49	-115.0	115	10972	49	-115.0	115	10972	49	-115.0	115	10972	49	-115.0	115	10972
50	-197.0	197	11169	50	-197.0	197	11169	50	-197.0	197	11169	50	-197.0	197	11169	50	-197.0	197	11169	50	-197.0	197	11169	50	-197.0	197	11169	50	-197.0	197	11169	50	-197.0	197	11169	50	-197.0	197	11169	50	-197.0	197	11169	50	-197.0	197	11169	50	-197.0	197	11169	50	-197.0	197	11169	50	-197.0	197	11169	50	-197.0	197	11169
51	-152.0	152	11321	51	-152.0	152	11321	51	-152.0	152	11321	51	-152.0	152	11321	51	-152.0	152	11321	51	-152.0	152	11321	51	-152.0	152	11321	51	-152.0	152	11321	51	-152.0	152	11321	51	-152.0	152	11321	51	-152.0	152	11321	51	-152.0	152	11321	51	-152.0	152	11321	51	-152.0	152	11321	51	-152.0	152	11321	51	-152.0	152	11321
52	-119.0	119	11440	52	-119.0	119	11440	52	-119.0	119	11440	52	-119.0	119	11440	52	-119.0	119	11440	52	-119.0	119	11440	52	-119.0	119	11440	52	-119.0	119	11440	52	-119.0	119	11440	52	-119.0	119	11440	52	-119.0	119	11440	52	-119.0	119	11440	52	-119.0	119	11440	52	-119.0	119	11440	52	-119.0	119	11440	52	-119.0	119	11440
53	-152.0	152	11592	53	-152.0	152	11592	53	-152.0	152	11592	53	-152.0	152	11592	53	-152.0	152	11592	53	-152.0	152	11592	53	-152.0	152	11592	53	-152.0	152	11592	53	-152.0	152	11592	53	-152.0	152	11592	53	-152.0	152	11592	53	-152.0	152	11592	53	-152.0	152	11592	53	-152.0	152	11592	53	-152.0	152	11592	53	-152.0	152	11592
54	-151.0	151	11743	54	-151.0	151	11743	54	-151.0	151	11743	54	-151.0	151	11743	54	-151.0	151	11743	54	-151.0	151	11743	54	-151.0	151	11743	54	-151.0	151	11743	54	-151.0	151	11743	54	-151.0	151	11743	54	-151.0	151	11743	54	-151.0	151	11743	54	-151.0	151	11743	54	-151.0	151	11743	54	-151.0	151	11743	54	-151.0	151	11743
55	-148.0	148	11891	55	-148.0	148	11891	55	-148.0	148	11891	55	-148.0	148	11891	55	-148.0	148	11891	55	-148.0	148	11891	55	-148.0	148	11891	55	-148.0	148	11891	55	-148.0	148	11891	55	-148.0	148	11891	55	-148.0	148	11891	55	-148.0	148	11891	55	-148.0	148	11891	55	-148.0	148	11891	55	-148.0	148	11891	55	-148.0	148	11891
56	-109.0	109	12000	56	-109.0	109	12000	56	-109.0	109	12000	56	-109.0	109	12000	56	-109.0	109	12000	56	-109.0	109	12000	56	-109.0	109	12000	56	-109.0	109	12000	56	-109.0	109	12000	56	-109.0	109	12000	56	-109.0	109	12000	56	-109.0	109	12000	56	-109.0	109	12000	56	-109.0	109	12000	56	-109.0	109	12000	56	-109.0	109	12000
57	-148.0	148	12148	57	-148.0	148	12148	57	-148.0	148	12148	57	-148.0	148	12148	57	-148.0	148	12148	57	-148.0	148	12148	57	-148.0	148	12148	57	-148.0	148	12148	57	-148.0	148	12148	57	-148.0	148	12148	57	-148.0	148	12148	57	-148.0	148	12148	57	-148.0	148	12148	57	-148.0	148	12148	57	-148.0	148	12148	57	-148.0	148	12148
58	-144.0	144	12292	58	-144.0	144	12292	58	-144.0	144	12292	58	-144.0	144	12292	58	-144.0	144	12292	58	-144.0	144	12292	58	-144.0	144	12292	58	-144.0	144	12292	58	-144.0	144	12292	58	-144.0	144	12292	58	-144.0	144	12292	58	-144.0	144	12292	58	-144.0	144	12292	58	-144.0	144	12292	58	-144.0	144	12292	58	-144.0	144	12292
59	-141.0	141	12433	59	-141.0	141	12433	59	-141.0	141	12433	59	-141.0	141	12433	59	-141.0	141	12433	59	-141.0	141	12433	59	-141.0	141	12433	59	-141.0	141	12433	59	-141.0	141	12433	59	-141.0	141	12433	59	-141.0	141	12433	59	-141.0	141	12433	59	-141.0	141	12433	59	-141.0	141	12433	59	-141.0	141	12433	59	-141.0	141	12433
60	-156.0	156	12589	60	-156.0	156	12589	60	-156.0	156	12589	60	-156.0	156	12589	60	-156.0	156	12589	60	-156.0	156	12589	60	-156.0	156	12589	60	-156.0	156	12589	60	-156.0	156	12589	60	-156.0	156	12589	60	-156.0	156	12589	60	-156.0	156	12589	60	-156.0	156	12589	60	-156.0	156	12589	60	-156.0	156	12589	60	-156.0	156	12589
61	-112.0	112	12701	61	-112.0	112	12701	61	-112.0	112	12701	61	-112.0	112	12701	61	-112.0	112	12701	61	-112.0	112	12701	61	-112.0	112	12701	61	-112.0	112	12701	61	-112.0	112	12701	61	-112.0	112	12701	61	-112.0	112	12701	61	-112.0	112	12701	61	-112.0	112	12701	61	-112.0	112	12701	61	-112.0	112	12701	61	-112.0	112	12701
62	-106.0	106	12807	62	-106.0	106	12807	62	-106.0	106	12807	62	-106.0	106	12807	62	-106.0	106	12807	62	-106.0	106	12807	62	-106.0	106	12807	62	-106.0	106	12807	62	-106.0	106	12807	62	-106.0	106	12807	62	-106.0	106	12807	62	-106.0	106	12807	62	-106.0	106	12807	62	-106.0	106	12807	62	-106.0	106	12807	62	-106.0	106	12807
63	-142.0	142	12949	63	-142.0	142	12949	63	-142.0	142	12949	63	-142.0	142	12949	63	-142.0	142	12949	63	-142.0	142	12949	63	-142.0	142	12949	63	-142.0	142	12949	63	-142.0	142	12949	63	-142.0	142	12949	63	-142.0	142	12949	63	-142.0	142	12949	63	-142.0	142	12949	63	-142.0	142	12949	63	-142.0	142	12949	63	-142.0	142	12949
64	-140.0	140	13089	64	-140.0	140	13089	64	-140.0	140	13089	64	-140.0	140	13089	64	-140.0	140	13089	64	-140.0	140	13089	64	-140.0	140	13089	64	-140.0	140	13089	64	-140.0	140	13089	64	-140.0	140	13089	64	-140.0	140	13089	64	-140.0	140	13089	64	-140.0	140	13089	64	-140.0	140	13089	64	-140.0	140	13089	64	-140.0	140	13089
65	-139.0	139	13228	65	-139.0	139	13228	65	-139.0	139	13228	65	-139.0	139	13228	65	-139.0	139	13228	65	-139.0	139	13228	65	-139.0	139	13228	65	-139.0	139	13228	65	-139.0	139	13228	65	-139.0	139	13228	65	-139.0	139	13228	65	-139.0	139	13228	65	-139.0	139	13228	65	-139.0	139	13228	65	-139.0	139	13228	65	-139.0	139	13228
66	-139.0	139	13367	66	-139.0	139	13367	66	-139.0	139	13367	66	-139.0	139	13367	66	-139.0	139	13367	66	-139.0	139	13367	66	-139.0	139	13367	66	-139.0	139	13367	66	-139.0	139	13367	66	-139.0	139	13367	66	-139.0	139	13367	66	-139.0	139	13367	66	-139.0	139	13367	66	-139.0	139	13367	66	-139.0	139	13367	66	-139.0	139	13367
67	-135.0	135	13502	67	-135.0	135	13502	67	-135.0	135	13502	67	-135.0	135	13502	67	-135.0	135	13502	67	-135.0	135	13502	67	-135.0	135	13502	67	-135.0	135	13502	67	-135.0	135	13502	67	-135.0	135	13502	67	-135.0	135	13502	67	-135.0	135	13502	67	-135.0	135	13502	67	-135.0	135	13502	67	-135.0	135	13502	67	-135.0	135	13502
68	-108.0	108	13610	68	-108.0	108	13610	68	-108.0	108	13610	68	-108.0	108	13610	68	-108.0	108	13610	68	-108.0	108	13610	68	-108.0	108	13610	68	-108.0	108	13610	68	-108.0	108	13610	68	-108.0	108	13610	68	-108.0	108	13610	68	-108.0	108	13610	68	-108.0	108	13610	68	-108.0	108	13610	68	-108.0	108	13610	68	-108.0	108	13610
69	-142.0	142	13752	69	-142.0	142	13752	69	-142.0	142	13752	69	-142.0	142	13752	69	-142.0	142	13752	69	-142.0	142	13752	69	-142.0	142	13752	69	-142.0	142	13752	69	-142.0	142	13752	69	-142.0	142	13752	69	-142.0	142	13752	69	-142.0	142	13752	69	-142.0	142	13752	69	-142.0	142	13752	69	-142.0	142	13752	69	-142.0	142	13752
70	-138.0	138	13890	70	-138.0	138	13890	70	-138.0	138	13890	70	-138.0	138	13890	70	-138.0	138	13890	70	-138.0	138	13890	70	-138.0	138	13890	70	-138.0	138	13890	70	-138.0	138	13890	70	-138.0	138	13890	70	-138.0	138	13890	70	-138.0	138	13890	70	-138.0	138	13890	70	-138.0	138	13890	70	-138.0	138	13890	70	-138.0	138	13890
71	-143.0	143	14033	71	-143.0	143	14033	71	-143.0	143	14033	71	-143.0	143	14033	71	-143.0	143	14033	71	-143.0	143	14033	71	-143.0	143	14033	71	-143.0	143	14033	71	-143.0	143	14033	71	-143.0	143	14033	71	-143.0	143	14033	71	-143.0	143	14033	71	-143.0	143	14033	71	-143.0	143	14033	71	-143.0	143	14033	71	-143.0	143	14033
72	-129.0	129	14162	72	-129.0	129	14162	72	-129.0	129	14162	72	-129.0	129	14162	72	-129.0	129	14162	72	-129.0	129	14162	72	-129.0	129	14162	72	-129.0	129	14162	72	-129.0	129	14162	72	-129.0	129	14162	72	-129.0	129	14162	72	-129.0	129	14162	72	-129.0	129	14162	72	-129.0	129	14162	72	-129.0	129	14162	72	-129.0	129	14162
73	-143.0	143	14305	73	-143.0	143	14305	73	-143.0	143	14305	73	-143.0	143	14305	73	-143.0	143	14305	73	-143.0	143	14305	73	-143.0	143	14305	73	-143.0	143	14305	73	-143.0	143	14305	73	-143.0	143	14305	73	-143.0	143	14305	73	-143.0	143	14305	73	-143.0	143	14305	73	-143.0	143	14305	73	-143.0	143	14305	73	-143.0	143	14305
74	-167.0	167	14472	74	-167.0	167	14472	74	-167.0	167	14472	74	-167.0	167	14472	74	-167.0	167	14472	74	-167.0	167	14472	74	-167.0	167	14472	74	-167.0	167	14472	74	-167.0	167	14472	74	-167.0	167	14472	74	-167.0	167	14472	74	-167.0	167	14472	74	-167.0	167	14472	74	-167.0	167	14472	74	-167.0	167	14472	74	-167.0	167	14472
75	-113.0	113	14585	75	-113.0	113	14585	75	-113.0	113	14585	75	-113.0	113	14585	75	-113.0	113	14585	75	-113.0	113	14585	75	-113.0	113	14585	75	-113.0	113	14585	75	-113.0	113	14585	75	-113.0	113	14585	75	-113.0	113	14585	75	-113.0	113	14585	75	-113.0	113	14585	75	-113.0	113	14585	75	-113.0	113	14585	75	-113.0	113	14585
76	-171.0	171	14756	76	-171.0	171	14756	76	-171.0	171	14756	76	-171.0	171	14756	76	-171.0	171	14756	76	-171.0	171	14756	76	-171.0	171	14756	76	-171.0	171	14756	76	-171.0	171	14756	76	-171.0	171	14756	76	-171.0	171	14756	76	-171.0	171	14756	76	-171.0	171	14756	76	-171.0	171	14756	76	-171.0	171	14756	76	-171.0	171	14756
77	-153.0	153	14909	77	-153.0	153	14909	77	-153.0	153	14909	77	-153.0	153	14909	77	-153.0	153	14909	77	-153.0	153	14909	77	-153.0	153	14909	77	-153.0	153	14909	77	-153.0	153	14909	77	-153.0	153	14909	77	-153.0	153	14909	77	-153.0	153	14909	77	-153.0	153	14909	77	-153.0	153	14909	77	-153.0	153	14909	77	-153.0	153	14909
78	-117.0	117	15026	78	-117.0	117	15026	78	-117.0	117	15026	78	-117.0	117	15026	78	-117.0	117	15026	78	-117.0	117	15026	78	-117.0	117	15026	78	-117.0	117	15026	78	-117.0	117	15026	78	-117.0	117	15026	78	-117.0	117	15026	78	-117.0	117	15026	78	-117.0	117	15026	78	-117.0	117	15026	78	-117.0	117	15026	78	-117.0	117	15026
79	-178.0	178	15204	79	-178.0	178	15204	79	-178.0	178	15204	79	-178.0	178	15204	79	-178.0	178	15204	79	-178.0	178	15204	79	-178.0	178	15204	79	-178.0	178	15204	79	-178.0	178	15204	79	-178.0	178	15204	79	-178.0	178	15204	79	-178.0	178	15204	79	-178.0	178	15204	79	-178.0	178	15204	79	-178.0	178	15204	79	-178.0	178	15204
80	-153.0	153	15357	80	-153.0	153	15357	80	-153.0	153	15357	80	-153.0	153	15357	80	-153.0	153	15357	80	-153.0	153	15357	80	-153.0	153	15357	80	-153.0	153	15357	80	-153.0	153	15357	80	-153.0	153	15357	80	-153.0	153	15357	80	-153.0	153	15357	80	-153.0	153	15357	80	-153.0	153	15357	80	-153.0	153	15357	80	-153.0	153	15357
81	-155.0	155	15512	81	-155.0	155	15512	81	-155.0	155	15512	81	-155.0	155	15512	81	-155.0	155	15512	81	-155.0	155	15512	81	-155.0	155	15512	81	-155.0	155	15512	81	-155.0	155	15512	81	-155.0	155	15512	81	-155.0	155	15512	81	-155.0	155	15512	81	-155.0	155	15512	81	-155.0	155	15512	81	-155.0	155	15512	81	-155.0	155	15512
82	-176.0	176	15688	82	-176.0	176	15688	82	-176.0	176	15688	82	-176.0	176	15688	82	-176.0	176	15688	82	-176.0	176	15688	82	-176.0	176	15688	82	-176.0	176	15688	82	-176.0	176	15688	82	-176.0	176	15688	82	-176.0	176	15688	82	-176.0	176	15688	82	-176.0	176	15688	82	-176.0	176	15688	82	-176.0	176	15688	82	-176.0	176	15688
83	-182.0	182	15870	83	-182.0	182	15870	83	-182.0	182	15870	83	-182.0	182	15870	83	-182.0	182	15870	83	-182.0	182	15870	83	-182.0	182	15870	83	-182.0	182	15870	83	-182.0	182	15870	83	-182.0	182	15870	83	-182.0	182	15870	83	-182.0	182	15870	83	-182.0	182	15870	83	-182.0	182	15870	83	-182.0	182	15870	83	-182.0	182	15870
84	-114.0	114	15984	84	-114.0	114	15984	84	-114.0	114	15984	84	-114.0	114	15984	84	-114.0	114	15984	84	-114.0	114	15984	84	-114.0	114	15984	84	-114.0	114	15984	84	-114.0	114	15984	84	-114.0	114	15984	84	-114.0	114	15984	84	-114.0	114	15984	84	-114.0	114	15984	84	-114.0	114	15984	84	-114.0	114	15984	84	-114.0	114	15984
85	-145.0	145	16129	85	-145.0	145	16129	85	-145.0	145	16129	85	-145.0	145	16129	85	-145.0	145	16129	85	-145.0	145	16129	85	-145.0	145	16129	85	-145.0	145	16129	85	-145.0	145	16129	85	-145.0	145	16129	85	-145.0	145	16129	85	-145.0	145	16129	85	-145.0	145	16129	85	-145.0	145	16129	85	-145.0	145	16129	85	-145.0	145	16129
86	-146.0	146	16275	86	-146.0	146	16275	86	-146.0	146	16275	86	-146.0	146	16275	86	-146.0	146	16275	86	-146.0	146	16275	86	-146.0	146	16275	86	-146.0	146	16275	86	-146.0	146	16275	86	-146.0	146	16275	86	-146.0	146	16275	86	-146.0	146	16275	86	-146.0	146	16275	86	-146.0	146	16275	86	-146.0	146	16275	86	-146.0	146	16275
87	-117.0	117	16392	87	-117.0	117	16392	87	-117.0	117	16392	87	-117.0	117	16392	87	-117.0	117	16392	87	-117.0	117	16392	87	-117.0	117	16392	87	-117.0	117	16392	87	-117.0	117	16392	87	-117.0	117	16392	87	-117.0	117	16392	87	-117.0	117	16392	87	-117.0	117	16392	87	-117.0	117	16392	87	-117.0	117	16392	87	-117.0	117	16392
88	-142.0	142	16534	88	-142.0	142	16534	88	-142.0	142	16534	88	-142.0	142	16534	88	-142.0	142	16534	88	-142.0	142	16534	88	-142.0	142	16534	88	-142.0	142	16534	88	-142.0	142	16534	88	-142.0	142	16534	88	-142.0	142	16534	88	-142.0	142	16534	88	-142.0	142	16534	88	-142.0	142	16534	88	-142.0	142	16534	88	-142.0	142	16534
89	-140.0	140	16674	89	-140.0	140	16674	89	-140.0	140	16674	89	-140.0	140	16674	89	-140.0	140	16674	89	-140.0	140	16674	89	-140.0	140	16674	89	-140.0	140	16674	89	-140.0	140	16674	89	-140.0	140	16674	89	-140.0	140	16674	89	-140.0	140	16674	89	-140.0	140	16674	89	-140.0	140	16674	89	-140.0	140	16674	89	-140.0	140	16674
90	-155.0	155	16829	90	-155.0	155	16829	90	-155.0	155	16829	90	-155.0	155	16829	90	-155.0	155	16829	90	-155.0	155	16829	90	-155.0	155	16829	90	-155.0	155	16829	90	-155.0	155	16829	90	-155.0	155	16829	90	-155.0	155	16829	90	-155.0	155	16829	90	-155.0	155	16829	90	-155.0	155	16829	90	-155.0	155	16829	90	-155.0	155	16829
91	-141.0	141	16970	91	-141.0	141	16970	91	-141.0	141	16970	91	-141.0	141	16970	91	-141.0	141	16970	91	-141.0	141	16970	91	-141.0	141	16970	91	-141.0	141	16970	91	-141.0	141	16970	91	-141.0	141	16970	91	-141.0	141	16970	91	-141.0	141	16970	91	-141.0	141	16970	91	-141.0	141	16970	91	-141.0	141	16970	91	-141.0	141	16970
92	-145.0	145	17115	92	-145.0	145	17115	92	-145.0	145	17115	92	-145.0	145	17115	92	-145.0	145	17115	92	-145.0	145	17115	92	-145.0	145	17115	92	-145.0	145	17115	92	-145.0	145	17115	92	-145.0	145	17115	92	-145.0	145	17115	92	-145.0	145	17115	92	-145.0	145	17115	92	-145.0	145	17115	92	-145.0	145	17115	92	-145.0	145	17115
93	-146.0	146	17261	93	-146.0	146	17261	93	-146.0	146	17261	93	-146.0	146	17261	93	-146.0	146	17261	93	-146.0	146	17261	93	-146.0	146	17261	93	-146.0	146	17261	93	-146.0	146	17261	93	-146.0	146	17261	93	-146.0	146	17261	93	-146.0	146	17261	93	-146.0	146	17261	93	-146.0	146	17261	93	-146.0	146	17261	93	-146.0	146	17261
94	-139.0	139	17400	94	-139.0	139	17400	94	-139.0	139	17400	94	-139.0	139	17400	94	-139.0	139	17400	94	-139.0	139	17400	94	-139.0	139	17400	94	-139.0	139	17400	94	-139.0	139	17400	94	-139.0	139	17400	94	-139.0	139	17400	94	-139.0	139	17400	94	-139.0	139	17400	94	-139.0	139	17400	94	-139.0	139	17400	94	-139.0	139	17400
95	-135.0	135	17535	95	-135.0	135	17535	95	-135.0	135	17535	95	-135.0	135	17535	95	-135.0	135	17535	95	-135.0	135	17535	95	-135.0	135	17535	95	-135.0	135	17535	95	-135.0	135	17535	95	-135.0	135	17535	95	-135.0	135	17535	95	-135.0	135	17535	95	-135.0	135	17535	95	-135.0	135	17535	95	-135.0	135	17535	95	-135.0	135	17535
96	-167.0	167	17702	96	-167.0	167	17702	96	-167.0	167	17702	96	-167.0	167	17702	96	-167.0	167	17702	96	-167.0	167	17702	96	-167.0	167	17702	96	-167.0	167	17702	96	-167.0	167	17702	96	-167.0	167	17702	96	-167.0	167	17702	96	-167.0	167	17702	96	-167.0	167	17702	96	-167.0	167	17702	96	-167.0	167	17702	96	-167.0	167	17702
97	-152.0	152	17854	97	-152.0	152	17854	97	-152.0	152	17854	97	-152.0	152	17854	97	-152.0	152	17854	97	-152.0	152	17854	97	-152.0	152	17854	97	-152.0	152	17854	97	-152.0	152	17854	97	-152.0	152	17854	97	-152.0	152	17854	97	-152.0	152	17854	97	-152.0	152	17854	97	-152.0	152	17854	97	-152.0	152	17854	97	-152.0	152	17854
98	-139.0	139	17993	98	-139.0	139	17993	98	-139.0	139	17993	98	-139.0	139	17993	98	-139.0	139	17993	98	-139.0	139	17993	98	-139.0	139	17993	98	-139.0	139	17993	98	-139.0	139	17993	98	-139.0	139	17993	98	-139.0	139	17993	98	-139.0	139	17993	98	-139.0	139	17993	98	-139.0	139	17993	98	-139.0	139	17993	98	-139.0	139	17993
99	-140.0	140	18133	99	-140.0	140	18133	99	-140.0	140	18133	99	-140.0	140	18133	99	-140.0	140	18133	99	-140.0	140	18133	99	-140.0	140	18133	99	-140.0	140	18133	99	-140.0	140	18133	99	-140.0	140	18133	99	-140.0	140	18133	99	-140.0	140	18133	99	-140.0	140	18133	99	-140.0	140	18133	99	-140.0	140	18133	99	-140.0	140	18133
100	-138.0	138	18271	100	-138.0	138	18271	100	-138.0	138	18271	100	-138.0	138	18271	100	-138.0	138	18271	100	-138.0	138	18271	100	-138.0	138	18271	100	-138.0	138	18271	100	-138.0	138	18271	100	-138.0	138	18271	100	-138.0	138	18271	100	-138.0	138	18271	100	-138.0	138	18271	100	-138.0	138	18271	100	-138.0	138	18271	100	-138.0	138	18271
101	-192.0	192	18463	101	-192.0	192	18463	101	-192.0	192	18463	101	-192.0	192	18463	101	-192.0	192	18463	101	-192.0	192	18463	101	-192.0	192	18463	101	-192.0	192	18463	101	-192.0	192	18463	101	-192.0	192	18463	101	-192.0	192	18463	101	-192.0	192	18463	101	-192.0	192	18463	101	-192.0	192	18463	101	-192.0	192	18463	101	-192.0	192	18463
102	-140.0	140	18603	102	-140.0	140	18603	102	-140.0	140	18603	102	-140.0	140	18603	102	-140.0	140	18603	102	-140.0	140	18603	102	-140.0	140	18603	102	-140.0	140	18603	102	-140.0	140	18603	102	-140.0	140	18603	102	-140.0	140	18603	102	-140.0	140	18603	102	-140.0	140	18603	102	-140.0	140	18603	102	-140.0	140	18603	102	-140.0	140	18603
103	-141.0	141	18744	103	-141.0	141	18744	103	-141.0	141	18744	103	-141.0	141	18744	103	-141.0	141	18744	103	-141.0	141	18744	103	-141.0	141	18744	103	-141.0	141	18744	103	-141.0	141	18744	103	-141.0	141	18744	103	-141.0	141	18744	103	-141.0	141	18744	103	-141.0	141	18744	103	-141.0	141	18744	103	-141.0	141	18744	103	-141.0	141	18744
104	-144.0	144	18888	104	-144.0	144	18888	104	-144.0	144	18888	104	-144.0	144	18888	104	-144.0	144	18888	104	-144.0	144	18888	104	-144.0	144	18888	104	-144.0	144	18888	104	-144.0	144	18888	104	-144.0	144	18888	104	-144.0	144	18888	104	-144.0	144	18888	104	-144.0	144	18888	104	-144.0	144	18888	104	-144.0	144	18888	104	-144.0	144	18888
105	-149.0	149	19037	105	-149.0	149	19037	105	-149.0	149	19037	105	-149.0	149	19037	105	-149.0	149	19037	105	-149.0	149	19037	105	-149.0	149	19037	105	-149.0	149	19037	105	-149.0	149	19037	105	-149.0	149	19037	105	-149.0	149	19037	105	-149.0	149	19037	105	-149.0	149	19037	105	-149.0	149	19037	105	-149.0	149	19037	105	-149.0	149	19037
106	-111.0	111	19148	106	-111.0	111	19148	106	-111.0	111	19148	106	-111.0	111	19148	106	-111.0	111	19148	106	-111.0	111	19148	106	-111.0	111	19148	106	-111.0	111	19148	106	-111.0	111	19148	106	-111.0	111	19148	106	-111.0	111	19148	106	-111.0	111	19148	106	-111.0	111	19148	106	-111.0	111	19148	106	-111.0	111	19148	106	-111.0	111	19148
107	-148.0	148	19296	107	-148.0	148	19296	107	-148.0	148	19296	107	-148.0	148	19296	107	-148.0	148	19296	107	-148.0	148	19296	107	-148.0	148	19296	107	-148.0	148	19296	107	-148.0	148	19296	107	-148.0	148	19296	107	-148.0	148	19296	107	-148.0	148	19296	107	-148.0	148	19296	107	-148.0	148	19296	107	-148.0	148	19296	107	-148.0	148	19296
108	-144.0	144	19440	108	-144.0	144	19440	108	-144.0	144	19440	108	-144.0	144	19440	108	-144.0	144	19440	108	-144.0	144	19440	108	-144.0	144	19440	108	-144.0	144	19440	108	-144.0	144	19440	108	-144.0	144	19440	108	-144.0	144	19440	108	-144.0	144	19440	108	-144.0	144	19440	108	-144.0	144	19440	108	-144.0	144	19440	108	-144.0	144	19440
109	-153.0	153	19593	109	-153.0	153	19593	109	-153.0	153	19593	109	-153.0	153	19593	109	-153.0	153	19593	109	-153.0	153	19593	109	-153.0	153	19593	109	-153.0	153	19593	109	-153.0	153	19593	109	-153.0	153	19593	109	-153.0	153	19593	109	-153.0	153	19593	109	-153.0	153	19593	109	-153.0	153	19593	109	-153.0	153	19593	109	-153.0	153	19593
110	-154.0	154	19747	110	-154.0	154	19747	110	-154.0	154	19747	110	-154.0	154	19747	110	-154.0	154	19747	110	-154.0	154	19747	110	-154.0	154	19747	110	-154.0	154	19747	110	-154.0	154	19747	110	-154.0	154	19747	110	-154.0	154	19747	110	-154.0	154	19747	110	-154.0	154	19747	110	-154.0	154	19747	110	-154.0	154	19747	110	-154.0	154	19747
111	-159.0	159	19906	111	-159.0	159	19906	111	-159.0	159	19906	111	-159.0	159	19906	111	-159.0	159	19906	111	-159.0	159	19906	111	-159.0	159	19906	111	-159.0	159	19906	111	-159.0	159	19906	111	-159.0	159	19906	111	-159.0	159	19906	111	-159.0	159	19906	111	-159.0	159	19906	111	-159.0	159	19906	111	-159.0	159	19906	111	-159.0	159	19906
112	-108.0	108	20014	112	-108.0	108	20014	112	-108.0	108	20014	112	-108.0	108	20014	112	-108.0	108	20014	112	-108.0	108	20014	112	-108.0	108	20014	112	-108.0	108	20014	112	-108.0	108	20014	112	-108.0	108	20014	112	-108.0	108	20014	112	-108.0	108	20014	112	-108.0	108	20014	112	-108.0	108	20014	112	-108.0	108	20014	112	-108.0	108	20014
113	-146.0	146	20160	113	-146.0	146	20160	113	-146.0	146	20160	113	-146.0	146	20160	113	-146.0	146	20160	113	-146.0	146	20160	113	-146.0	146	20160	113	-146.0	146	20160	113	-146.0	146	20160	113	-146.0	146	20160	113	-146.0	146	20160	113	-146.0	146	20160	113	-146.0	146	20160	113	-146.0	146	20160	113	-146.0	146	20160	113	-146.0	146	20160
114	-147.0	147	20307	114	-147.0	147	20307	114	-147.0	147	20307	114	-147.0	147	20307	114	-147.0	147	20307	114	-147.0	147	20307	114	-147.0	147	20307	114	-147.0	147	20307	114	-147.0	147	20307	114	-147.0	147	20307	114	-147.0	147	20307	114	-147.0	147	20307	114	-147.0	147	20307	114	-147.0	147	20307	114	-147.0	147	20307	114	-147.0	147	20307
115	-123.0	123	20430	115	-123.0	123	20430	115	-123.0	123	20430	115	-123.0	123	20430	115	-123.0	123	20430	115	-123.0	123	20430	115	-123.0	123	20430	115	-123.0	123	20430	115	-123.0	123	20430	115	-123.0	123	20430	115	-123.0	123	20430	115	-123.0	123	20430	115	-123.0	123	20430	115	-123.0	123	20430	115	-123.0	123	20430	115	-123.0	123	20430
116	-132.0	132	20562	116	-132.0	132	20562	116	-132.0	132	20562	116	-132.0	132	20562	116	-132.0	132	20562	116	-132.0	132	20562	116	-132.0	132	20562	116	-132.0	132	20562	116	-132.0	132	20562	116	-132.0	132	20562	116	-132.0	132	20562	116	-132.0	132	20562	116	-132.0	132	20562	116	-132.0	132	20562	116	-132.0	132	20562	116	-132.0	132	20562
117	-157.0	157	20719	117	-157.0	157	20719	117	-157.0	157	20719	117	-157.0	157	20719	117	-157.0	157	20719	117	-157.0	157	20719	117	-157.0	157	20719	117	-157.0	157	20719	117	-157.0	157	20719	117	-157.0	157	20719	117	-157.0	157	20719	117	-157.0	157	20719	117	-157.0	157	20719	117	-157.0	157	20719	117	-157.0	157	20719	117	-157.0	157	20719
118	-149.0	149	20868	118	-149.0	149	20868	118	-149.0	149	20868	118	-149.0	149	20868	118	-149.0	149	20868	118	-149.0	149	20868	118	-149.0	149	20868	118	-149.0	149	20868	118	-149.0	149	20868	118	-149.0	149	20868	118	-149.0	149	20868	118	-149.0	149	20868	118	-149.0	149	20868	118	-149.0	149	20868	118	-149.0	149	20868	118	-149.0	149	20868
119	-110.0	110	20978	119	-110.0	110	20978	119	-110.0	110	20978	119	-110.0	110	20978	119	-110.0	110	20978	119	-110.0	110	20978	119	-110.0	110	20978	119	-110.0	110	20978	119	-110.0	110	20978	119	-110.0	110	20978	119	-110.0	110	20978	119	-110.0	110	20978	119	-110.0	110	20978	119	-110.0	110	20978	119	-110.0	110	20978	119	-110.0	110	20978
120	-139.0	139	21117	120	-139.0	139	21117	120	-139.0	139	21117	120	-139.0	139	21117	120	-139.0	139	21117	120	-139.0	139	21117	120	-139.0	139	21117	120	-139.0	139	21117	120	-139.0	139	21117	120	-139.0	139	21117	120	-139.0	139	21117	120	-139.0	139	21117	120	-139.0	139	21117	120	-139.0	139	21117	120	-139.0	139	21117	120	-139.0	139	21117
121	-127.0	127	21244	121	-127.0	127	21244	121	-127.0	127	21244	121	-127.0	127	21244	121	-127.0	127	21244	121	-127.0	127	21244	121	-127.0	127	21244	121	-127.0	127	21244	121	-127.0	127	21244	121	-127.0	127	21244	121	-127.0	127	21244	121	-127.0	127	21244	121	-127.0	127	21244	121	-127.0	127	21244	121	-127.0	127	21244	121	-127.0	127	21244
122	-114.0	114	21358	122	-114.0	114	21358	122	-114.0	114	21358	122	-114.0	114	21358	122	-114.0	114	21358	122	-114.0	114	21358	122	-114.0	114	21358	122	-114.0	114	21358	122	-114.0	114	21358	122	-114.0	114	21358	122	-114.0	114	21358	122	-114.0	114	21358	122	-114.0	114	21358	122	-114.0	114	21358	122	-114.0	114	21358	122	-114.0	114	21358
123	-181.0	181	21539	123	-181.0	181	21539	123	-181.0	181	21539	123	-181.0	181	21539	123	-181.0	181	21539	123	-181.0	181	21539	123	-181.0	181	21539	123	-181.0	181	21539	123	-181.0	181	21539	123	-181.0	181	21539	123	-181.0	181	21539	123	-181.0	181	21539	123	-181.0	181	21539	123	-181.0	181	21539	123	-181.0	181	21539	123	-181.0	181	21539
124	-130.0	130	21669	124	-130.0	130	21669	124	-130.0	130	21669	124	-130.0	130	21669	124	-130.0	130	21669	124	-130.0	130	21669	124	-130.0	130	21669	124	-130.0	130	21669	124	-130.0	130	21669	124	-130.0	130	21669	124	-130.0	130	21669	124	-130.0	130	21669	124	-130.0	130	21669	124	-130.0	130	21669	124	-130.0	130	21669	124	-130.0	130	21669
125	-114.0	114	21783	125	-114.0	114	21783	125	-114.0	114	21783	125	-114.0	114	21783	125	-114.0	114	21783	125	-114.0	114	21783	125	-114.0	114	21783	125	-114.0	114	21783	125	-114.0	114	21783	125	-114.0	114	21783	125	-114.0	114	21783	125	-114.0	114	21783	125	-114.0	114	21783	125	-114.0	114	21783	125	-114.0	114	21783	125	-114.0	114	21783
126	-131.0	131	21914	126	-131.0	131	21914	126	-131.0	131	21914	126	-131.0	131	21914	126	-131.0	131	21914	126	-131.0	131	21914	126	-131.0	131	21914	126	-131.0	131	21914	126	-131.0	131	21914	126	-131.0	131	21914	126	-131.0	131	21914	126	-131.0	131	21914	126	-131.0	131	21914	126	-131.0	131	21914	126	-131.0	131	21914	126	-131.0	131	21914
127	-126.0	126	22040	127	-126.0	126	22040	127	-126.0	126	22040	127	-126.0	126	22040	127	-126.0	126	22040	127	-126.0	126	22040	127	-126.0	126	22040	127	-126.0	126	22040	127	-126.0	126	22040	127	-126.0	126	22040	127	-126.0	126	22040	127	-126.0	126	22040	127	-126.0	126	22040	127	-126.0	126	22040	127	-126.0	126	22040	127	-126.0	126	22040
128	-133.0	133	22173	128	-133.0	133	22173	128	-133.0	133	22173	128	-133.0	133	22173	128	-133.0	133	22173	128	-133.0	133	22173	128	-133.0	133	22173	128	-133.0	133	22173	128	-133.0	133	22173	128	-133.0	133	22173	128	-133.0	133	22173	128	-133.0	133	22173	128	-133.0	133	22173	128	-133.0	133	22173	128	-133.0	133	22173	128	-133.0	133	22173
129	-195.0	195	22368	129	-195.0	195	22368	129	-195.0	195	22368	129	-195.0	195	22368	129	-195.0	195	22368	129	-195.0	195	22368	129	-195.0	195	22368	129	-195.0	195	22368	129	-195.0	195	22368	129	-195.0	195	22368	129	-195.0	195	22368	129	-195.0	195	22368	129	-195.0	195	22368	129	-195.0	195	22368	129	-195.0	195	22368	129	-195.0	195	22368
130	-190.0	190	22558	130	-190.0	190	22558	130	-190.0	190	22558	130	-190.0	190	22558	130	-190.0	190	22558	130	-190.0	190	22558	130	-190.0	190	22558	130	-190.0	190	22558	130	-190.0	190	22558	130	-190.0	190	22558	130	-190.0	190	22558	130	-190.0	190	22558	130	-190.0	190	22558	130	-190.0	190	22558	130	-190.0	190	22558	130	-190.0	190	22558
131	-179.0	179	22737	131	-179.0	179	22737	131	-179.0	179	22737	131	-179.0	179	22737	131	-179.0	179	22737	131	-179.0	179	22737	131	-179.0	179	22737	131	-179.0	179	22737	131	-179.0	179	22737	131	-179.0	179	22737	131	-179.0	179	22737	131	-179.0	179	22737	131	-179.0	179	22737	131	-179.0	179	22737	131	-179.0	179	22737	131	-179.0	179	22737
132	-137.0	137	22874	132	-137.0	137	22874	132	-137.0	137	22874	132	-137.0	137	22874	132	-137.0	137	22874	132	-137.0	137	22874	132	-137.0	137	22874	132	-137.0	137	22874	132	-137.0	137	22874	132	-137.0	137	22874	132	-137.0	137	22874	132	-137.0	137	22874	132	-137.0	137	22874	132	-137.0	137	22874	132	-137.0	137	22874	132	-137.0	137	22874
133	-132.0	132	23006	133	-132.0	132	23006	133	-132.0	132	23006	133	-132.0	132	23006	133	-132.0	132	23006	133	-132.0	132	23006	133	-132.0	132	23006	133	-132.0	132	23006	133	-132.0	132	23006	133	-132.0	132	23006	133	-132.0	132	23006	133	-132.0	132	23006	133	-132.0	132	23006	133	-132.0	132	23006	133	-132.0	132	23006	133	-132.0	132	23006
134	-128.0	128	23134	134	-128.0	128	23134	134	-128.0	128	23134	134	-128.0	128	23134	134	-128.0	128	23134	134	-128.0	128	23134	134	-128.0	128	23134	134	-128.0	128	23134	134	-128.0	128	23134	134	-128.0	128	23134	134	-128.0	128	23134	134	-128.0	128	23134	134	-128.0	128	23134	134	-128.0	128	23134	134	-128.0	128	23134	134	-128.0	128	23134
135	-107.0	107	23241	135	-107.0	107	23241	135	-107.0	107	23241	135	-107.0	107	23241	135	-107.0	107	23241	135	-107.0	107	23241	135	-107.0	107	23241	135	-107.0	107	23241	135	-107.0	107	23241	135	-107.0	107	23241	135	-107.0	107	23241	135	-107.0	107	23241	135	-107.0	107	23241	135	-107.0	107	23241	135	-107.0	107	23241	135	-107.0	107	23241
136	-123.0	123	23364	136	-123.0	123	23364	136	-123.0	123	23364	136	-123.0	123	23364	136	-123.0	123	23364	136	-123.0	123	23364	136	-123.0	123	23364	136	-123.0	123	23364	136	-123.0	123	23364	136	-123.0	123	23364	136	-123.0	123	23364	136	-123.0	123	23364	136	-123.0	123	23364	136	-123.0	123	23364	136	-123.0	123	23364	136	-123.0	123	23364
137	-106.0	106	23470	137	-106.0	106	23470	137	-106.0	106	23470	137	-106.0	106	23470	137	-106.0	106	23470	137	-106.0	106	23470	137	-106.0	106	23470	137	-106.0	106	23470	137	-106.0	106	23470	137	-106.0	106	23470	137	-106.0	106	23470	137	-106.0	106	23470	137	-106.0	106	23470	137	-106.0	106	23470	137	-106.0	106	23470	137	-106.0	106	23470
138	-107.0	107	23577	138	-107.0	107	23577	138	-107.0	107	23577	138	-107.0	107	23577	138	-107.0	107	23577	138	-107.0	107	23577	138	-107.0	107	23577	138	-107.0	107	23577	138	-107.0	107	23577	138	-107.0	107	23577	138	-107.0	107	23577	138	-107.0	107	23577	138	-107.0	107	23577	138	-107.0	107	23577	138	-107.0	107	23577	138	-107.0	107	23577
139	-116.0	116	23693	139	-116.0	116	23693	139	-116.0	116	23693	139	-116.0	116	23693	139	-116.0	116	23693	139	-116.0	116	23693	139	-116.0	116	23693	139	-116.0	116	23693	139	-116.0	116	23693	139	-116.0	116	23693	139	-116.0	116	23693	139	-116.0	116	23693	139	-116.0	116	23693	139	-116.0	116	23693	139	-116.0	116	23693	139	-116.0	116	23693
140	-132.0	132	23825	140	-132.0	132	23825	140	-132.0	132	23825	140	-132.0	132	23825	140	-132.0	132	23825	140	-132.0	132	23825	140	-132.0	132	23825	140	-132.0	132	23825	140	-132.0	132	23825	140	-132.0	132	23825	140	-132.0	132	23825	140	-132.0	132	23825	140	-132.0	132	23825	140	-132.0	132	23825	140	-132.0	132	23825	140	-132.0	132	23825
141	-168.0	168	23993	141	-168.0	168	23993	141	-168.0	168	23993	141	-168.0	168	23993	141	-168.0	168	23993	141	-168.0	168	23993	141	-168.0	168	23993	141	-168.0	168	23993	141	-168.0	168	23993	141	-168.0	168	23993	141	-168.0	168	23993	141	-168.0	168	23993	141	-168.0	168	23993	141	-168.0	168	23993	141	-168.0	168	23993	141	-168.0	168	23993
142	-160.0	160	24153	142	-160.0	160	24153	142	-160.0	160	24153	142	-160.0	160	24153	142	-160.0	160	24153	142	-160.0	160	24153	142	-160.0	160	24153	142	-160.0	160	24153	142	-160.0	160	24153	142	-160.0	160	24153	142	-160.0	160	24153	142	-160.0	160	24153	142	-160.0	160	24153	142	-160.0	160	24153	142	-160.0	160	24153	142	-160.0	160	24153
143	-141.0	141	24294	143	-141.0	141	24294	143	-141.0	141	24294	143	-141.0	141	24294	143	-141.0	141	24294	143	-141.0	141	24294	143	-141.0	141	24294	143	-141.0	141	24294	143	-141.0	141	24294	143	-141.0	141	24294	143	-141.0	141	24294	143	-141.0	141	24294	143	-141.0	141	24294	143	-141.0	141	24294	143	-141.0	141	24294	143	-141.0	141	24294
144	-128.0	128	24422	144	-128.0	128	24422	144	-128.0	128	24422	144	-128.0	128	24422	144	-128.0	128	24422	144	-128.0	128	24422	144	-128.0	128	24422	144	-128.0	128	24422	144	-128.0	128	24422	144	-128.0	128	24422	144	-128.0	128	24422	144	-128.0	128	24422	144	-128.0	128	24422	144	-128.0	128	24422	144	-128.0	128	24422	144	-128.0	128	24422
145	-134.0	134	24556	145	-134.0	134	24556	145	-134.0	134	24556	145	-134.0	134	24556	145	-134.0	134	24556	145	-134.0	134	24556	145	-134.0	134	24556	145	-134.0	134	24556	145	-134.0	134	24556	145	-134.0	134	24556	145	-134.0	134	24556	145	-134.0	134	24556	145	-134.0	134	24556	145	-134.0	134	24556	145	-134.0	134	24556	145	-134.0	134	24556
146	-125.0	125	24681	146	-125.0	125	24681	146	-125.0	125	24681	146	-125.0	125	24681	146	-125.0	125	24681	146	-125.0	125	24681	146	-125.0	125	24681	146	-125.0	125	24681	146	-125.0	125	24681	146	-125.0	125	24681	146	-125.0	125	24681	146	-125.0	125	24681	146	-125.0	125	24681	146	-125.0	125	24681	146	-125.0	125	24681	146	-125.0	125	24681
147	-138.0	138	24819	147	-138.0	138	24819	147	-138.0	138	24819	147	-138.0	138	24819	147	-138.0	138	24819	147	-138.0	138	24819	147	-138.0	138	24819	147	-138.0	138	24819	147	-138.0	138	24819	147	-138.0	138	24819	147	-138.0	138	24819	147	-138.0	138	24819	147	-138.0	138	24819	147	-138.0	138	24819	147	-138.0	138	24819	147	-138.0	138	24819
148	-137.0	137	24956	148	-137.0	137	24956	148	-137.0	137	24956	148	-137.0	137	24956	148	-137.0	137	24956	148	-137.0	137	24956	148	-137.0	137	24956	148	-137.0	137	24956	148	-137.0	137	24956	148	-137.0	137	24956	148	-137.0	137	24956	148	-137.0	137	24956	148	-137.0	137	24956	148	-137.0	137	24956	148	-137.0	137	24956	148	-137.0	137	24956
149	-133.0	133	25089	149	-133.0	133	25089	149	-133.0	133	25089	149	-133.0	133	25089	149	-133.0	133	25089	149	-133.0	133	25089	149	-133.0	133	25089	149	-133.0	133	25089	149	-133.0	133	25089	149	-133.0	133	25089	149	-133.0	133	25089	149	-133.0	133	25089	149	-133.0	133	25089	149	-133.0	133	25089	149	-133.0	133	25089	149	-133.0	133	25089
150	-123.0	123	25212	150	-123.0	123	25212	150	-123.0	123	25212	150	-123.0	123	25212	150	-123.0	123	25212	150	-123.0	123	25212	150	-123.0	123	25212	150	-123.0	123	25212	150	-123.0	123	25212	150	-123.0	123	25212	150	-123.0	123	25212	150	-123.0	123	25212	150	-123.0	123	25212	150	-123.0	123	25212	150	-123.0	123	25212	150	-123.0	123	25212
151	-117.0	117	25329	151	-117.0	117	25329	151	-117.0	117	25329	151	-117.0	117	25329	151	-117.0	117	25329	151	-117.0	117	25329	151	-117.0	117	25329	151	-117.0	117	25329	151	-117.0	117	25329	151	-117.0	117	25329	151	-117.0	117	25329	151	-117.0	117	25329	151	-117.0	117	25329	151	-117.0	117	25329	151	-117.0	117	25329	151	-117.0	117	25329
152	-150.0	150	25479	152	-150.0	150	25479	152	-150.0	150	25479	152	-150.0	150	25479	152	-150.0	150	25479	152	-150.0	150	25479	152	-150.0	150	25479	152	-150.0	150	25479	152	-150.0	150	25479	152	-150.0	150	25479	152	-150.0	150	25479	152	-150.0	150	25479	152	-150.0	150	25479	152	-150.0	150	25479	152	-150.0	150	25479	152	-150.0	150	25479
153	-105.0	105	25584	153	-105.0	105	25584	153	-105.0	105	25584	153	-105.0	105	25584	153	-105.0	105	25584	153	-105.0	105	25584	153	-105.0	105	25584	153	-105.0	105	25584	153	-105.0	105	25584	153	-105.0	105	25584	153	-105.0	105	25584	153	-105.0	105	25584	153	-105.0	105	25584	153	-105.0	105	25584	153	-105.0	105	25584	153	-105.0	105	25584
154	-104.0	104	25688	154	-104.0	104	25688	154	-104.0	104	25688	154	-104.0	104	25688	154	-104.0	104	25688	154	-104.0	104	25688	154	-104.0	104	25688	154	-104.0	104	25688	154	-104.0	104	25688	154	-104.0	104	25688	154	-104.0	104	25688	154	-104.0	104	25688	154	-104.0	104	25688	154	-104.0	104	25688	154	-104.0	104	25688	154	-104.0	104	25688
155	-130.0	130	25818	155	-130.0	130	25818	155	-130.0	130	25818	155	-130.0	130	25818	155	-130.0	130	25818	155	-130.0	130	25818	155	-130.0	130	25818	155	-130.0	130	25818	155	-130.0	130	25818	155	-130.0	130	25818	155	-130.0	130	25818	155	-130.0	130	25818	155	-130.0	130	25818	155	-130.0	130	25818	155	-130.0	130	25818	155	-130.0	130	25818
156	-135.0	135	25953	156	-135.0	135	25953	156	-135.0	135	25953	156	-135.0	135	25953	156	-135.0	135	25953	156	-135.0	135	25953	156	-135.0	135	25953	156	-135.0	135	25953	156	-135.0	135	25953	156	-135.0	135	25953	156	-135.0	135	25953	156	-135.0	135	25953	156	-135.0	135	25953	156	-135.0	135	25953	156	-135.0	135	25953	156	-135.0	135	25953
157	-131.0	131	26084	157	-131.0	131	26084	157	-131.0	131	26084	157	-131.0	131	26084	157	-131.0	131	26084	157	-131.0	131	26084	157	-131.0	131	26084	157	-131.0	131	26084	157	-131.0	131	26084	157	-131.0	131	26084	157	-131.0	131	26084	157	-131.0	131	26084	157	-131.0	131	26084	157	-131.0	131	26084	157	-131.0	131	26084	157	-131.0	131	26084
158	-130.0	130	26214	158	-130.0	130	26214	158	-130.0	130	26214	158	-130.0	130	26214	158	-130.0	130	26214	158	-130.0	130	26214	158	-130.0	130	26214	158	-130.0	130	26214	158	-130.0	130	26214	158	-130.0	130	26214	158	-130.0	130	26214	158	-130.0	130	26214	158	-130.0	130	26214	158	-130.0	130	26214	158	-130.0	130	26214	158	-130.0	130	26214
159	-92.0	92	26306	159	-92.0	92	26306	159	-92.0	92	26306	159	-92.0	92	26306	159	-92.0	92	26306	159	-92.0	92	26306	159	-92.0	92	26306	159	-92.0	92	26306	159	-92.0	92	26306	159	-92.0	92	26306	159	-92.0	92	26306	159	-92.0	92	26306	159	-92.0	92	26306	159	-92.0	92	26306	159	-92.0	92	26306	159	-92.0	92	26306
160	-148.0	148	26454	160	-148.0	148	26454	160	-148.0	148	26454	160	-148.0	148	26454	160	-148.0	148	26454	160	-148.0	148	26454	160	-148.0	148	26454	160	-148.0	148	26454	160	-148.0	148	26454	160	-148.0	148	26454	160	-148.0	148	26454	160	-148.0	148	26454	160	-148.0	148	26454	160	-148.0	148	26454	160	-148.0	148	26454	160	-148.0	148	26454
161	-145.0	145	26599	161	-145.0	145	26599	161	-145.0	145	26599	161	-145.0	145	26599	161	-145.0	145	26599	161	-145.0	145	26599	161	-145.0	145	26599	161	-145.0	145	26599	161	-145.0	145	26599	161	-145.0	145	26599	161	-145.0	145	26599	161	-145.0	145	26599	161	-145.0	145	26599	161	-145.0	145	26599	161	-145.0	145	26599	161	-145.0	145	26599
162	-144.0	144	26743	162	-144.0	144	26743	162	-144.0	144	26743	162	-144.0	144	26743	162	-144.0	144	26743	162	-144.0	144	26743	162	-144.0	144	26743	162	-144.0	144	26743	162	-144.0	144	26743	162	-144.0	144	26743	162	-144.0	144	26743	162	-144.0	144	26743	162	-144.0	144	26743	162	-144.0	144	26743	162	-144.0	144	26743	162	-144.0	144	26743
163	-129.0	129	26872	163	-129.0	129	26872	163	-129.0	129	26872	163	-129.0	129	26872	163	-129.0	129	26872	163	-129.0	129	26872	163	-129.0	129	26872	163	-129.0	129	26872	163	-129.0	129	26872	163	-129.0	129	26872	163	-129.0	129	26872	163	-129.0	129	26872	163	-129.0	129	26872	163	-129.0	129	26872	163	-129.0	129	26872	163	-129.0	129	26872
164	-141.0	141	27013	164	-141.0	141	27013	164	-141.0	141	27013	164	-141.0	141	27013	164	-141.0	141	27013	164	-141.0	141	27013	164	-141.0	141	27013	164	-141.0	141	27013	164	-141.0	141	27013	164	-141.0	141	27013	164	-141.0	141	27013	164	-141.0	141	27013	164	-141.0	141	27013	164	-141.0	141	27013	164	-141.0	141	27013	164	-141.0	141	27013
165	-133.0	133	27146	165	-133.0	133	27146	165	-133.0	133	27146	165	-133.0	133	27146	165	-133.0	133	27146	165	-133.0	133	27146	165	-133.0	133	27146	165	-133.0	133	27146	165	-133.0	133	27146	165	-133.0	133	27146	165	-133.0	133	27146	165	-133.0	133	27146	165	-133.0	133	27146	165	-133.0	133	27146	165	-133.0	133	27146	165	-133.0	133	27146
166	-139.0	139	27285	166	-139.0	139	27285	166	-139.0	139	27285	166	-139.0	139	27285	166	-139.0	139	27285	166	-139.0	139	27285	166	-139.0	139	27285	166	-139.0	139	27285	166	-139.0	139	27285	166	-139.0	139	27285	166	-139.0	139	27285	166	-139.0	139	27285	166	-139.0	139	27285	166	-139.0	139	27285	166	-139.0	139	27285	166	-139.0	139	27285
167	-136.0	136	27421	167	-136.0	136	27421	167	-136.0	136	27421	167	-136.0	136	27421	167	-136.0	136	27421	167	-136.0	136	27421	167	-136.0	136	27421	167	-136.0	136	27421	167	-136.0	136	27421	167	-136.0	136	27421	167	-136.0	136	27421	167	-136.0	136	27421	167	-136.0	136	27421	167	-136.0	136	27421	167	-136.0	136	27421	167	-136.0	136	27421
168	-136.0	136	27557	168	-136.0	136	27557	168	-136.0	136	27557	168	-136.0	136	27557	168	-136.0	136	27557	168	-136.0	136	27557	168	-136.0	136	27557	168	-136.0	136	27557	168	-136.0	136	27557	168	-136.0	136	27557	168	-136.0	136	27557	168	-136.0	136	27557	168	-136.0	136	27557	168	-136.0	136	27557	168	-136.0	136	27557	168	-136.0	136	27557
169	-133.0	133	27690	169	-133.0	133	27690	169	-133.0	133	27690	169	-133.0	133	27690	169	-133.0	133	27690	169	-133.0	133	27690	169	-133.0	133	27690	169	-133.0	133	27690	169	-133.0	133	27690	169	-133.0	133	27690	169	-133.0	133	27690	169	-133.0	133	27690	169	-133.0	133	27690	169	-133.0	133	27690	169	-133.0	133	27690	169	-133.0	133	27690
170	-126.0	126	27816	170	-126.0	126	27816	170	-126.0	126	27816	170	-126.0	126	27816	170	-126.0	126	27816	170	-126.0	126	27816	170	-126.0	126	27816	170	-126.0	126	27816	170	-126.0	126	27816	170	-126.0	126	27816	170	-126.0	126	27816	170	-126.0	126	27816	170	-126.0	126	27816	170	-126.0	126	27816	170	-126.0	126	27816	170	-126.0	126	27816
171	-119.0	119	27935	171	-119.0	119	27935	171	-119.0	119	27935	171	-119.0	119	27935	171	-119.0	119	27935	171	-119.0	119	27935	171	-119.0	119	27935	171	-119.0	119	27935	171	-119.0	119	27935	171	-119.0	119	27935	171	-119.0	119	27935	171	-119.0	119	27935	171	-119.0	119	27935	171	-119.0	119	27935	171	-119.0	119	27935	171	-119.0	119	27935
172	-138.0	138	28073	172	-138.0	138	28073	172	-138.0	138	28073	172	-138.0	138	28073	172	-138.0	138	28073	172	-138.0	138	28073	172	-138.0	138	28073	172	-138.0	138	28073	172	-138.0	138	28073	172	-138.0	138	28073	172	-138.0	138	28073	172	-138.0	138	28073	172	-138.0	138	28073	172	-138.0	138	28073	172	-138.0	138	28073	172	-138.0	138	28073
173	-132.0	132	28205	173	-132.0	132	28205	173	-132.0	132	28205	173	-132.0	132	28205	173	-132.0	132	28205	173	-132.0	132	28205	173	-132.0	132	28205	173	-132.0	132	28205	173	-132.0	132	28205	173	-132.0	132	28205	173	-132.0	132	28205	173	-132.0	132	28205	173	-132.0	132	28205	173	-132.0	132	28205	173	-132.0	132	28205	173	-132.0	132	28205
174	-135.0	135	28340	174	-135.0	135	28340	174	-135.0	135	28340	174	-135.0	135	28340	174	-135.0	135	28340	174	-135.0	135	28340	174	-135.0	135	28340	174	-135.0	135	28340	174	-135.0	135	28340	174	-135.0	135	28340	174	-135.0	135	28340	174	-135.0	135	28340	174	-135.0	135	28340	174	-135.0	135	28340	174	-135.0	135	28340	174	-135.0	135	28340
175	-191.0	191	28531	175	-191.0	191	28531	175	-191.0	191	28531	175	-191.0	191	28531	175	-191.0	191	28531	175	-191.0	191	28531	175	-191.0	191	28531	175	-191.0	191	28531	175	-191.0	191	28531	175	-191.0	191	28531	175	-191.0	191	28531	175	-191.0	191	28531	175	-191.0	191	28531	175	-191.0	191	28531	175	-191.0	191	28531	175	-191.0	191	28531
176	-110.0	110	28641	176	-110.0	110	28641	176	-110.0	110	28641	176	-110.0	110	28641	176	-110.0	110	28641	176	-110.0	110	28641	176	-110.0	110	28641	176	-110.0	110	28641	176	-110.0	110	28641	176	-110.0	110	28641	176	-110.0	110	28641	176	-110.0	110	28641	176	-110.0	110	28641	176	-110.0	110	28641	176	-110.0	110	28641	176	-110.0	110	28641
177	-110.0	110	28751	177	-110.0	110	28751	177	-110.0	110	28751	177	-110.0	110	28751	177	-110.0	110	28751	177	-110.0	110	28751	177	-110.0	110	28751	177	-110.0	110	28751	177	-110.0	110	28751	177	-110.0	110	28751	177	-110.0	110	28751	177	-110.0	110	28751	177	-110.0	110	28751	177	-110.0	110	28751	177	-110.0	110	28751	177	-110.0	110	28751
178	-136.0	136	28887	178	-136.0	136	28887	178	-136.0	136	28887	178	-136.0	136	28887	178	-136.0	136	28887	178	-136.0	136	28887	178	-136.0	136	28887	178	-136.0	136	28887	178	-136.0	136	28887	178	-136.0	136	28887	178	-136.0	136	28887	178	-136.0	136	28887	178	-136.0	136	28887	178	-136.0	136	28887	178	-136.0	136	28887	178	-136.0	136	28887
179	-201.0	201	29088	179	-201.0	201	29088	179	-201.0	201	29088	179	-201.0	201	29088	179	-201.0	201	29088	179	-201.0	201	29088	179	-201.0	201	29088	179	-201.0	201	29088	179	-201.0	201	29088	179	-201.0	201	29088	179	-201.0	201	29088	179	-201.0	201	29088	179	-201.0	201	29088	179	-201.0	201	29088	179	-201.0	201	29088	179	-201.0	201	29088
180	-138.0	138	29226	180	-138.0	138	29226	180	-138.0	138	29226	180	-138.0	138	29226	180	-138.0	138	29226	180	-138.0	138	29226	180	-138.0	138	29226	180	-138.0	138	29226	180	-138.0	138	29226	180	-138.0	138	29226	180	-138.0	138	29226	180	-138.0	138	29226	180	-138.0	138	29226	180	-138.0	138	29226	180	-138.0	138	29226	180	-138.0	138	29226
181	-112.0	112	29338	181	-112.0	112	29338	181	-112.0	112	29338	181	-112.0	112	29338	181	-112.0	112	29338	181	-112.0	112	29338	181	-112.0	112	29338	181	-112.0	112	29338	181	-112.0	112	29338	181	-112.0	112	29338	181	-112.0	112	29338	181	-112.0	112	29338	181	-112.0	112	29338	181	-112.0	112	29338	181	-112.0	112	29338	181	-112.0	112	29338
182	-109.0	109	29447	182	-109.0	109	29447	182	-109.0	109	29447	182	-109.0	109	29447	182	-109.0	109	29447	182	-109.0	109	29447	182	-109.0	109	29447	182	-109.0	109	29447	182	-109.0	109	29447	182	-109.0	109	29447	182	-109.0	109	29447	182	-109.0	109	29447	182	-109.0	109	29447	182	-109.0	109	29447	182	-109.0	109	29447	182	-109.0	109	29447
183	-145.0	145	29592	183	-145.0	145	29592	183	-145.0	145	29592	183	-145.0	145	29592	183	-145.0	145	29592	183	-145.0	145	29592	183	-145.0	145	29592	183	-145.0	145	29592	183	-145.0	145	29592	183	-145.0	145	29592	183	-145.0	145	29592	183	-145.0	145	29592	183	-145.0	145	29592	183	-145.0	145	29592	183	-145.0	145	29592	183	-145.0	145	29592
184	-136.0	136	29728	184	-136.0	136	29728	184	-136.0	136	29728	184	-136.0	136	29728	184	-136.0	136	29728	184	-136.0	136	29728	184	-136.0	136	29728	184	-136.0	136	29728	184	-136.0	136	29728	184	-136.0	136	29728	184	-136.0	136	29728	184	-136.0	136	29728	184	-136.0	136	29728	184	-136.0	136	29728	184	-136.0	136	29728	184	-136.0	136	29728
185	-142.0	142	29870	185	-142.0	142	29870	185	-142.0	142	29870	185	-142.0	142	29870	185	-142.0	142	29870	185	-142.0	142	29870	185	-142.0	142	29870	185	-142.0	142	29870	185	-142.0	142	29870	185	-142.0	142	29870	185	-142.0	142	29870	185	-142.0	142	29870	185	-142.0	142	29870	185	-142.0	142	29870	185	-142.0	142	29870	185	-142.0	142	29870
186	-113.0	113	29983	186	-113.0	113	29983	186	-113.0	113	29983	186	-113.0	113	29983	186	-113.0	113	29983	186	-113.0	113	29983	186	-113.0	113	29983	186	-113.0	113	29983	186	-113.0	113	29983	186	-113.0	113	29983	186	-113.0	113	29983	186	-113.0	113	29983	186	-113.0	113	29983	186	-113.0	113	29983	186	-113.0	113	29983	186	-113.0	113	29983
187	-108.0	108	30091	187	-108.0	108	30091	187	-108.0	108	30091	187	-108.0	108	30091	187	-108.0	108	30091	187	-108.0	108	30091	187	-108.0	108	30091	187	-108.0	108	30091	187	-108.0	108	30091	187	-108.0	108	30091	187	-108.0	108	30091	187	-108.0	108	30091	187	-108.0	108	30091	187	-108.0	108	30091	187	-108.0	108	30091	187	-108.0	108	30091
188	-107.0	107	30198	188	-107.0	107	30198	188	-107.0	107	30198	188	-107.0	107	30198	188	-107.0	107	30198	188	-107.0	107	30198	188	-107.0	107	30198	188	-107.0	107	30198	188	-107.0	107	30198	188	-107.0	107	30198	188	-107.0	107	30198	188	-107.0	107	30198	188	-107.0	107	30198	188	-107.0	107	30198	188	-107.0	107	30198	188	-107.0	107	30198
189	-105.0	105	30303	189	-105.0	105	30303	189	-105.0	105	30303	189	-105.0	105	30303	189	-105.0	105	30303	189	-105.0	105	30303	189	-105.0	105	30303	189	-105.0	105	30303	189	-105.0	105	30303	189	-105.0	105	30303	189	-105.0	105	30303	189	-105.0	105	30303	189	-105.0	105	30303	189	-105.0	105	30303	189	-105.0	105	30303	189	-105.0	105	30303
190	-106.0	106	30409	190	-106.0	106	30409	190	-106.0	106	30409	190	-106.0	106	30409	190	-106.0	106	30409	190	-106.0	106	30409	190	-106.0	106	30409	190	-106.0	106	30409	190	-106.0	106	30409	190	-106.0	106	30409	190	-106.0	106	30409	190	-106.0	106	30409	190	-106.0	106	30409	190	-106.0	106	30409	190	-106.0	106	30409	190	-106.0	106	30409
191	-109.0	109	30518	191	-109.0	109	30518	191	-109.0	109	30518	191	-109.0	109	30518	191	-109.0	109	30518	191	-109.0	109	30518	191	-109.0	109	30518	191	-109.0	109	30518	191	-109.0	109	30518	191	-109.0	109	30518	191	-109.0	109	30518	191	-109.0	109	30518	191	-109.0	109	30518	191	-109.0	109	30518	191	-109.0	109	30518	191	-109.0	109	30518
192	-109.0	109	30627	192	-109.0	109	30627	192	-109.0	109	30627	192	-109.0	109	30627	192	-109.0	109	30627	192	-109.0	109	30627	192	-109.0	109	30627	192	-109.0	109	30627	192	-109.0	109	30627	192	-109.0	109	30627	192	-109.0	109	30627	192	-109.0	109	30627	192	-109.0	109	30627	192	-109.0	109	30627	192	-109.0	109	30627	192	-109.0	109	30627
193	-143.0	143	30770	193	-143.0	143	30770	193	-143.0	143	30770	193	-143.0	143	30770	193	-143.0	143	30770	193	-143.0	143	30770	193	-143.0	143	30770	193	-143.0	143	30770	193	-143.0	143	30770	193	-143.0	143	30770	193	-143.0	143	30770	193	-143.0	143	30770	193	-143.0	143	30770	193	-143.0	143	30770	193	-143.0	143	30770	193	-143.0	143	30770
194	-107.0	107	30877	194	-107.0	107	30877	194	-107.0	107	30877	194	-107.0	107	30877	194	-107.0	107	30877	194	-107.0	107	30877	194	-107.0	107	30877	194	-107.0	107	30877	194	-107.0	107	30877	194	-107.0	107	30877	194	-107.0	107	30877	194	-107.0	107	30877	194	-107.0	107	30877	194	-107.0	107	30877	194	-107.0	107	30877	194	-107.0	107	30877
195	-142.0	142	31019	195	-142.0	142	31019	195	-142.0	142	31019	195	-142.0	142	31019	195	-142.0	142	31019	195	-142.0	142	31019	195	-142.0	142	31019	195	-142.0	142	31019	195	-142.0	142	31019	195	-142.0	142	31019	195	-142.0	142	31019	195	-142.0	142	31019	195	-142.0	142	31019	195	-142.0	142	31019	195	-142.0	142	31019	195	-142.0	142	31019
196	-138.0	138	31157	196	-138.0	138	31157	196	-138.0	138	31157	196	-138.0	138	31157	196	-138.0	138	31157	196	-138.0	138	31157	196	-138.0	138	31157	196	-138.0	138	31157	196	-138.0	138	31157	196	-138.0	138	31157	196	-138.0	138	31157	196	-138.0	138	31157	196	-138.0	138	31157	196	-138.0	138	31157	196	-138.0	138	31157	196	-138.0	138	31157
197	-150.0	150	31307	197	-150.0	150	31307	197	-150.0	150	31307	197	-150.0	150	31307	197	-150.0	150	31307	197	-150.0	150	31307	197	-150.0	150	31307	197	-150.0	150	31307	197	-150.0	150	31307	197	-150.0	150	31307	197	-150.0	150	31307	197	-150.0	150	31307	197	-150.0	150	31307	197	-150.0	150	31307	197	-150.0	150	31307	197	-150.0	150	31307
198	-112.0	112	31419	198	-112.0	112	31419	198	-112.0	112	31419	198	-112.0	112	31419	198	-112.0	112	31419	198	-112.0	112	31419	198	-112.0	112	31419	198	-112.0	112	31419	198	-112.0	112	31419	198	-112.0	112	31419	198	-112.0	112	31419	198	-112.0	112	31419	198	-112.0	112	31419	198	-112.0	112	31419	198	-112.0	112	31419	198	-112.0	112	31419
199	-110.0	110	31529	199	-110.0	110	31529	199	-110.0	110	31529	199	-110.0	110	31529	199	-110.0	110	31529	199	-110.0	110	31529	199	-110.0	110	31529	199	-110.0	110	31529	199	-110.0	110	31529	199	-110.0	110	31529	199	-110.0	110	31529	199	-110.0	110	31529	199	-110.0	110	31529	199	-110.0	110	31529	199	-110.0	110	31529	199	-110.0	110	31529
200	-141.0	141	31670	200	-141.0	141	31670	200	-141.0	141	31670	200	-141.0	141	31670	200	-141.0	141	31670	200	-141.0	141	31670	200	-141.0	141	31670	200	-141.0	141	31670	200	-141.0	141	31670	200	-141.0	141	31670	200	-141.0	141	31670	200	-141.0	141	31670	200	-141.0	141	31670	200	-141.0	141	31670	200	-141.0	141	31670	200	-141.0	141	31670
201	-189.0	189	31859	201	-189.0	189	31859	201	-189.0	189	31859	201	-189.0	189	31859	201	-189.0	189	31859	201	-189.0	189	31859	201	-189.0	189	31859	201	-189.0	189	31859	201	-189.0	189	31859	201	-189.0	189	31859	201	-189.0	189	31859	201	-189.0	189	31859	201	-189.0	189	31859	201	-189.0	189	31859	201	-189.0	189	31859	201	-189.0	189	31859
202	-189.0	189	32048	202	-189.0	189	32048	202	-189.0	189	32048	202	-189.0	189	32048	202	-189.0	189	32048	202	-189.0	189	32048	202	-189.0	189	32048	202	-189.0	189	32048	202	-189.0	189	32048	202	-189.0	189	32048	202	-189.0	189	32048	202	-189.0	189	32048	202	-189.0	189	32048	202	-189.0	189	32048	202	-189.0	189	32048	202	-189.0	189	32048
203	-208.0	208	32256	203	-208.0	208	32256	203	-208.0	208	32256	203	-208.0	208	32256	203	-208.0	208	32256	203	-208.0	208	32256	203	-208.0	208	32256	203	-208.0	208	32256	203	-208.0	208	32256	203	-208.0	208	32256	203	-208.0	208	32256	203	-208.0	208	32256	203	-208.0	208	32256	203	-208.0	208	32256	203	-208.0	208	32256	203	-208.0	208	32256
204	-115.0	115	32371	204	-115.0	115	32371	204	-115.0	115	32371	204	-115.0	115	32371	204	-115.0	115	32371	204	-115.0	115	32371	204	-115.0	115	32371	204	-115.0	115	32371	204	-115.0	115	32371	204	-115.0	115	32371	204	-115.0	115	32371	204	-115.0	115	32371	204	-115.0	115	32371	204	-115.0	115	32371	204	-115.0	115	32371	204	-115.0	115	32371
205	-112.0	112	32483	205	-112.0	112	32483	205	-112.0	112	32483	205	-112.0	112	32483	205	-112.0	112	32483	205	-112.0	112	32483	205	-112.0	112	32483	205	-112.0	112	32483	205	-112.0	112	32483	205	-112.0	112	32483	205	-112.0	112	32483	205	-112.0	112	32483	205	-112.0	112	32483	205	-112.0	112	32483	205	-112.0	112	32483	205	-112.0	112	32483
206	-136.0	136	32619	206	-136.0	136	32619	206	-136.0	136	32619	206	-136.0	136	32619	206	-136.0	136	32619	206	-136.0	136	32619	206	-136.0	136	32619	206	-136.0	136	32619	206	-136.0	136	32619	206	-136.0	136	32619	206	-136.0	136	32619	206	-136.0	136	32619	206	-136.0	136	32619	206	-136.0	136	32619	206	-136.0	136	32619	206	-136.0	136	32619
207	-136.0	136	32755	207	-136.0	136	32755	207	-136.0	136	32755	207	-136.0	136	32755	207	-136.0	136	32755	207	-136.0	136	32755	207	-136.0	136	32755	207	-136.0	136	32755	207	-136.0	136	32755	207	-136.0	136	32755	207	-136.0	136	32755	207	-136.0	136	32755	207	-136.0	136	32755	207	-136.0	136	32755	207	-136.0	136	32755	207	-136.0	136	32755
208	-115.0	115	32870	208	-115.0	115	32870	208	-115.0	115	32870	208	-115.0	115	32870	208	-115.0	115	32870	208	-115.0	115	32870	208	-115.0	115	32870	208	-115.0	115	32870	208	-115.0	115	32870	208	-115.0	115	32870	208	-115.0	115	32870	208	-115.0	115	32870	208	-115.0	115	32870	208	-115.0	115	32870	208	-115.0	115	32870	208	-115.0	115	32870
209	-137.0	137	33007	209	-137.0	137	33007	209	-137.0	137	33007	209	-137.0	137	33007	209	-137.0	137	33007	209	-137.0	137	33007	209	-137.0	137	33007	209	-137.0	137	33007	209	-137.0	137	33007	209	-137.0	137	33007	209	-137.0	137	33007	209	-137.0	137	33007	209	-137.0	137	33007	209	-137.0	137	33007	209	-137.0	137	33007	209	-137.0	137	33007
210	-143.0	143	33150	210	-143.0	143	33150	210	-143.0	143	33150	210	-143.0	143	33150	210	-143.0	143	33150	210	-143.0	143	33150	210	-143.0	143	33150	210	-143.0	143	33150	210	-143.0	143	33150	210	-143.0	143	33150	210	-143.0	143	33150	210	-143.0	143	33150	210	-143.0	143	33150	210	-143.0	143	33150	210	-143.0	143	33150	210	-143.0	143	33150
211	-140.0	140	33290	211	-140.0	140	33290	211	-140.0	140	33290	211	-140.0	140	33290	211	-140.0	140	33290	211	-140.0	140	33290	211	-140.0	140	33290	211	-140.0	140	33290	211	-140.0	140	33290	211	-140.0	140	33290	211	-140.0	140	33290	211	-140.0	140	33290	211	-140.0	140	33290	211	-140.0	140	33290	211	-140.0	140	33290	211	-140.0	140	33290
212	-140.0	140	33430	212	-140.0	140	33430	212	-140.0	140	33430	212	-140.0	140	33430	212	-140.0	140	33430	212	-140.0	140	33430	212	-140.0	140	33430	212	-140.0	140	33430	212	-140.0	140	33430	212	-140.0	140	33430	212	-140.0	140	33430	212	-140.0	140	33430	212	-140.0	140	33430	212	-140.0	140	33430	212	-140.0	140	33430	212	-140.0	140	33430
213	-137.0	137	33567	213	-137.0	137	33567	213	-137.0	137	33567	213	-137.0	137	33567	213	-137.0	137	33567	213	-137.0	137	33567	213	-137.0	137	33567	213	-137.0	137	33567	213	-137.0	137	33567	213	-137.0	137	33567	213	-137.0	137	33567	213	-137.0	137	33567	213	-137.0	137	33567	213	-137.0	137	33567	213	-137.0	137	33567	213	-137.0	137	33567
214	-146.0	146	33713	214	-146.0	146	33713	214	-146.0	146	33713	214	-146.0	146	33713	214	-146.0	146	33713	214	-146.0	146	33713	214	-146.0	146	33713	214	-146.0	146	33713	214	-146.0	146	33713	214	-146.0	146	33713	214	-146.0	146	33713	214	-146.0	146	33713	214	-146.0	146	33713	214	-146.0	146	33713	214	-146.0	146	33713	214	-146.0	146	33713
215	-140.0	140	33853	215	-140.0	140	33853	215	-140.0	140	33853	215	-140.0	140	33853	215	-140.0	140	33853	215	-140.0	140	33853	215	-140.0	140	33853	215	-140.0	140	33853	215	-140.0	140	33853	215	-140.0	140	33853	215	-140.0	140	33853	215	-140.0	140	33853	215	-140.0	140	33853	215	-140.0	140	33853	215	-140.0	140	33853	215	-140.0	140	33853
216	-133.0	133	33986	216	-133.0	133	33986	216	-133.0	133	33986	216	-133.0	133	33986	216	-133.0	133	33986	216	-133.0	133	33986	216	-133.0	133	33986	216	-133.0	133	33986	216	-133.0	133	33986	216	-133.0	133	33986	216	-133.0	133	33986	216	-133.0	133	33986	216	-133.0	133	33986	216	-133.0	133	33986	216	-133.0	133	33986	216	-133.0	133	33986
217	-119.0	119	34105	217	-119.0	119	34105	217	-119.0	119	34105	217	-119.0	119	34105	217	-119.0	119	34105	217	-119.0	119	34105	217	-119.0	119	34105	217	-119.0	119	34105	217	-119.0	119	34105	217	-119.0	119	34105	217	-119.0	119	34105	217	-119.0	119	34105	217	-119.0	119	34105	217	-119.0	119	34105	217	-119.0	119	34105	217	-119.0	119	34105
218	-105.0	105	34210	218	-105.0	105	34210	218	-105.0	105	34210	218	-105.0	105	34210	218	-105.0	105	34210	218	-105.0	105	34210	218	-105.0	105	34210	218	-105.0	105	34210	218	-105.0	105	34210	218	-105.0	105	34210	218	-105.0	105	34210	218	-105.0	105	34210	218	-105.0	105	34210	218	-105.0	105	34210	218	-105.0	105	34210	218	-105.0	105	34210
219	-106.0	106	34316	219	-106.0	106	34316	219	-106.0	106	34316	219	-106.0	106	34316	219	-106.0	106	34316	219	-106.0	106	34316	219	-106.0	106	34316	219	-106.0	106	34316	219	-106.0	106	34316	219	-106.0	106	34316	219	-106.0	106	34316	219	-106.0	106	34316	219	-106.0	106	34316	219	-106.0	106	34316	219	-106.0	106	34316	219	-106.0	106	34316
220	-142.0	142	34458	220	-142.0	142	34458	220	-142.0	142	34458	220	-142.0	142	34458	220	-142.0	142	34458	220	-142.0	142	34458	220	-142.0	142	34458	220	-142.0	142	34458	220	-142.0	142	34458	220	-142.0	142	34458	220	-142.0	142	34458	220	-142.0	142	34458	220	-142.0	142	34458	220	-142.0	142	34458	220	-142.0	142	34458	220	-142.0	142	34458
221	-106.0	106	34564	221	-106.0	106	34564	221	-106.0	106	34564	221	-106.0	106	34564	221	-106.0	106	34564	221	-106.0	106	34564	221	-106.0	106	34564	221	-106.0	106	34564	221	-106.0	106	34564	221	-106.0	106	34564	221	-106.0	106	34564	221	-106.0	106	34564	221	-106.0	106	34564	221	-106.0	106	34564	221	-106.0	106	34564	221	-106.0	106	34564
222	-107.0	107	34671	222	-107.0	107	34671	222	-107.0	107	34671	222	-107.0	107	34671	222	-107.0	107	34671	222	-107.0	107	34671	222	-107.0	107	34671	222	-107.0	107	34671	222	-107.0	107	34671	222	-107.0	107	34671	222	-107.0	107	34671	222	-107.0	107	34671	222	-107.0	107	34671	222	-107.0	107	34671	222	-107.0	107	34671	222	-107.0	107	34671
223	-138.0	138	34809	223	-138.0	138	34809	223	-138.0	138	34809	223	-138.0	138	34809	223	-138.0	138	34809	223	-138.0	138	34809	223	-138.0	138	34809	223	-138.0	138	34809	223	-138.0	138	34809	223	-138.0	138	34809	223	-138.0	138	34809	223	-138.0	138	34809	223	-138.0	138	34809	223	-138.0	138	34809	223	-138.0	138	34809	223	-138.0	138	34809
224	-136.0	136	34945	224	-136.0	136	34945	224	-136.0	136	34945	224	-136.0	136	34945	224	-136.0	136	34945	224	-136.0	136	34945	224	-136.0	136	34945	224	-136.0	136	34945	224	-136.0	136	34945	224	-136.0	136	34945	224	-136.0	136	34945	224	-136.0	136	34945	224	-136.0	136	34945	224	-136.0	136	34945	224	-136.0	136	34945	224	-136.0	136	34945
225	-105.0	105	35050	225	-105.0	105	35050	225	-105.0	105	35050	225	-105.0	105	35050	225	-105.0	105	35050	225	-105.0	105	35050	225	-105.0	105	35050	225	-105.0	105	35050	225	-105.0	105	35050	225	-105.0	105	35050	225	-105.0	105	35050	225	-105.0	105	35050	225	-105.0	105	35050	225	-105.0	105	35050	225	-105.0	105	35050	225	-105.0	105	35050
226	-136.0	136	35186	226	-136.0	136	35186	226	-136.0	136	35186	226	-136.0	136	35186	226	-136.0	136	35186	226	-136.0	136	35186	226	-136.0	136	35186	226	-136.0	136	35186	226	-136.0	136	35186	226	-136.0	136	35186	226	-136.0	136	35186	226	-136.0	136	35186	226	-136.0	136	35186	226	-136.0	136	35186	226	-136.0	136	35186	226	-136.0	136	35186
227	-134.0	134	35320	227	-134.0	134	35320	227	-134.0	134	35320	227	-134.0	134	35320	227	-134.0	134	35320	227	-134.0	134	35320	227	-134.0	134	35320	227	-134.0	134	35320	227	-134.0	134	35320	227	-134.0	134	35320	227	-134.0	134	35320	227	-134.0	134	35320	227	-134.0	134	35320	227	-134.0	134	35320	227	-134.0	134	35320	227	-134.0	134	35320
228	-106.0	106	35426	228	-106.0	106	35426	228	-106.0	106	35426	228	-106.0	106	35426	228	-106.0	106	35426	228	-106.0	106	35426	228	-106.0	106	35426	228	-106.0	106	35426	228	-106.0	106	35426	228	-106.0	106	35426	228	-106.0	106	35426	228	-106.0	106	35426	228	-106.0	106	35426	228	-106.0	106	35426	228	-106.0	106	35426	228	-106.0	106	35426
229	-109.0	109	35535	229	-109.0	109	35535	229	-109.0	109	35535	229	-109.0	109	35535	229	-109.0	109	35535	229	-109.0	109	35535	229	-109.0	109	35535	229	-109.0	109	35535	229	-109.0	109	35535	229	-109.0	109	35535	229	-109.0	109	35535	229	-109.0	109	35535	229	-109.0	109	35535	229	-109.0	109	35535	229	-109.0	109	35535	229	-109.0	109	35535
230	-133.0	133	35668	230	-133.0	133	35668	230	-133.0	133	35668	230	-133.0	133	35668	230	-133.0	133	35668	230	-133.0	133	35668	230	-133.0	133	35668	230	-133.0	133	35668	230	-133.0	133	35668	230	-133.0	133	35668	230	-133.0	133	35668	230	-133.0	133	35668	230	-133.0	133	35668	230	-133.0	133	35668	230	-133.0	133	35668	230	-133.0	133	35668
231	-134.0	134	35802	231	-134.0	134	35802	231	-134.0	134	35802	231	-134.0	134	35802	231	-134.0	134	35802	231	-134.0	134	35802	231	-134.0	134	35802	231	-134.0	134	35802	231	-134.0	134	35802	231	-134.0	134	35802	231	-134.0	134	35802	231	-134.0	134	35802	231	-134.0	134	35802	231	-134.0	134	35802	231	-134.0	134	35802	231	-134.0	134	35802
232	-136.0	136	35938	232	-136.0	136	35938	232	-136.0	136	35938	232	-136.0	136	35938	232	-136.0	136	35938	232	-136.0	136	35938	232	-136.0	136	35938	232	-136.0	136	35938	232	-136.0	136	35938	232	-136.0	136	35938	232	-136.0	136	35938	232	-136.0	136	35938	232	-136.0	136	35938	232	-136.0	136	35938	232	-136.0	136	35938	232	-136.0	136	35938
233	-107.0	107	36045	233	-107.0	107	36045	233	-107.0	107	36045	233	-107.0	107	36045	233	-107.0	107	36045	233	-107.0	107	36045	233	-107.0	107	36045	233	-107.0	107	36045	233	-107.0	107	36045	233	-107.0	107	36045	233	-107.0	107	36045	233	-107.0	107	36045	233	-107.0	107	36045	233	-107.0	107	36045	233	-107.0	107	36045	233	-107.0	107	36045
234	-135.0	135	36180	234	-135.0	135	36180	234	-135.0	135	36180	234	-135.0	135	36180	234	-135.0	135	36180	234	-135.0	135	36180	234	-135.0	135	36180	234	-135.0	135	36180	234	-135.0	135	36180	234	-135.0	135	36180	234	-135.0	135	36180	234	-135.0	135	36180	234	-135.0	135	36180	234	-135.0	135	36180	234	-135.0	135	36180	234	-135.0	135	36180
235	-135.0	135	36315	235	-135.0	135	36315	235	-135.0	135	36315	235	-135.0	135	36315	235	-135.0	135	36315	235	-135.0	135	36315	235	-135.0	135	36315	235	-135.0	135	36315	235	-135.0	135	36315	235	-135.0	135	36315	235	-135.0	135	36315	235	-135.0	135	36315	235	-135.0	135	36315	235	-135.0	135	36315	235	-135.0	135	36315	235	-135.0	135	36315
236	-106.0	106	36421	236	-106.0	106	36421	236	-106.0	106	36421	236	-106.0	106	36421	236	-106.0	106	36421	236	-106.0	106	36421	236	-106.0	106	36421	236	-106.0	106	36421	236	-106.0	106	36421	236	-106.0	106	36421	236	-106.0	106	36421	236	-106.0	106	36421	236	-106.0	106	36421	236	-106.0	106	36421	236	-106.0	106	36421	236	-106.0	106	36421
237	-134.0	134	36555	237	-134.0	134	36555	237	-134.0	134	36555	237	-134.0	134	36555	237	-134.0	134	36555	237	-134.0	134	36555	237	-134.0	134	36555	237	-134.0	134	36555	237	-134.0	134	36555	237	-134.0	134	36555	237	-134.0	134	36555	237	-134.0	134	36555	237	-134.0	134	36555	237	-134.0	134	36555	237	-134.0	134	36555	237	-134.0	134	36555
238	-135.0	135	36690	238	-135.0	135	36690	238	-135.0	135	36690	238	-135.0	135	36690	238	-135.0	135	36690	238	-135.0	135	36690	238	-135.0	135	36690	238	-135.0	135	36690	238	-135.0	135	36690	238	-135.0	135	36690	238	-135.0	135	36690	238	-135.0	135	36690	238	-135.0	135	36690	238	-135.0	135	36690	238	-135.0	135	36690	238	-135.0	135	36690
239	-135.0	135	36825	239	-135.0	135	36825	239	-135.0	135	36825	239	-135.0	135	36825	239	-135.0	135	36825	239	-135.0	135	36825	239	-135.0	135	36825	239	-135.0	135	36825	239	-135.0	135	36825	239	-135.0	135	36825	239	-135.0	135	36825	239	-135.0	135	36825	239	-135.0	135	36825	239	-135.0	135	36825	239	-135.0	135	36825	239	-135.0	135	36825
240	-135.0	135	36960	240	-135.0	135	36960	240	-135.0	135	36960	240	-135.0	135	36960	240	-135.0	135	36960	240	-135.0	135	36960	240	-135.0	135	36960	240	-135.0	135	36960	240	-135.0	135	36960	240	-135.0	135	36960	240	-135.0	135	36960	240	-135.0	135	36960	240	-135.0	135	36960	240	-135.0	135	36960	240	-135.0	135	36960	240	-135.0	135	36960
241	-138.0	138	37098	241	-138.0	138	37098	241	-138.0	138	37098	241	-138.0	138	37098	241	-138.0	138	37098	241	-138.0	138	37098	241	-138.0	138	37098	241	-138.0	138	37098	241	-138.0	138	37098	241	-138.0	138	37098	241	-138.0	138	37098	241	-138.0	138	37098	241	-138.0	138	37098	241	-138.0	138	37098	241	-138.0	138	37098	241	-138.0	138	37098
242	-141.0	141	37239	242	-141.0	141	37239	242	-141.0	141	37239	242	-141.0	141	37239	242	-141.0	141	37239	242	-141.0	141	37239	242	-141.0	141	37239	242	-141.0	141	37239	242	-141.0	141	37239	242	-141.0	141	37239	242	-141.0	141	37239	242	-141.0	141	37239	242	-141.0	141	37239	242	-141.0	141	37239	242	-141.0	141	37239	242	-141.0	141	37239
243	-106.0	106	37345	243	-106.0	106	37345	243	-106.0	106	37345	243	-106.0	106	37345	243	-106.0	106	37345	243	-106.0	106	37345	243	-106.0	106	37345	243	-106.0	106	37345	243	-106.0	106	37345	243	-106.0	106	37345	243	-106.0	106	37345	243	-106.0	106	37345	243	-106.0	106	37345	243	-106.0	106	37345	243	-106.0	106	37345	243	-106.0	106	37345
244	-105.0	105	37450	244	-105.0	105	37450	244	-105.0	105	37450	244	-105.0	105	37450	244	-105.0	105	37450	244	-105.0	105	37450	244	-105.0	105	37450	244	-105.0	105	37450	244	-105.0	105	37450	244	-105.0	105	37450	244	-105.0	105	37450	244	-105.0	105	37450	244	-105.0	105	37450	244	-105.0	105	37450	244	-105.0	105	37450	244	-105.0	105	37450
245	-108.0	108	37558	245	-108.0	108	37558	245	-108.0	108	37558	245	-108.0	108	37558	245	-108.0	108	37558	245	-108.0	108	37558	245	-108.0	108	37558	245	-108.0	108	37558	245	-108.0	108	37558	245	-108.0	108	37558	245	-108.0	108	37558	245	-108.0	108	37558	245	-108.0	108	37558	245	-108.0	108	37558	245	-108.0	108	37558	245	-108.0	108	37558
246	-159.0	159	37717	246	-159.0	159	37717	246	-159.0	159	37717	246	-159.0	159	37717	246	-159.0	159	37717	246	-159.0	159	37717	246	-159.0	159	37717	246	-159.0	159	37717	246	-159.0	159	37717	246	-159.0	159	37717	246	-159.0	159	37717	246	-159.0	159	37717	246	-159.0	159	37717	246	-159.0	159	37717	246	-159.0	159	37717	246	-159.0	159	37717
247	-134.0	134	37851	247	-134.0	134	37851	247	-134.0	134	37851	247	-134.0	134	37851	247	-134.0	134	37851	247	-134.0	134	37851	247	-134.0	134	37851	247	-134.0	134	37851	247	-134.0	134	37851	247	-134.0	134	37851	247	-134.0	134	37851	247	-134.0	134	37851	247	-134.0	134	37851	247	-134.0	134	37851	247	-134.0	134	37851	247	-134.0	134	37851
248	-105.0	105	37956	248	-105.0	105	37956	248	-105.0	105	37956	248	-105.0	105	37956	248	-105.0	105	37956	248	-105.0	105	37956	248	-105.0	105	37956	248	-105.0	105	37956	248	-105.0	105	37956	248	-105.0	105	37956	248	-105.0	105	37956	248	-105.0	105	37956	248	-105.0	105	37956	248	-105.0	105	37956	248	-105.0	105	37956	248	-105.0	105	37956
249	-135.0	135	38091	249	-135.0	135	38091	249	-135.0	135	38091	249	-135.0	135	38091	249	-135.0	135	38091	249	-135.0	135	38091	249	-135.0	135	38091	249	-135.0	135	38091	249	-135.0	135	38091	249	-135.0	135	38091	249	-135.0	135	38091	249	-135.0	135	38091	249	-135.0	135	38091	249	-135.0	135	38091	249	-135.0	135	38091	249	-135.0	135	38091
250	-138.0	138	38229	250	-138.0	138	38229	250	-138.0	138	38229	250	-138.0	138	38229	250	-138.0	138	38229	250	-138.0	138	38229	250	-138.0	138	38229	250	-138.0	138	38229	250	-138.0	138	38229	250	-138.0	138	38229	250	-138.0	138	38229	250	-138.0	138	38229	250	-138.0	138	38229	250	-138.0	138	38229	250	-138.0	138	38229	250	-138.0	138	38229
251	-106.0	106	38335	251	-106.0	106	38335	251	-106.0	106	38335	251	-106.0	106	38335	251	-106.0	106	38335	251	-106.0	106	38335	251	-106.0	106	38335	251	-106.0	106	38335	251	-106.0	106	38335	251	-106.0	106	38335	251	-106.0	106	38335	251	-106.0	106	38335	251	-106.0	106	38335	251	-106.0	106	38335	251	-106.0	106	38335	251	-106.0	106	38335
252	-137.0	137	38472	252	-137.0	137	38472	252	-137.0	137	38472	252	-137.0	137	38472	252	-137.0	137	38472	252	-137.0	137	38472	252	-137.0	137	38472	252	-137.0	137	38472	252	-137.0	137	38472	252	-137.0	137	38472	252	-137.0	137	38472	252	-137.0	137	38472	252	-137.0	137	38472	252	-137.0	137	38472	252	-137.0	137	38472	252	-137.0	137	38472
253	-144.0	144	38616	253	-144.0	144	38616	253	-144.0	144	38616	253	-144.0	144	38616	253	-144.0	144	38616	253	-144.0	144	38616	253	-144.0	144	38616	253	-144.0	144	38616	253	-144.0	144	38616	253	-144.0	144	38616	253	-144.0	144	38616	253	-144.0	144	38616	253	-144.0	144	38616	253	-144.0	144	38616	253	-144.0	144	38616	253	-144.0	144	38616
254	-143.0	143	38759	254	-143.0	143	38759	254	-143.0	143	38759	254	-143.0	143	38759	254	-143.0	143	38759	254	-143.0	143	38759	254	-143.0	143	38759	254	-143.0	143	38759	254	-143.0	143	38759	254	-143.0	143	38759	254	-143.0	143	38759	254	-143.0	143	38759	254	-143.0	143	38759	254	-143.0	143	38759	254	-143.0	143	38759	254	-143.0	143	38759
255	-149.0	149	38908	255	-149.0	149	38908	255	-149.0	149	38908	255	-149.0	149	38908	255	-149.0	149	38908	255	-149.0	149	38908	255	-149.0	149	38908	255	-149.0	149	38908	255	-149.0	149	38908	255	-149.0	149	38908	255	-149.0	149	38908	255	-149.0	149	38908	255	-149.0	149	38908	255	-149.0	149	38908	255	-149.0	149	38908	255	-149.0	149	38908
256	-134.0	134	39042	256	-134.0	134	39042	256	-134.0	134	39042	256	-134.0	134	39042	256	-134.0	134	39042	256	-134.0	134	39042	256	-134.0	134	39042	256	-134.0	134	39042	256	-134.0	134	39042	256	-134.0	134	39042	256	-134.0	134	39042	256	-134.0	134	39042	256	-134.0	134	39042	256	-134.0	134	39042	256	-134.0	134	39042	256	-134.0	134	39042
257	-136.0	136	39178	257	-136.0	136	39178	257	-136.0	136	39178	257	-136.0	136	39178	257	-136.0	136	39178	257	-136.0	136	39178	257	-136.0	136	39178	257	-136.0	136	39178	257	-136.0	136	39178	257	-136.0	136	39178	257	-136.0	136	39178	257	-136.0	136	39178	257	-136.0	136	39178	257	-136.0	136	39178	257	-136.0	136	39178	257	-136.0	136	39178
258	-136.0	136	39314	258	-136.0	136	39314	258	-136.0	136	39314	258	-136.0	136	39314	258	-136.0	136	39314	258	-136.0	136	39314	258	-136.0	136	39314	258	-136.0	136	39314	258	-136.0	136	39314	258	-136.0	136	39314	258	-136.0	136	39314	258	-136.0	136	39314	258	-136.0	136	39314	258	-136.0	136	39314	258	-136.0	136	39314	258	-136.0	136	39314
259	-130.0	130	39444	259	-130.0	130	39444	259	-130.0	130	39444	259	-130.0	130	39444	259	-130.0	130	39444	259	-130.0	130	39444	259	-130.0	130	39444	259	-130.0	130	39444	259	-130.0	130	39444	259	-130.0	130	39444	259	-130.0	130	39444	259	-130.0	130	39444	259	-130.0	130	39444	259	-130.0	130	39444	259	-130.0	130	39444	259	-130.0	130	39444
260	-142.0	142	39586	260	-142.0	142	39586	260	-142.0	142	39586	260	-142.0	142	39586	260	-142.0	142	39586	260	-142.0	142	39586	260	-142.0	142	39586	260	-142.0	142	39586	260	-142.0	142	39586	260	-142.0	142	39586	260	-142.0	142	39586	260	-142.0	142	39586	260	-142.0	142	39586	260	-142.0	142	39586	260	-142.0	142	39586	260	-142.0	142	39586
261	-174.0	174	39760	261	-174.0	174	39760	261	-174.0	174	39760	261	-174.0	174	39760	261	-174.0	174	39760	261	-174.0	174	39760	261	-174.0	174	39760	261	-174.0	174	39760	261	-174.0	174	39760	261	-174.0	174	39760	261	-174.0	174	39760	261	-174.0	174	39760	261	-174.0	174	39760	261	-174.0	174	39760	261	-174.0	174	39760	261	-174.0	174	39760
262	-149.0	149	39909	262	-149.0	149	39909	262	-149.0	149	39909	262	-149.0	149	39909	262	-149.0	149	39909	262	-149.0	149	39909	262	-149.0	149	39909	262	-149.0	149	39909	262	-149.0	149	39909	262	-149.0	149	39909	262	-149.0	149	39909	262	-149.0	149	39909	262	-149.0	149	39909	262	-149.0	149	39909	262	-149.0	149	39909	262	-149.0	149	39909
263	-137.0	137	40046	263	-137.0	137	40046	263	-137.0	137	40046	263	-137.0	137	40046	263	-137.0	137	40046	263	-137.0	137	40046	263	-137.0	137	40046	263	-137.0	137	40046	263	-137.0	137	40046	263	-137.0	137	40046	263	-137.0	137	40046	263	-137.0	137	40046	263	-137.0	137	40046	263	-137.0	137	40046	263	-137.0	137	40046	263	-137.0	137	40046
264	-139.0	139	40185	264	-139.0	139	40185	264	-139.0	139	40185	264	-139.0	139	40185	264	-139.0	139	40185	264	-139.0	139	40185	264	-139.0	139	40185	264	-139.0	139	40185	264	-139.0	139	40185	264	-139.0	139	40185	264	-139.0	139	40185	264	-139.0	139	40185	264	-139.0	139	40185	264	-139.0	139	40185	264	-139.0	139	40185	264	-139.0	139	40185
265	-106.0	106	40291	265	-106.0	106	40291	265	-106.0	106	40291	265	-106.0	106	40291	265	-106.0	106	40291	265	-106.0	106	40291	265	-106.0	106	40291	265	-106.0	106	40291	265	-106.0	106	40291	265	-106.0	106	40291	265	-106.0	106	40291	265	-106.0	106	40291	265	-106.0	106	40291	265	-106.0	106	40291	265	-106.0	106	40291	265	-106.0	106	40291
266	-135.0	135	40426	266	-135.0	135	40426	266	-135.0	135	40426	266	-135.0	135	40426	266	-135.0	135	40426	266	-135.0	135	40426	266	-135.0	135	40426	266	-135.0	135	40426	266	-135.0	135	40426	266	-135.0	135	40426	266	-135.0	135	40426	266	-135.0	135	40426	266	-135.0	135	40426	266	-135.0	135	40426	266	-135.0	135	40426	266	-135.0	135	40426
267	-109.0	109	40535	267	-109.0	109	40535	267	-109.0	109	40535	267	-109.0	109	40535	267	-109.0	109	40535	267	-109.0	109	40535	267	-109.0	109	40535	267	-109.0	109	40535	267	-109.0	109	40535	267	-109.0	109	40535	267	-109.0	109	40535	267	-109.0	109	40535	267	-109.0	109	40535	267	-109.0	109	40535	267	-109.0	109	40535	267	-109.0	109	40535
268	-157.0	157	40692	268	-157.0	157	40692	268	-157.0	157	40692	268	-157.0	157	40692	268	-157.0	157	40692	268	-157.0	157	40692	268	-157.0	157	40692	268	-157.0	157	40692	268	-157.0	157	40692	268	-157.0	157	40692	268	-157.0	157	40692	268	-157.0	157	40692	268	-157.0	157	40692	268	-157.0	157	40692	268	-157.0	157	40692	268	-157.0	157	40692
269	-134.0	134	40826	269	-134.0	134	40826	269	-134.0	134	40826	269	-134.0	134	40826	269	-134.0	134	40826	269	-134.0	134	40826	269	-134.0	134	40826	269	-134.0	134	40826	269	-134.0	134	40826	269	-134.0	134	40826	269	-134.0	134	40826	269	-134.0	134	40826	269	-134.0	134	40826	269	-134.0	134	40826	269	-134.0	134	40826	269	-134.0	134	40826
270	-136.0	136	40962	270	-136.0	136	40962	270	-136.0	136	40962	270	-136.0	136	40962	270	-136.0	136	40962	270	-136.0	136	40962	270	-136.0	136	40962	270	-136.0	136	40962	270	-136.0	136	40962	270	-136.0	136	40962	270	-136.0	136	40962	270	-136.0	136	40962	270	-136.0	136	40962	270	-136.0	136	40962	270	-136.0	136	40962	270	-136.0	136	40962
271	-136.0	136	41098	271	-136.0	136	41098	271	-136.0	136	41098	271	-136.0	136	41098	271	-136.0	136	41098	271	-136.0	136	41098	271	-136.0	136	41098	271	-136.0	136	41098	271	-136.0	136	41098	271	-136.0	136	41098	271	-136.0	136	41098	271	-136.0	136	41098	271	-136.0	136	41098	271	-136.0	136	41098	271	-136.0	136	41098	271	-136.0	136	41098
272	-135.0	135	41233	272	-135.0	135	41233	272	-135.0	135	41233	272	-135.0	135	41233	272	-135.0	135	41233	272	-135.0	135	41233	272	-135.0	135	41233	272	-135.0	135	41233	272	-135.0	135	41233	272	-135.0	135	41233	272	-135.0	135	41233	272	-135.0	135	41233	272	-135.0	135	41233	272	-135.0	135	41233	272	-135.0	135	41233	272	-135.0	135	41233
273	-136.0	136	41369	273	-136.0	136	41369	273	-136.0	136	41369	273	-136.0	136	41369	273	-136.0	136	41369	273	-136.0	136	41369	273	-136.0	136	41369	273	-136.0	136	41369	273	-136.0	136	41369	273	-136.0	136	41369	273	-136.0	136	41369	273	-136.0	136	41369	273	-136.0	136	41369	273	-136.0	136	41369	273	-136.0	136	41369	273	-136.0	136	41369
274	-141.0	141	41510	274	-141.0	141	41510	274	-141.0	141	41510	274	-141.0	141	41510	274	-141.0	141	41510	274	-141.0	141	41510	274	-141.0	141	41510	274	-141.0	141	41510	274	-141.0	141	41510	274	-141.0	141	41510	274	-141.0	141	41510	274	-141.0	141	41510	274	-141.0	141	41510	274	-141.0	141	41510	274	-141.0	141	41510	274	-141.0	141	41510
275	-113.0	113	41623	275	-113.0	113	41623	275	-113.0	113	41623	275	-113.0	113	41623	275	-113.0	113	41623	275	-113.0	113	41623	275	-113.0	113	41623	275	-113.0	113	41623	275	-113.0	113	41623	275	-113.0	113	41623	275	-113.0	113	41623	275	-113.0	113	41623	275	-113.0	113	41623	275	-113.0	113	41623	275	-113.0	113	41623	275	-113.0	113	41623
276	-109.0	109	41732	276	-109.0	109	41732	276	-109.0	109	41732	276	-109.0	109	41732	276	-109.0	109	41732	276	-109.0	109	41732	276	-109.0	109	41732	276	-109.0	109	41732	276	-109.0	109	41732	276	-109.0	109	41732	276	-109.0	109	41732	276	-109.0	109	41732	276	-109.0	109	41732	276	-109.0	109	41732	276	-109.0	109	41732	276	-109.0	109	41732
277	-108.0	108	41840	277	-108.0	108	41840	277	-108.0	108	41840	277	-108.0	108	41840	277	-108.0	108	41840	277	-108.0	108	41840	277	-108.0	108	41840	277	-108.0	108	41840	277	-108.0	108	41840	277	-108.0	108	41840	277	-108.0	108	41840	277	-108.0	108	41840	277	-108.0	108	41840	277	-108.0	108	41840	277	-108.0	108	41840	277	-108.0	108	41840
278	-156.0	156	41996	278	-156.0	156	41996	278	-156.0	156	41996	278	-156.0	156	41996	278	-156.0	156	41996	278	-156.0	156	41996	278	-156.0	156	41996	278	-156.0	156	41996	278	-156.0	156	41996	278	-156.0	156	41996	278	-156.0	156	41996	278	-156.0	156	41996	278	-156.0	156	41996	278	-156.0	156	41996	278	-156.0	156	41996	278	-156.0	156	41996
279	-138.0	138	42134	279	-138.0	138	42134	279	-138.0	138	42134	279	-138.0	138	42134	279	-138.0	138	42134	279	-138.0	138	42134	279	-138.0	138	42134	279	-138.0	138	42134	279	-138.0	138	42134	279	-138.0	138	42134	279	-138.0	138	42134	279	-138.0	138	42134	279	-138.0	138	42134	279	-138.0	138	42134	279	-138.0	138	42134	279	-138.0	138	42134
280	-138.0	138	42272	280	-138.0	138	42272	280	-138.0	138	42272	280	-138.0	138	42272	280	-138.0	138	42272	280	-138.0	138	42272	280	-138.0	138	42272	280	-138.0	138	42272	280	-138.0	138	42272	280	-138.0	138	42272	280	-138.0	138	42272	280	-138.0	138	42272	280	-138.0	138	42272	280	-138.0	138	42272	280	-138.0	138	42272	280	-138.0	138	42272
281	-148.0	148	42420	281	-148.0	148	42420	281	-148.0	148	42420	281	-148.0	148	42420	281	-148.0	148	42420	281	-148.0	148	42420	281	-148.0	148	42420	281	-148.0	148	42420	281	-148.0	148	42420	281	-148.0	148	42420	281	-148.0	148	42420	281	-148.0	148	42420	281	-148.0	148	42420	281	-148.0	148	42420	281	-148.0	148	42420	281	-148.0	148	42420
282	-108.0	108	42528	282	-108.0	108	42528	282	-108.0	108	42528	282	-108.0	108	42528	282	-108.0	108	42528	282	-108.0	108	42528	282	-108.0	108	42528	282	-108.0	108	42528	282	-108.0	108	42528	282	-108.0	108	42528	282	-108.0	108	42528	282	-108.0	108	42528	282	-108.0	108	42528	282	-108.0	108	42528	282	-108.0	108	42528	282	-108.0	108	42528
283	-139.0	139	42667	283	-139.0	139	42667	283	-139.0	139	42667	283	-139.0	139	42667	283	-139.0	139	42667	283	-139.0	139	42667	283	-139.0	139	42667	283	-139.0	139	42667	283	-139.0	139	42667	283	-139.0	139	42667	283	-139.0	139	42667	283	-139.0	139	42667	283	-139.0	139	42667	283	-139.0	139	42667	283	-139.0	139	42667	283	-139.0	139	42667
284	-109.0	109	42776	284	-109.0	109	42776	284	-109.0	109	42776	284	-109.0	109	42776	284	-109.0	109	42776	284	-109.0	109	42776	284	-109.0	109	42776	284	-109.0	109	42776	284	-109.0	109	42776	284	-109.0	109	42776	284	-109.0	109	42776	284	-109.0	109	42776	284	-109.0	109	42776	284	-109.0	109	42776	284	-109.0	109	42776	284	-109.0	109	42776
285	-107.0	107	42883	285	-107.0	107	42883	285	-107.0	107	42883	285	-107.0	107	42883	285	-107.0	107	42883	285	-107.0	107	42883	285	-107.0	107	42883	285	-107.0	107	42883	285	-107.0	107	42883	285	-107.0	107	42883	285	-107.0	107	42883	285	-107.0	107	42883	285	-107.0	107	42883	285	-107.0	107	42883	285	-107.0	107	42883	285	-107.0	107	42883
286	-142.0	142	43025	286	-142.0	142	43025	286	-142.0	142	43025	286	-142.0	142	43025	286	-142.0	142	43025	286	-142.0	142	43025	286	-142.0	142	43025	286	-142.0	142	43025	286	-142.0	142	43025	286	-142.0	142	43025	286	-142.0	142	43025	286	-142.0	142	43025	286	-142.0	142	43025	286	-142.0	142	43025	286	-142.0	142	43025	286	-142.0	142	43025
287	-136.0	136	43161	287	-136.0	136	43161	287	-136.0	136	43161	287	-136.0	136	43161	287	-136.0	136	43161	287	-136.0	136	43161	287	-136.0	136	43161	287	-136.0	136	43161	287	-136.0	136	43161	287	-136.0	136	43161	287	-136.0	136	43161	287	-136.0	136	43161	287	-136.0	136	43161	287	-136.0	136	43161	287	-136.0	136	43161	287	-136.0	136	43161
288	-145.0	145	43306	288	-145.0	145	43306	288	-145.0	145	43306	288	-145.0	145	43306	288	-145.0	145	43306	288	-145.0	145	43306	288	-145.0	145	43306	288	-145.0	145	43306	288	-145.0	145	43306	288	-145.0	145	43306	288	-145.0	145	43306	288	-145.0	145	43306	288	-145.0	145	43306	288	-145.0	145	43306	288	-145.0	145	43306	288	-145.0	145	43306
289	-138.0	138	43444	289	-138.0	138	43444	289	-138.0	138	43444	289	-138.0	138	43444	289	-138.0	138	43444	289	-138.0	138	43444	289	-138.0	138	43444	289	-138.0	138	43444	289	-138.0	138	43444	289	-138.0	138	43444	289	-138.0	138	43444	289	-138.0	138	43444	289	-138.0	138	43444	289	-138.0	138	43444	289	-138.0	138	43444	289	-138.0	138	43444
290	-106.0	106	43550	290	-106.0	106	43550	290	-106.0	106	43550	290	-106.0	106	43550	290	-106.0	106	43550	290	-106.0	106	43550	290	-106.0	106	43550	290	-106.0	106	43550	290	-106.0	106	43550	290	-106.0	106	43550	290	-106.0	106	43550	290	-106.0	106	43550	290	-106.0	106	43550	290	-106.0	106	43550	290	-106.0	106	43550	290	-106.0	106	43550
291	-105.0	105	43655	291	-105.0	105	43655	291	-105.0	105	43655	291	-105.0	105	43655	291	-105.0	105	43655	291	-105.0	105	43655	291	-105.0	105	43655	291	-105.0	105	43655	291	-105.0	105	43655	291	-105.0	105	43655	291	-105.0	105	43655	291	-105.0	105	43655	291	-105.0	105	43655	291	-105.0	105	43655	291	-105.0	105	43655	291	-105.0	105	43655
292	-106.0	106	43761	292	-106.0	106	43761	292	-106.0	106	43761	292	-106.0	106	43761	292	-106.0	106	43761	292	-106.0	106	43761	292	-106.0	106	43761	292	-106.0	106	43761	292	-106.0	106	43761	292	-106.0	106	43761	292	-106.0	106	43761	292	-106.0	106	43761	292	-106.0	106	43761	292	-106.0	106	43761	292	-106.0	106	43761	292	-106.0	106	43761
293	-108.0	108	43869	293	-108.0	108	43869	293	-108.0	108	43869	293	-108.0	108	43869	293	-108.0	108	43869	293	-108.0	108	43869	293	-108.0	108	43869	293	-108.0	108	43869	293	-108.0	108	43869	293	-108.0	108	43869	293	-108.0	108	43869	293	-108.0	108	43869	293	-108.0	108	43869	293	-108.0	108	43869	293	-108.0	108	43869	293	-108.0	108	43869
294	-143.0	143	44012	294	-143.0	143	44012	294	-143.0	143	44012	294	-143.0	143	44012	294	-143.0	143	44012	294	-143.0	143	44012	294	-143.0	143	44012	294	-143.0	143	44012	294	-143.0	143	44012	294	-143.0	143	44012	294	-143.0	143	44012	294	-143.0	143	44012	294	-143.0	143	44012	294	-143.0	143	44012	294	-143.0	143	44012	294	-143.0	143	44012
295	-109.0	109	44121	295	-109.0	109	44121	295	-109.0	109	44121	295	-109.0	109	44121	295	-109.0	109	44121	295	-109.0	109	44121	295	-109.0	109	44121	295	-109.0	109	44121	295	-109.0	109	44121	295	-109.0	109	44121	295	-109.0	109	44121	295	-109.0	109	44121	295	-109.0	109	44121	295	-109.0	109	44121	295	-109.0	109	44121	295	-109.0	109	44121
296	-109.0	109	44230	296	-109.0	109	44230	296	-109.0	109	44230	296	-109.0	109	44230	296	-109.0	109	44230	296	-109.0	109	44230	296	-109.0	109	44230	296	-109.0	109	44230	296	-109.0	109	44230	296	-109.0	109	44230	296	-109.0	109	44230	296	-109.0	109	44230	296	-109.0	109	44230	296	-109.0	109	44230	296	-109.0	109	44230	296	-109.0	109	44230
297	-136.0	136	44366	297	-136.0	136	44366	297	-136.0	136	44366	297	-136.0	136	44366	297	-136.0	136	44366	297	-136.0	136	44366	297	-136.0	136	44366	297	-136.0	136	44366	297	-136.0	136	44366	297	-136.0	136	44366	297	-136.0	136	44366	297	-136.0	136	44366	297	-136.0	136	44366	297	-136.0	136	44366	297	-136.0	136	44366	297	-136.0	136	44366
298	-110.0	110	44476	298	-110.0	110	44476	298	-110.0	110	44476	298	-110.0	110	44476	298	-110.0	110	44476	298	-110.0	110	44476	298	-110.0	110	44476	298	-110.0	110	44476	298	-110.0	110	44476	298	-110.0	110	44476	298	-110.0	110	44476	298	-110.0	110	44476	298	-110.0	110	44476	298	-110.0	110	44476	298	-110.0	110	44476	298	-110.0	110	44476
299	-109.0	109	44585	299	-109.0	109	44585	299	-109.0	109	44585	299	-109.0	109	44585	299	-109.0	109	44585	299	-109.0	109	44585	299	-109.0	109	44585	299	-109.0	109	44585	299	-109.0	109	44585	299	-109.0	109	44585	299	-109.0	109	44585	299	-109.0	109	44585	299	-109.0	109	44585	299	-109.0	109	44585	299	-109.0	109	44585	299	-109.0	109	44585
