Episode	Accumulated Reward	Length	Steps	Episode	Accumulated Reward	Length	Steps	Episode	Accumulated Reward	Length	Steps	Episode	Accumulated Reward	Length	Steps	Episode	Accumulated Reward	Length	Steps
0	-19	19	19	0	-19	19	19	0	-19	19	19	0	-19	19	19	0	-19	19	19
1	-17	17	36	1	-17	17	36	1	-17	17	36	1	-17	17	36	1	-17	17	36
2	-18	18	54	2	-18	18	54	2	-18	18	54	2	-18	18	54	2	-18	18	54
3	-17	17	71	3	-17	17	71	3	-17	17	71	3	-17	17	71	3	-17	17	71
4	-17	17	88	4	-17	17	88	4	-17	17	88	4	-17	17	88	4	-17	17	88
5	-17	17	105	5	-17	17	105	5	-17	17	105	5	-17	17	105	5	-17	17	105
6	-20	20	125	6	-20	20	125	6	-20	20	125	6	-20	20	125	6	-20	20	125
7	-19	19	144	7	-19	19	144	7	-19	19	144	7	-19	19	144	7	-19	19	144
8	-21	21	165	8	-21	21	165	8	-21	21	165	8	-21	21	165	8	-21	21	165
9	-17	17	182	9	-17	17	182	9	-17	17	182	9	-17	17	182	9	-17	17	182
10	-20	20	202	10	-20	20	202	10	-20	20	202	10	-20	20	202	10	-20	20	202
11	-21	21	223	11	-21	21	223	11	-21	21	223	11	-21	21	223	11	-21	21	223
12	-24	24	247	12	-24	24	247	12	-24	24	247	12	-24	24	247	12	-24	24	247
13	-25	25	272	13	-25	25	272	13	-25	25	272	13	-25	25	272	13	-25	25	272
14	-17	17	289	14	-17	17	289	14	-17	17	289	14	-17	17	289	14	-17	17	289
15	-21	21	310	15	-21	21	310	15	-21	21	310	15	-21	21	310	15	-21	21	310
16	-23	23	333	16	-23	23	333	16	-23	23	333	16	-23	23	333	16	-23	23	333
17	-24	24	357	17	-24	24	357	17	-24	24	357	17	-24	24	357	17	-24	24	357
18	-21	21	378	18	-21	21	378	18	-21	21	378	18	-21	21	378	18	-21	21	378
19	-23	23	401	19	-23	23	401	19	-23	23	401	19	-23	23	401	19	-23	23	401
20	-17	17	418	20	-17	17	418	20	-17	17	418	20	-17	17	418	20	-17	17	418
21	-21	21	439	21	-21	21	439	21	-21	21	439	21	-21	21	439	21	-21	21	439
22	-21	21	460	22	-21	21	460	22	-21	21	460	22	-21	21	460	22	-21	21	460
23	-18	18	478	23	-18	18	478	23	-18	18	478	23	-18	18	478	23	-18	18	478
24	-19	19	497	24	-19	19	497	24	-19	19	497	24	-19	19	497	24	-19	19	497
25	-18	18	515	25	-18	18	515	25	-18	18	515	25	-18	18	515	25	-18	18	515
26	-132	33	548	26	-132	33	548	26	-132	33	548	26	-132	33	548	26	-132	33	548
27	-17	17	565	27	-17	17	565	27	-17	17	565	27	-17	17	565	27	-17	17	565
28	-17	17	582	28	-17	17	582	28	-17	17	582	28	-17	17	582	28	-17	17	582
29	-17	17	599	29	-17	17	599	29	-17	17	599	29	-17	17	599	29	-17	17	599
30	-21	21	620	30	-21	21	620	30	-21	21	620	30	-21	21	620	30	-21	21	620
31	-17	17	637	31	-17	17	637	31	-17	17	637	31	-17	17	637	31	-17	17	637
32	-18	18	655	32	-18	18	655	32	-18	18	655	32	-18	18	655	32	-18	18	655
33	-17	17	672	33	-17	17	672	33	-17	17	672	33	-17	17	672	33	-17	17	672
34	-19	19	691	34	-19	19	691	34	-19	19	691	34	-19	19	691	34	-19	19	691
35	-18	18	709	35	-18	18	709	35	-18	18	709	35	-18	18	709	35	-18	18	709
36	-25	25	734	36	-25	25	734	36	-25	25	734	36	-25	25	734	36	-25	25	734
37	-17	17	751	37	-17	17	751	37	-17	17	751	37	-17	17	751	37	-17	17	751
38	-17	17	768	38	-17	17	768	38	-17	17	768	38	-17	17	768	38	-17	17	768
39	-23	23	791	39	-23	23	791	39	-23	23	791	39	-23	23	791	39	-23	23	791
40	-18	18	809	40	-18	18	809	40	-18	18	809	40	-18	18	809	40	-18	18	809
41	-17	17	826	41	-17	17	826	41	-17	17	826	41	-17	17	826	41	-17	17	826
42	-17	17	843	42	-17	17	843	42	-17	17	843	42	-17	17	843	42	-17	17	843
43	-21	21	864	43	-21	21	864	43	-21	21	864	43	-21	21	864	43	-21	21	864
44	-27	27	891	44	-27	27	891	44	-27	27	891	44	-27	27	891	44	-27	27	891
45	-17	17	908	45	-17	17	908	45	-17	17	908	45	-17	17	908	45	-17	17	908
46	-19	19	927	46	-19	19	927	46	-19	19	927	46	-19	19	927	46	-19	19	927
47	-18	18	945	47	-18	18	945	47	-18	18	945	47	-18	18	945	47	-18	18	945
48	-17	17	962	48	-17	17	962	48	-17	17	962	48	-17	17	962	48	-17	17	962
49	-22	22	984	49	-22	22	984	49	-22	22	984	49	-22	22	984	49	-22	22	984
50	-22	22	1006	50	-22	22	1006	50	-22	22	1006	50	-22	22	1006	50	-22	22	1006
51	-21	21	1027	51	-21	21	1027	51	-21	21	1027	51	-21	21	1027	51	-21	21	1027
52	-31	31	1058	52	-31	31	1058	52	-31	31	1058	52	-31	31	1058	52	-31	31	1058
53	-22	22	1080	53	-22	22	1080	53	-22	22	1080	53	-22	22	1080	53	-22	22	1080
54	-17	17	1097	54	-17	17	1097	54	-17	17	1097	54	-17	17	1097	54	-17	17	1097
55	-17	17	1114	55	-17	17	1114	55	-17	17	1114	55	-17	17	1114	55	-17	17	1114
56	-20	20	1134	56	-20	20	1134	56	-20	20	1134	56	-20	20	1134	56	-20	20	1134
57	-36	36	1170	57	-36	36	1170	57	-36	36	1170	57	-36	36	1170	57	-36	36	1170
58	-17	17	1187	58	-17	17	1187	58	-17	17	1187	58	-17	17	1187	58	-17	17	1187
59	-17	17	1204	59	-17	17	1204	59	-17	17	1204	59	-17	17	1204	59	-17	17	1204
60	-126	126	1330	60	-126	126	1330	60	-126	126	1330	60	-126	126	1330	60	-126	126	1330
61	-49	49	1379	61	-49	49	1379	61	-49	49	1379	61	-49	49	1379	61	-49	49	1379
62	-32	32	1411	62	-32	32	1411	62	-32	32	1411	62	-32	32	1411	62	-32	32	1411
63	-30	30	1441	63	-30	30	1441	63	-30	30	1441	63	-30	30	1441	63	-30	30	1441
64	-21	21	1462	64	-21	21	1462	64	-21	21	1462	64	-21	21	1462	64	-21	21	1462
65	-25	25	1487	65	-25	25	1487	65	-25	25	1487	65	-25	25	1487	65	-25	25	1487
66	-20	20	1507	66	-20	20	1507	66	-20	20	1507	66	-20	20	1507	66	-20	20	1507
67	-19	19	1526	67	-19	19	1526	67	-19	19	1526	67	-19	19	1526	67	-19	19	1526
68	-25	25	1551	68	-25	25	1551	68	-25	25	1551	68	-25	25	1551	68	-25	25	1551
69	-23	23	1574	69	-23	23	1574	69	-23	23	1574	69	-23	23	1574	69	-23	23	1574
70	-24	24	1598	70	-24	24	1598	70	-24	24	1598	70	-24	24	1598	70	-24	24	1598
71	-22	22	1620	71	-22	22	1620	71	-22	22	1620	71	-22	22	1620	71	-22	22	1620
72	-23	23	1643	72	-23	23	1643	72	-23	23	1643	72	-23	23	1643	72	-23	23	1643
73	-33	33	1676	73	-33	33	1676	73	-33	33	1676	73	-33	33	1676	73	-33	33	1676
74	-23	23	1699	74	-23	23	1699	74	-23	23	1699	74	-23	23	1699	74	-23	23	1699
75	-22	22	1721	75	-22	22	1721	75	-22	22	1721	75	-22	22	1721	75	-22	22	1721
76	-21	21	1742	76	-21	21	1742	76	-21	21	1742	76	-21	21	1742	76	-21	21	1742
77	-21	21	1763	77	-21	21	1763	77	-21	21	1763	77	-21	21	1763	77	-21	21	1763
78	-22	22	1785	78	-22	22	1785	78	-22	22	1785	78	-22	22	1785	78	-22	22	1785
79	-18	18	1803	79	-18	18	1803	79	-18	18	1803	79	-18	18	1803	79	-18	18	1803
80	-21	21	1824	80	-21	21	1824	80	-21	21	1824	80	-21	21	1824	80	-21	21	1824
81	-21	21	1845	81	-21	21	1845	81	-21	21	1845	81	-21	21	1845	81	-21	21	1845
82	-19	19	1864	82	-19	19	1864	82	-19	19	1864	82	-19	19	1864	82	-19	19	1864
83	-28	28	1892	83	-28	28	1892	83	-28	28	1892	83	-28	28	1892	83	-28	28	1892
84	-23	23	1915	84	-23	23	1915	84	-23	23	1915	84	-23	23	1915	84	-23	23	1915
85	-21	21	1936	85	-21	21	1936	85	-21	21	1936	85	-21	21	1936	85	-21	21	1936
86	-19	19	1955	86	-19	19	1955	86	-19	19	1955	86	-19	19	1955	86	-19	19	1955
87	-20	20	1975	87	-20	20	1975	87	-20	20	1975	87	-20	20	1975	87	-20	20	1975
88	-19	19	1994	88	-19	19	1994	88	-19	19	1994	88	-19	19	1994	88	-19	19	1994
89	-18	18	2012	89	-18	18	2012	89	-18	18	2012	89	-18	18	2012	89	-18	18	2012
90	-20	20	2032	90	-20	20	2032	90	-20	20	2032	90	-20	20	2032	90	-20	20	2032
91	-32	32	2064	91	-32	32	2064	91	-32	32	2064	91	-32	32	2064	91	-32	32	2064
92	-23	23	2087	92	-23	23	2087	92	-23	23	2087	92	-23	23	2087	92	-23	23	2087
93	-17	17	2104	93	-17	17	2104	93	-17	17	2104	93	-17	17	2104	93	-17	17	2104
94	-17	17	2121	94	-17	17	2121	94	-17	17	2121	94	-17	17	2121	94	-17	17	2121
95	-60	60	2181	95	-60	60	2181	95	-60	60	2181	95	-60	60	2181	95	-60	60	2181
96	-22	22	2203	96	-22	22	2203	96	-22	22	2203	96	-22	22	2203	96	-22	22	2203
97	-21	21	2224	97	-21	21	2224	97	-21	21	2224	97	-21	21	2224	97	-21	21	2224
98	-19	19	2243	98	-19	19	2243	98	-19	19	2243	98	-19	19	2243	98	-19	19	2243
99	-21	21	2264	99	-21	21	2264	99	-21	21	2264	99	-21	21	2264	99	-21	21	2264
100	-18	18	2282	100	-18	18	2282	100	-18	18	2282	100	-18	18	2282	100	-18	18	2282
101	-24	24	2306	101	-24	24	2306	101	-24	24	2306	101	-24	24	2306	101	-24	24	2306
102	-125	26	2332	102	-125	26	2332	102	-125	26	2332	102	-125	26	2332	102	-125	26	2332
103	-20	20	2352	103	-20	20	2352	103	-20	20	2352	103	-20	20	2352	103	-20	20	2352
104	-227	29	2381	104	-227	29	2381	104	-227	29	2381	104	-227	29	2381	104	-227	29	2381
105	-22	22	2403	105	-22	22	2403	105	-22	22	2403	105	-22	22	2403	105	-22	22	2403
106	-28	28	2431	106	-28	28	2431	106	-28	28	2431	106	-28	28	2431	106	-28	28	2431
107	-19	19	2450	107	-19	19	2450	107	-19	19	2450	107	-19	19	2450	107	-19	19	2450
108	-18	18	2468	108	-18	18	2468	108	-18	18	2468	108	-18	18	2468	108	-18	18	2468
109	-20	20	2488	109	-20	20	2488	109	-20	20	2488	109	-20	20	2488	109	-20	20	2488
110	-22	22	2510	110	-22	22	2510	110	-22	22	2510	110	-22	22	2510	110	-22	22	2510
111	-37	37	2547	111	-37	37	2547	111	-37	37	2547	111	-37	37	2547	111	-37	37	2547
112	-29	29	2576	112	-29	29	2576	112	-29	29	2576	112	-29	29	2576	112	-29	29	2576
113	-17	17	2593	113	-17	17	2593	113	-17	17	2593	113	-17	17	2593	113	-17	17	2593
114	-28	28	2621	114	-28	28	2621	114	-28	28	2621	114	-28	28	2621	114	-28	28	2621
115	-21	21	2642	115	-21	21	2642	115	-21	21	2642	115	-21	21	2642	115	-21	21	2642
116	-17	17	2659	116	-17	17	2659	116	-17	17	2659	116	-17	17	2659	116	-17	17	2659
117	-19	19	2678	117	-19	19	2678	117	-19	19	2678	117	-19	19	2678	117	-19	19	2678
118	-22	22	2700	118	-22	22	2700	118	-22	22	2700	118	-22	22	2700	118	-22	22	2700
119	-19	19	2719	119	-19	19	2719	119	-19	19	2719	119	-19	19	2719	119	-19	19	2719
120	-18	18	2737	120	-18	18	2737	120	-18	18	2737	120	-18	18	2737	120	-18	18	2737
121	-19	19	2756	121	-19	19	2756	121	-19	19	2756	121	-19	19	2756	121	-19	19	2756
122	-17	17	2773	122	-17	17	2773	122	-17	17	2773	122	-17	17	2773	122	-17	17	2773
123	-23	23	2796	123	-23	23	2796	123	-23	23	2796	123	-23	23	2796	123	-23	23	2796
124	-17	17	2813	124	-17	17	2813	124	-17	17	2813	124	-17	17	2813	124	-17	17	2813
125	-19	19	2832	125	-19	19	2832	125	-19	19	2832	125	-19	19	2832	125	-19	19	2832
126	-28	28	2860	126	-28	28	2860	126	-28	28	2860	126	-28	28	2860	126	-28	28	2860
127	-17	17	2877	127	-17	17	2877	127	-17	17	2877	127	-17	17	2877	127	-17	17	2877
128	-18	18	2895	128	-18	18	2895	128	-18	18	2895	128	-18	18	2895	128	-18	18	2895
129	-17	17	2912	129	-17	17	2912	129	-17	17	2912	129	-17	17	2912	129	-17	17	2912
130	-27	27	2939	130	-27	27	2939	130	-27	27	2939	130	-27	27	2939	130	-27	27	2939
131	-33	33	2972	131	-33	33	2972	131	-33	33	2972	131	-33	33	2972	131	-33	33	2972
132	-19	19	2991	132	-19	19	2991	132	-19	19	2991	132	-19	19	2991	132	-19	19	2991
133	-19	19	3010	133	-19	19	3010	133	-19	19	3010	133	-19	19	3010	133	-19	19	3010
134	-119	20	3030	134	-119	20	3030	134	-119	20	3030	134	-119	20	3030	134	-119	20	3030
135	-17	17	3047	135	-17	17	3047	135	-17	17	3047	135	-17	17	3047	135	-17	17	3047
136	-25	25	3072	136	-25	25	3072	136	-25	25	3072	136	-25	25	3072	136	-25	25	3072
137	-20	20	3092	137	-20	20	3092	137	-20	20	3092	137	-20	20	3092	137	-20	20	3092
138	-19	19	3111	138	-19	19	3111	138	-19	19	3111	138	-19	19	3111	138	-19	19	3111
139	-24	24	3135	139	-24	24	3135	139	-24	24	3135	139	-24	24	3135	139	-24	24	3135
140	-17	17	3152	140	-17	17	3152	140	-17	17	3152	140	-17	17	3152	140	-17	17	3152
141	-17	17	3169	141	-17	17	3169	141	-17	17	3169	141	-17	17	3169	141	-17	17	3169
142	-22	22	3191	142	-22	22	3191	142	-22	22	3191	142	-22	22	3191	142	-22	22	3191
143	-29	29	3220	143	-29	29	3220	143	-29	29	3220	143	-29	29	3220	143	-29	29	3220
144	-38	38	3258	144	-38	38	3258	144	-38	38	3258	144	-38	38	3258	144	-38	38	3258
145	-19	19	3277	145	-19	19	3277	145	-19	19	3277	145	-19	19	3277	145	-19	19	3277
146	-17	17	3294	146	-17	17	3294	146	-17	17	3294	146	-17	17	3294	146	-17	17	3294
147	-17	17	3311	147	-17	17	3311	147	-17	17	3311	147	-17	17	3311	147	-17	17	3311
148	-25	25	3336	148	-25	25	3336	148	-25	25	3336	148	-25	25	3336	148	-25	25	3336
149	-19	19	3355	149	-19	19	3355	149	-19	19	3355	149	-19	19	3355	149	-19	19	3355
150	-23	23	3378	150	-23	23	3378	150	-23	23	3378	150	-23	23	3378	150	-23	23	3378
151	-18	18	3396	151	-18	18	3396	151	-18	18	3396	151	-18	18	3396	151	-18	18	3396
152	-17	17	3413	152	-17	17	3413	152	-17	17	3413	152	-17	17	3413	152	-17	17	3413
153	-118	19	3432	153	-118	19	3432	153	-118	19	3432	153	-118	19	3432	153	-118	19	3432
154	-22	22	3454	154	-22	22	3454	154	-22	22	3454	154	-22	22	3454	154	-22	22	3454
155	-23	23	3477	155	-23	23	3477	155	-23	23	3477	155	-23	23	3477	155	-23	23	3477
156	-21	21	3498	156	-21	21	3498	156	-21	21	3498	156	-21	21	3498	156	-21	21	3498
157	-17	17	3515	157	-17	17	3515	157	-17	17	3515	157	-17	17	3515	157	-17	17	3515
158	-19	19	3534	158	-19	19	3534	158	-19	19	3534	158	-19	19	3534	158	-19	19	3534
159	-19	19	3553	159	-19	19	3553	159	-19	19	3553	159	-19	19	3553	159	-19	19	3553
160	-21	21	3574	160	-21	21	3574	160	-21	21	3574	160	-21	21	3574	160	-21	21	3574
161	-21	21	3595	161	-21	21	3595	161	-21	21	3595	161	-21	21	3595	161	-21	21	3595
162	-20	20	3615	162	-20	20	3615	162	-20	20	3615	162	-20	20	3615	162	-20	20	3615
163	-22	22	3637	163	-22	22	3637	163	-22	22	3637	163	-22	22	3637	163	-22	22	3637
164	-18	18	3655	164	-18	18	3655	164	-18	18	3655	164	-18	18	3655	164	-18	18	3655
165	-25	25	3680	165	-25	25	3680	165	-25	25	3680	165	-25	25	3680	165	-25	25	3680
166	-20	20	3700	166	-20	20	3700	166	-20	20	3700	166	-20	20	3700	166	-20	20	3700
167	-28	28	3728	167	-28	28	3728	167	-28	28	3728	167	-28	28	3728	167	-28	28	3728
168	-17	17	3745	168	-17	17	3745	168	-17	17	3745	168	-17	17	3745	168	-17	17	3745
169	-20	20	3765	169	-20	20	3765	169	-20	20	3765	169	-20	20	3765	169	-20	20	3765
170	-22	22	3787	170	-22	22	3787	170	-22	22	3787	170	-22	22	3787	170	-22	22	3787
171	-23	23	3810	171	-23	23	3810	171	-23	23	3810	171	-23	23	3810	171	-23	23	3810
172	-21	21	3831	172	-21	21	3831	172	-21	21	3831	172	-21	21	3831	172	-21	21	3831
173	-21	21	3852	173	-21	21	3852	173	-21	21	3852	173	-21	21	3852	173	-21	21	3852
174	-18	18	3870	174	-18	18	3870	174	-18	18	3870	174	-18	18	3870	174	-18	18	3870
175	-19	19	3889	175	-19	19	3889	175	-19	19	3889	175	-19	19	3889	175	-19	19	3889
176	-17	17	3906	176	-17	17	3906	176	-17	17	3906	176	-17	17	3906	176	-17	17	3906
177	-17	17	3923	177	-17	17	3923	177	-17	17	3923	177	-17	17	3923	177	-17	17	3923
178	-17	17	3940	178	-17	17	3940	178	-17	17	3940	178	-17	17	3940	178	-17	17	3940
179	-17	17	3957	179	-17	17	3957	179	-17	17	3957	179	-17	17	3957	179	-17	17	3957
180	-23	23	3980	180	-23	23	3980	180	-23	23	3980	180	-23	23	3980	180	-23	23	3980
181	-18	18	3998	181	-18	18	3998	181	-18	18	3998	181	-18	18	3998	181	-18	18	3998
182	-22	22	4020	182	-22	22	4020	182	-22	22	4020	182	-22	22	4020	182	-22	22	4020
183	-27	27	4047	183	-27	27	4047	183	-27	27	4047	183	-27	27	4047	183	-27	27	4047
184	-19	19	4066	184	-19	19	4066	184	-19	19	4066	184	-19	19	4066	184	-19	19	4066
185	-17	17	4083	185	-17	17	4083	185	-17	17	4083	185	-17	17	4083	185	-17	17	4083
186	-119	20	4103	186	-119	20	4103	186	-119	20	4103	186	-119	20	4103	186	-119	20	4103
187	-21	21	4124	187	-21	21	4124	187	-21	21	4124	187	-21	21	4124	187	-21	21	4124
188	-19	19	4143	188	-19	19	4143	188	-19	19	4143	188	-19	19	4143	188	-19	19	4143
189	-23	23	4166	189	-23	23	4166	189	-23	23	4166	189	-23	23	4166	189	-23	23	4166
190	-18	18	4184	190	-18	18	4184	190	-18	18	4184	190	-18	18	4184	190	-18	18	4184
191	-17	17	4201	191	-17	17	4201	191	-17	17	4201	191	-17	17	4201	191	-17	17	4201
192	-17	17	4218	192	-17	17	4218	192	-17	17	4218	192	-17	17	4218	192	-17	17	4218
193	-19	19	4237	193	-19	19	4237	193	-19	19	4237	193	-19	19	4237	193	-19	19	4237
194	-25	25	4262	194	-25	25	4262	194	-25	25	4262	194	-25	25	4262	194	-25	25	4262
195	-25	25	4287	195	-25	25	4287	195	-25	25	4287	195	-25	25	4287	195	-25	25	4287
196	-18	18	4305	196	-18	18	4305	196	-18	18	4305	196	-18	18	4305	196	-18	18	4305
197	-20	20	4325	197	-20	20	4325	197	-20	20	4325	197	-20	20	4325	197	-20	20	4325
198	-17	17	4342	198	-17	17	4342	198	-17	17	4342	198	-17	17	4342	198	-17	17	4342
199	-20	20	4362	199	-20	20	4362	199	-20	20	4362	199	-20	20	4362	199	-20	20	4362
