Episode	Accumulated Reward	Length	Steps	Episode	Accumulated Reward	Length	Steps	Episode	Accumulated Reward	Length	Steps	Episode	Accumulated Reward	Length	Steps	Episode	Accumulated Reward	Length	Steps	Episode	Accumulated Reward	Length	Steps	Episode	Accumulated Reward	Length	Steps	Episode	Accumulated Reward	Length	Steps	Episode	Accumulated Reward	Length	Steps	Episode	Accumulated Reward	Length	Steps	Episode	Accumulated Reward	Length	Steps	Episode	Accumulated Reward	Length	Steps	Episode	Accumulated Reward	Length	Steps	Episode	Accumulated Reward	Length	Steps	Episode	Accumulated Reward	Length	Steps
0	-500.0	500	500	0	-500.0	500	500	0	-500.0	500	500	0	-500.0	500	500	0	-500.0	500	500	0	-500.0	500	500	0	-500.0	500	500	0	-500.0	500	500	0	-500.0	500	500	0	-500.0	500	500	0	-500.0	500	500	0	-500.0	500	500	0	-500.0	500	500	0	-500.0	500	500	0	-500.0	500	500
1	-500.0	500	1000	1	-500.0	500	1000	1	-500.0	500	1000	1	-500.0	500	1000	1	-500.0	500	1000	1	-500.0	500	1000	1	-500.0	500	1000	1	-500.0	500	1000	1	-500.0	500	1000	1	-500.0	500	1000	1	-500.0	500	1000	1	-500.0	500	1000	1	-500.0	500	1000	1	-500.0	500	1000	1	-500.0	500	1000
2	-370.0	370	1370	2	-370.0	370	1370	2	-370.0	370	1370	2	-370.0	370	1370	2	-370.0	370	1370	2	-370.0	370	1370	2	-370.0	370	1370	2	-370.0	370	1370	2	-370.0	370	1370	2	-370.0	370	1370	2	-370.0	370	1370	2	-370.0	370	1370	2	-370.0	370	1370	2	-370.0	370	1370	2	-370.0	370	1370
3	-405.0	405	1775	3	-405.0	405	1775	3	-405.0	405	1775	3	-405.0	405	1775	3	-405.0	405	1775	3	-405.0	405	1775	3	-405.0	405	1775	3	-405.0	405	1775	3	-405.0	405	1775	3	-405.0	405	1775	3	-405.0	405	1775	3	-405.0	405	1775	3	-405.0	405	1775	3	-405.0	405	1775	3	-405.0	405	1775
4	-247.0	247	2022	4	-247.0	247	2022	4	-247.0	247	2022	4	-247.0	247	2022	4	-247.0	247	2022	4	-247.0	247	2022	4	-247.0	247	2022	4	-247.0	247	2022	4	-247.0	247	2022	4	-247.0	247	2022	4	-247.0	247	2022	4	-247.0	247	2022	4	-247.0	247	2022	4	-247.0	247	2022	4	-247.0	247	2022
5	-462.0	462	2484	5	-462.0	462	2484	5	-462.0	462	2484	5	-462.0	462	2484	5	-462.0	462	2484	5	-462.0	462	2484	5	-462.0	462	2484	5	-462.0	462	2484	5	-462.0	462	2484	5	-462.0	462	2484	5	-462.0	462	2484	5	-462.0	462	2484	5	-462.0	462	2484	5	-462.0	462	2484	5	-462.0	462	2484
6	-237.0	237	2721	6	-237.0	237	2721	6	-237.0	237	2721	6	-237.0	237	2721	6	-237.0	237	2721	6	-237.0	237	2721	6	-237.0	237	2721	6	-237.0	237	2721	6	-237.0	237	2721	6	-237.0	237	2721	6	-237.0	237	2721	6	-237.0	237	2721	6	-237.0	237	2721	6	-237.0	237	2721	6	-237.0	237	2721
7	-417.0	417	3138	7	-417.0	417	3138	7	-417.0	417	3138	7	-417.0	417	3138	7	-417.0	417	3138	7	-417.0	417	3138	7	-417.0	417	3138	7	-417.0	417	3138	7	-417.0	417	3138	7	-417.0	417	3138	7	-417.0	417	3138	7	-417.0	417	3138	7	-417.0	417	3138	7	-417.0	417	3138	7	-417.0	417	3138
8	-195.0	195	3333	8	-195.0	195	3333	8	-195.0	195	3333	8	-195.0	195	3333	8	-195.0	195	3333	8	-195.0	195	3333	8	-195.0	195	3333	8	-195.0	195	3333	8	-195.0	195	3333	8	-195.0	195	3333	8	-195.0	195	3333	8	-195.0	195	3333	8	-195.0	195	3333	8	-195.0	195	3333	8	-195.0	195	3333
9	-183.0	183	3516	9	-183.0	183	3516	9	-183.0	183	3516	9	-183.0	183	3516	9	-183.0	183	3516	9	-183.0	183	3516	9	-183.0	183	3516	9	-183.0	183	3516	9	-183.0	183	3516	9	-183.0	183	3516	9	-183.0	183	3516	9	-183.0	183	3516	9	-183.0	183	3516	9	-183.0	183	3516	9	-183.0	183	3516
10	-216.0	216	3732	10	-216.0	216	3732	10	-216.0	216	3732	10	-216.0	216	3732	10	-216.0	216	3732	10	-216.0	216	3732	10	-216.0	216	3732	10	-216.0	216	3732	10	-216.0	216	3732	10	-216.0	216	3732	10	-216.0	216	3732	10	-216.0	216	3732	10	-216.0	216	3732	10	-216.0	216	3732	10	-216.0	216	3732
11	-153.0	153	3885	11	-153.0	153	3885	11	-153.0	153	3885	11	-153.0	153	3885	11	-153.0	153	3885	11	-153.0	153	3885	11	-153.0	153	3885	11	-153.0	153	3885	11	-153.0	153	3885	11	-153.0	153	3885	11	-153.0	153	3885	11	-153.0	153	3885	11	-153.0	153	3885	11	-153.0	153	3885	11	-153.0	153	3885
12	-279.0	279	4164	12	-279.0	279	4164	12	-279.0	279	4164	12	-279.0	279	4164	12	-279.0	279	4164	12	-279.0	279	4164	12	-279.0	279	4164	12	-279.0	279	4164	12	-279.0	279	4164	12	-279.0	279	4164	12	-279.0	279	4164	12	-279.0	279	4164	12	-279.0	279	4164	12	-279.0	279	4164	12	-279.0	279	4164
13	-186.0	186	4350	13	-186.0	186	4350	13	-186.0	186	4350	13	-186.0	186	4350	13	-186.0	186	4350	13	-186.0	186	4350	13	-186.0	186	4350	13	-186.0	186	4350	13	-186.0	186	4350	13	-186.0	186	4350	13	-186.0	186	4350	13	-186.0	186	4350	13	-186.0	186	4350	13	-186.0	186	4350	13	-186.0	186	4350
14	-237.0	237	4587	14	-237.0	237	4587	14	-237.0	237	4587	14	-237.0	237	4587	14	-237.0	237	4587	14	-237.0	237	4587	14	-237.0	237	4587	14	-237.0	237	4587	14	-237.0	237	4587	14	-237.0	237	4587	14	-237.0	237	4587	14	-237.0	237	4587	14	-237.0	237	4587	14	-237.0	237	4587	14	-237.0	237	4587
15	-152.0	152	4739	15	-152.0	152	4739	15	-152.0	152	4739	15	-152.0	152	4739	15	-152.0	152	4739	15	-152.0	152	4739	15	-152.0	152	4739	15	-152.0	152	4739	15	-152.0	152	4739	15	-152.0	152	4739	15	-152.0	152	4739	15	-152.0	152	4739	15	-152.0	152	4739	15	-152.0	152	4739	15	-152.0	152	4739
16	-238.0	238	4977	16	-238.0	238	4977	16	-238.0	238	4977	16	-238.0	238	4977	16	-238.0	238	4977	16	-238.0	238	4977	16	-238.0	238	4977	16	-238.0	238	4977	16	-238.0	238	4977	16	-238.0	238	4977	16	-238.0	238	4977	16	-238.0	238	4977	16	-238.0	238	4977	16	-238.0	238	4977	16	-238.0	238	4977
17	-239.0	239	5216	17	-239.0	239	5216	17	-239.0	239	5216	17	-239.0	239	5216	17	-239.0	239	5216	17	-239.0	239	5216	17	-239.0	239	5216	17	-239.0	239	5216	17	-239.0	239	5216	17	-239.0	239	5216	17	-239.0	239	5216	17	-239.0	239	5216	17	-239.0	239	5216	17	-239.0	239	5216	17	-239.0	239	5216
18	-158.0	158	5374	18	-158.0	158	5374	18	-158.0	158	5374	18	-158.0	158	5374	18	-158.0	158	5374	18	-158.0	158	5374	18	-158.0	158	5374	18	-158.0	158	5374	18	-158.0	158	5374	18	-158.0	158	5374	18	-158.0	158	5374	18	-158.0	158	5374	18	-158.0	158	5374	18	-158.0	158	5374	18	-158.0	158	5374
19	-156.0	156	5530	19	-156.0	156	5530	19	-156.0	156	5530	19	-156.0	156	5530	19	-156.0	156	5530	19	-156.0	156	5530	19	-156.0	156	5530	19	-156.0	156	5530	19	-156.0	156	5530	19	-156.0	156	5530	19	-156.0	156	5530	19	-156.0	156	5530	19	-156.0	156	5530	19	-156.0	156	5530	19	-156.0	156	5530
20	-150.0	150	5680	20	-150.0	150	5680	20	-150.0	150	5680	20	-150.0	150	5680	20	-150.0	150	5680	20	-150.0	150	5680	20	-150.0	150	5680	20	-150.0	150	5680	20	-150.0	150	5680	20	-150.0	150	5680	20	-150.0	150	5680	20	-150.0	150	5680	20	-150.0	150	5680	20	-150.0	150	5680	20	-150.0	150	5680
21	-146.0	146	5826	21	-146.0	146	5826	21	-146.0	146	5826	21	-146.0	146	5826	21	-146.0	146	5826	21	-146.0	146	5826	21	-146.0	146	5826	21	-146.0	146	5826	21	-146.0	146	5826	21	-146.0	146	5826	21	-146.0	146	5826	21	-146.0	146	5826	21	-146.0	146	5826	21	-146.0	146	5826	21	-146.0	146	5826
22	-203.0	203	6029	22	-203.0	203	6029	22	-203.0	203	6029	22	-203.0	203	6029	22	-203.0	203	6029	22	-203.0	203	6029	22	-203.0	203	6029	22	-203.0	203	6029	22	-203.0	203	6029	22	-203.0	203	6029	22	-203.0	203	6029	22	-203.0	203	6029	22	-203.0	203	6029	22	-203.0	203	6029	22	-203.0	203	6029
23	-155.0	155	6184	23	-155.0	155	6184	23	-155.0	155	6184	23	-155.0	155	6184	23	-155.0	155	6184	23	-155.0	155	6184	23	-155.0	155	6184	23	-155.0	155	6184	23	-155.0	155	6184	23	-155.0	155	6184	23	-155.0	155	6184	23	-155.0	155	6184	23	-155.0	155	6184	23	-155.0	155	6184	23	-155.0	155	6184
24	-192.0	192	6376	24	-192.0	192	6376	24	-192.0	192	6376	24	-192.0	192	6376	24	-192.0	192	6376	24	-192.0	192	6376	24	-192.0	192	6376	24	-192.0	192	6376	24	-192.0	192	6376	24	-192.0	192	6376	24	-192.0	192	6376	24	-192.0	192	6376	24	-192.0	192	6376	24	-192.0	192	6376	24	-192.0	192	6376
25	-151.0	151	6527	25	-151.0	151	6527	25	-151.0	151	6527	25	-151.0	151	6527	25	-151.0	151	6527	25	-151.0	151	6527	25	-151.0	151	6527	25	-151.0	151	6527	25	-151.0	151	6527	25	-151.0	151	6527	25	-151.0	151	6527	25	-151.0	151	6527	25	-151.0	151	6527	25	-151.0	151	6527	25	-151.0	151	6527
26	-170.0	170	6697	26	-170.0	170	6697	26	-170.0	170	6697	26	-170.0	170	6697	26	-170.0	170	6697	26	-170.0	170	6697	26	-170.0	170	6697	26	-170.0	170	6697	26	-170.0	170	6697	26	-170.0	170	6697	26	-170.0	170	6697	26	-170.0	170	6697	26	-170.0	170	6697	26	-170.0	170	6697	26	-170.0	170	6697
27	-142.0	142	6839	27	-142.0	142	6839	27	-142.0	142	6839	27	-142.0	142	6839	27	-142.0	142	6839	27	-142.0	142	6839	27	-142.0	142	6839	27	-142.0	142	6839	27	-142.0	142	6839	27	-142.0	142	6839	27	-142.0	142	6839	27	-142.0	142	6839	27	-142.0	142	6839	27	-142.0	142	6839	27	-142.0	142	6839
28	-207.0	207	7046	28	-207.0	207	7046	28	-207.0	207	7046	28	-207.0	207	7046	28	-207.0	207	7046	28	-207.0	207	7046	28	-207.0	207	7046	28	-207.0	207	7046	28	-207.0	207	7046	28	-207.0	207	7046	28	-207.0	207	7046	28	-207.0	207	7046	28	-207.0	207	7046	28	-207.0	207	7046	28	-207.0	207	7046
29	-222.0	222	7268	29	-222.0	222	7268	29	-222.0	222	7268	29	-222.0	222	7268	29	-222.0	222	7268	29	-222.0	222	7268	29	-222.0	222	7268	29	-222.0	222	7268	29	-222.0	222	7268	29	-222.0	222	7268	29	-222.0	222	7268	29	-222.0	222	7268	29	-222.0	222	7268	29	-222.0	222	7268	29	-222.0	222	7268
30	-185.0	185	7453	30	-185.0	185	7453	30	-185.0	185	7453	30	-185.0	185	7453	30	-185.0	185	7453	30	-185.0	185	7453	30	-185.0	185	7453	30	-185.0	185	7453	30	-185.0	185	7453	30	-185.0	185	7453	30	-185.0	185	7453	30	-185.0	185	7453	30	-185.0	185	7453	30	-185.0	185	7453	30	-185.0	185	7453
31	-145.0	145	7598	31	-145.0	145	7598	31	-145.0	145	7598	31	-145.0	145	7598	31	-145.0	145	7598	31	-145.0	145	7598	31	-145.0	145	7598	31	-145.0	145	7598	31	-145.0	145	7598	31	-145.0	145	7598	31	-145.0	145	7598	31	-145.0	145	7598	31	-145.0	145	7598	31	-145.0	145	7598	31	-145.0	145	7598
32	-146.0	146	7744	32	-146.0	146	7744	32	-146.0	146	7744	32	-146.0	146	7744	32	-146.0	146	7744	32	-146.0	146	7744	32	-146.0	146	7744	32	-146.0	146	7744	32	-146.0	146	7744	32	-146.0	146	7744	32	-146.0	146	7744	32	-146.0	146	7744	32	-146.0	146	7744	32	-146.0	146	7744	32	-146.0	146	7744
33	-192.0	192	7936	33	-192.0	192	7936	33	-192.0	192	7936	33	-192.0	192	7936	33	-192.0	192	7936	33	-192.0	192	7936	33	-192.0	192	7936	33	-192.0	192	7936	33	-192.0	192	7936	33	-192.0	192	7936	33	-192.0	192	7936	33	-192.0	192	7936	33	-192.0	192	7936	33	-192.0	192	7936	33	-192.0	192	7936
34	-146.0	146	8082	34	-146.0	146	8082	34	-146.0	146	8082	34	-146.0	146	8082	34	-146.0	146	8082	34	-146.0	146	8082	34	-146.0	146	8082	34	-146.0	146	8082	34	-146.0	146	8082	34	-146.0	146	8082	34	-146.0	146	8082	34	-146.0	146	8082	34	-146.0	146	8082	34	-146.0	146	8082	34	-146.0	146	8082
35	-141.0	141	8223	35	-141.0	141	8223	35	-141.0	141	8223	35	-141.0	141	8223	35	-141.0	141	8223	35	-141.0	141	8223	35	-141.0	141	8223	35	-141.0	141	8223	35	-141.0	141	8223	35	-141.0	141	8223	35	-141.0	141	8223	35	-141.0	141	8223	35	-141.0	141	8223	35	-141.0	141	8223	35	-141.0	141	8223
36	-193.0	193	8416	36	-193.0	193	8416	36	-193.0	193	8416	36	-193.0	193	8416	36	-193.0	193	8416	36	-193.0	193	8416	36	-193.0	193	8416	36	-193.0	193	8416	36	-193.0	193	8416	36	-193.0	193	8416	36	-193.0	193	8416	36	-193.0	193	8416	36	-193.0	193	8416	36	-193.0	193	8416	36	-193.0	193	8416
37	-160.0	160	8576	37	-160.0	160	8576	37	-160.0	160	8576	37	-160.0	160	8576	37	-160.0	160	8576	37	-160.0	160	8576	37	-160.0	160	8576	37	-160.0	160	8576	37	-160.0	160	8576	37	-160.0	160	8576	37	-160.0	160	8576	37	-160.0	160	8576	37	-160.0	160	8576	37	-160.0	160	8576	37	-160.0	160	8576
38	-146.0	146	8722	38	-146.0	146	8722	38	-146.0	146	8722	38	-146.0	146	8722	38	-146.0	146	8722	38	-146.0	146	8722	38	-146.0	146	8722	38	-146.0	146	8722	38	-146.0	146	8722	38	-146.0	146	8722	38	-146.0	146	8722	38	-146.0	146	8722	38	-146.0	146	8722	38	-146.0	146	8722	38	-146.0	146	8722
39	-151.0	151	8873	39	-151.0	151	8873	39	-151.0	151	8873	39	-151.0	151	8873	39	-151.0	151	8873	39	-151.0	151	8873	39	-151.0	151	8873	39	-151.0	151	8873	39	-151.0	151	8873	39	-151.0	151	8873	39	-151.0	151	8873	39	-151.0	151	8873	39	-151.0	151	8873	39	-151.0	151	8873	39	-151.0	151	8873
40	-145.0	145	9018	40	-145.0	145	9018	40	-145.0	145	9018	40	-145.0	145	9018	40	-145.0	145	9018	40	-145.0	145	9018	40	-145.0	145	9018	40	-145.0	145	9018	40	-145.0	145	9018	40	-145.0	145	9018	40	-145.0	145	9018	40	-145.0	145	9018	40	-145.0	145	9018	40	-145.0	145	9018	40	-145.0	145	9018
41	-192.0	192	9210	41	-192.0	192	9210	41	-192.0	192	9210	41	-192.0	192	9210	41	-192.0	192	9210	41	-192.0	192	9210	41	-192.0	192	9210	41	-192.0	192	9210	41	-192.0	192	9210	41	-192.0	192	9210	41	-192.0	192	9210	41	-192.0	192	9210	41	-192.0	192	9210	41	-192.0	192	9210	41	-192.0	192	9210
42	-146.0	146	9356	42	-146.0	146	9356	42	-146.0	146	9356	42	-146.0	146	9356	42	-146.0	146	9356	42	-146.0	146	9356	42	-146.0	146	9356	42	-146.0	146	9356	42	-146.0	146	9356	42	-146.0	146	9356	42	-146.0	146	9356	42	-146.0	146	9356	42	-146.0	146	9356	42	-146.0	146	9356	42	-146.0	146	9356
43	-143.0	143	9499	43	-143.0	143	9499	43	-143.0	143	9499	43	-143.0	143	9499	43	-143.0	143	9499	43	-143.0	143	9499	43	-143.0	143	9499	43	-143.0	143	9499	43	-143.0	143	9499	43	-143.0	143	9499	43	-143.0	143	9499	43	-143.0	143	9499	43	-143.0	143	9499	43	-143.0	143	9499	43	-143.0	143	9499
44	-145.0	145	9644	44	-145.0	145	9644	44	-145.0	145	9644	44	-145.0	145	9644	44	-145.0	145	9644	44	-145.0	145	9644	44	-145.0	145	9644	44	-145.0	145	9644	44	-145.0	145	9644	44	-145.0	145	9644	44	-145.0	145	9644	44	-145.0	145	9644	44	-145.0	145	9644	44	-145.0	145	9644	44	-145.0	145	9644
45	-141.0	141	9785	45	-141.0	141	9785	45	-141.0	141	9785	45	-141.0	141	9785	45	-141.0	141	9785	45	-141.0	141	9785	45	-141.0	141	9785	45	-141.0	141	9785	45	-141.0	141	9785	45	-141.0	141	9785	45	-141.0	141	9785	45	-141.0	141	9785	45	-141.0	141	9785	45	-141.0	141	9785	45	-141.0	141	9785
46	-147.0	147	9932	46	-147.0	147	9932	46	-147.0	147	9932	46	-147.0	147	9932	46	-147.0	147	9932	46	-147.0	147	9932	46	-147.0	147	9932	46	-147.0	147	9932	46	-147.0	147	9932	46	-147.0	147	9932	46	-147.0	147	9932	46	-147.0	147	9932	46	-147.0	147	9932	46	-147.0	147	9932	46	-147.0	147	9932
47	-153.0	153	10085	47	-153.0	153	10085	47	-153.0	153	10085	47	-153.0	153	10085	47	-153.0	153	10085	47	-153.0	153	10085	47	-153.0	153	10085	47	-153.0	153	10085	47	-153.0	153	10085	47	-153.0	153	10085	47	-153.0	153	10085	47	-153.0	153	10085	47	-153.0	153	10085	47	-153.0	153	10085	47	-153.0	153	10085
48	-144.0	144	10229	48	-144.0	144	10229	48	-144.0	144	10229	48	-144.0	144	10229	48	-144.0	144	10229	48	-144.0	144	10229	48	-144.0	144	10229	48	-144.0	144	10229	48	-144.0	144	10229	48	-144.0	144	10229	48	-144.0	144	10229	48	-144.0	144	10229	48	-144.0	144	10229	48	-144.0	144	10229	48	-144.0	144	10229
49	-145.0	145	10374	49	-145.0	145	10374	49	-145.0	145	10374	49	-145.0	145	10374	49	-145.0	145	10374	49	-145.0	145	10374	49	-145.0	145	10374	49	-145.0	145	10374	49	-145.0	145	10374	49	-145.0	145	10374	49	-145.0	145	10374	49	-145.0	145	10374	49	-145.0	145	10374	49	-145.0	145	10374	49	-145.0	145	10374
50	-121.0	121	10495	50	-121.0	121	10495	50	-121.0	121	10495	50	-121.0	121	10495	50	-121.0	121	10495	50	-121.0	121	10495	50	-121.0	121	10495	50	-121.0	121	10495	50	-121.0	121	10495	50	-121.0	121	10495	50	-121.0	121	10495	50	-121.0	121	10495	50	-121.0	121	10495	50	-121.0	121	10495	50	-121.0	121	10495
51	-157.0	157	10652	51	-157.0	157	10652	51	-157.0	157	10652	51	-157.0	157	10652	51	-157.0	157	10652	51	-157.0	157	10652	51	-157.0	157	10652	51	-157.0	157	10652	51	-157.0	157	10652	51	-157.0	157	10652	51	-157.0	157	10652	51	-157.0	157	10652	51	-157.0	157	10652	51	-157.0	157	10652	51	-157.0	157	10652
52	-112.0	112	10764	52	-112.0	112	10764	52	-112.0	112	10764	52	-112.0	112	10764	52	-112.0	112	10764	52	-112.0	112	10764	52	-112.0	112	10764	52	-112.0	112	10764	52	-112.0	112	10764	52	-112.0	112	10764	52	-112.0	112	10764	52	-112.0	112	10764	52	-112.0	112	10764	52	-112.0	112	10764	52	-112.0	112	10764
53	-152.0	152	10916	53	-152.0	152	10916	53	-152.0	152	10916	53	-152.0	152	10916	53	-152.0	152	10916	53	-152.0	152	10916	53	-152.0	152	10916	53	-152.0	152	10916	53	-152.0	152	10916	53	-152.0	152	10916	53	-152.0	152	10916	53	-152.0	152	10916	53	-152.0	152	10916	53	-152.0	152	10916	53	-152.0	152	10916
54	-148.0	148	11064	54	-148.0	148	11064	54	-148.0	148	11064	54	-148.0	148	11064	54	-148.0	148	11064	54	-148.0	148	11064	54	-148.0	148	11064	54	-148.0	148	11064	54	-148.0	148	11064	54	-148.0	148	11064	54	-148.0	148	11064	54	-148.0	148	11064	54	-148.0	148	11064	54	-148.0	148	11064	54	-148.0	148	11064
55	-219.0	219	11283	55	-219.0	219	11283	55	-219.0	219	11283	55	-219.0	219	11283	55	-219.0	219	11283	55	-219.0	219	11283	55	-219.0	219	11283	55	-219.0	219	11283	55	-219.0	219	11283	55	-219.0	219	11283	55	-219.0	219	11283	55	-219.0	219	11283	55	-219.0	219	11283	55	-219.0	219	11283	55	-219.0	219	11283
56	-173.0	173	11456	56	-173.0	173	11456	56	-173.0	173	11456	56	-173.0	173	11456	56	-173.0	173	11456	56	-173.0	173	11456	56	-173.0	173	11456	56	-173.0	173	11456	56	-173.0	173	11456	56	-173.0	173	11456	56	-173.0	173	11456	56	-173.0	173	11456	56	-173.0	173	11456	56	-173.0	173	11456	56	-173.0	173	11456
57	-149.0	149	11605	57	-149.0	149	11605	57	-149.0	149	11605	57	-149.0	149	11605	57	-149.0	149	11605	57	-149.0	149	11605	57	-149.0	149	11605	57	-149.0	149	11605	57	-149.0	149	11605	57	-149.0	149	11605	57	-149.0	149	11605	57	-149.0	149	11605	57	-149.0	149	11605	57	-149.0	149	11605	57	-149.0	149	11605
58	-135.0	135	11740	58	-135.0	135	11740	58	-135.0	135	11740	58	-135.0	135	11740	58	-135.0	135	11740	58	-135.0	135	11740	58	-135.0	135	11740	58	-135.0	135	11740	58	-135.0	135	11740	58	-135.0	135	11740	58	-135.0	135	11740	58	-135.0	135	11740	58	-135.0	135	11740	58	-135.0	135	11740	58	-135.0	135	11740
59	-148.0	148	11888	59	-148.0	148	11888	59	-148.0	148	11888	59	-148.0	148	11888	59	-148.0	148	11888	59	-148.0	148	11888	59	-148.0	148	11888	59	-148.0	148	11888	59	-148.0	148	11888	59	-148.0	148	11888	59	-148.0	148	11888	59	-148.0	148	11888	59	-148.0	148	11888	59	-148.0	148	11888	59	-148.0	148	11888
60	-194.0	194	12082	60	-194.0	194	12082	60	-194.0	194	12082	60	-194.0	194	12082	60	-194.0	194	12082	60	-194.0	194	12082	60	-194.0	194	12082	60	-194.0	194	12082	60	-194.0	194	12082	60	-194.0	194	12082	60	-194.0	194	12082	60	-194.0	194	12082	60	-194.0	194	12082	60	-194.0	194	12082	60	-194.0	194	12082
61	-145.0	145	12227	61	-145.0	145	12227	61	-145.0	145	12227	61	-145.0	145	12227	61	-145.0	145	12227	61	-145.0	145	12227	61	-145.0	145	12227	61	-145.0	145	12227	61	-145.0	145	12227	61	-145.0	145	12227	61	-145.0	145	12227	61	-145.0	145	12227	61	-145.0	145	12227	61	-145.0	145	12227	61	-145.0	145	12227
62	-145.0	145	12372	62	-145.0	145	12372	62	-145.0	145	12372	62	-145.0	145	12372	62	-145.0	145	12372	62	-145.0	145	12372	62	-145.0	145	12372	62	-145.0	145	12372	62	-145.0	145	12372	62	-145.0	145	12372	62	-145.0	145	12372	62	-145.0	145	12372	62	-145.0	145	12372	62	-145.0	145	12372	62	-145.0	145	12372
63	-148.0	148	12520	63	-148.0	148	12520	63	-148.0	148	12520	63	-148.0	148	12520	63	-148.0	148	12520	63	-148.0	148	12520	63	-148.0	148	12520	63	-148.0	148	12520	63	-148.0	148	12520	63	-148.0	148	12520	63	-148.0	148	12520	63	-148.0	148	12520	63	-148.0	148	12520	63	-148.0	148	12520	63	-148.0	148	12520
64	-153.0	153	12673	64	-153.0	153	12673	64	-153.0	153	12673	64	-153.0	153	12673	64	-153.0	153	12673	64	-153.0	153	12673	64	-153.0	153	12673	64	-153.0	153	12673	64	-153.0	153	12673	64	-153.0	153	12673	64	-153.0	153	12673	64	-153.0	153	12673	64	-153.0	153	12673	64	-153.0	153	12673	64	-153.0	153	12673
65	-148.0	148	12821	65	-148.0	148	12821	65	-148.0	148	12821	65	-148.0	148	12821	65	-148.0	148	12821	65	-148.0	148	12821	65	-148.0	148	12821	65	-148.0	148	12821	65	-148.0	148	12821	65	-148.0	148	12821	65	-148.0	148	12821	65	-148.0	148	12821	65	-148.0	148	12821	65	-148.0	148	12821	65	-148.0	148	12821
66	-141.0	141	12962	66	-141.0	141	12962	66	-141.0	141	12962	66	-141.0	141	12962	66	-141.0	141	12962	66	-141.0	141	12962	66	-141.0	141	12962	66	-141.0	141	12962	66	-141.0	141	12962	66	-141.0	141	12962	66	-141.0	141	12962	66	-141.0	141	12962	66	-141.0	141	12962	66	-141.0	141	12962	66	-141.0	141	12962
67	-149.0	149	13111	67	-149.0	149	13111	67	-149.0	149	13111	67	-149.0	149	13111	67	-149.0	149	13111	67	-149.0	149	13111	67	-149.0	149	13111	67	-149.0	149	13111	67	-149.0	149	13111	67	-149.0	149	13111	67	-149.0	149	13111	67	-149.0	149	13111	67	-149.0	149	13111	67	-149.0	149	13111	67	-149.0	149	13111
68	-150.0	150	13261	68	-150.0	150	13261	68	-150.0	150	13261	68	-150.0	150	13261	68	-150.0	150	13261	68	-150.0	150	13261	68	-150.0	150	13261	68	-150.0	150	13261	68	-150.0	150	13261	68	-150.0	150	13261	68	-150.0	150	13261	68	-150.0	150	13261	68	-150.0	150	13261	68	-150.0	150	13261	68	-150.0	150	13261
69	-149.0	149	13410	69	-149.0	149	13410	69	-149.0	149	13410	69	-149.0	149	13410	69	-149.0	149	13410	69	-149.0	149	13410	69	-149.0	149	13410	69	-149.0	149	13410	69	-149.0	149	13410	69	-149.0	149	13410	69	-149.0	149	13410	69	-149.0	149	13410	69	-149.0	149	13410	69	-149.0	149	13410	69	-149.0	149	13410
70	-184.0	184	13594	70	-184.0	184	13594	70	-184.0	184	13594	70	-184.0	184	13594	70	-184.0	184	13594	70	-184.0	184	13594	70	-184.0	184	13594	70	-184.0	184	13594	70	-184.0	184	13594	70	-184.0	184	13594	70	-184.0	184	13594	70	-184.0	184	13594	70	-184.0	184	13594	70	-184.0	184	13594	70	-184.0	184	13594
71	-161.0	161	13755	71	-161.0	161	13755	71	-161.0	161	13755	71	-161.0	161	13755	71	-161.0	161	13755	71	-161.0	161	13755	71	-161.0	161	13755	71	-161.0	161	13755	71	-161.0	161	13755	71	-161.0	161	13755	71	-161.0	161	13755	71	-161.0	161	13755	71	-161.0	161	13755	71	-161.0	161	13755	71	-161.0	161	13755
72	-200.0	200	13955	72	-200.0	200	13955	72	-200.0	200	13955	72	-200.0	200	13955	72	-200.0	200	13955	72	-200.0	200	13955	72	-200.0	200	13955	72	-200.0	200	13955	72	-200.0	200	13955	72	-200.0	200	13955	72	-200.0	200	13955	72	-200.0	200	13955	72	-200.0	200	13955	72	-200.0	200	13955	72	-200.0	200	13955
73	-151.0	151	14106	73	-151.0	151	14106	73	-151.0	151	14106	73	-151.0	151	14106	73	-151.0	151	14106	73	-151.0	151	14106	73	-151.0	151	14106	73	-151.0	151	14106	73	-151.0	151	14106	73	-151.0	151	14106	73	-151.0	151	14106	73	-151.0	151	14106	73	-151.0	151	14106	73	-151.0	151	14106	73	-151.0	151	14106
74	-143.0	143	14249	74	-143.0	143	14249	74	-143.0	143	14249	74	-143.0	143	14249	74	-143.0	143	14249	74	-143.0	143	14249	74	-143.0	143	14249	74	-143.0	143	14249	74	-143.0	143	14249	74	-143.0	143	14249	74	-143.0	143	14249	74	-143.0	143	14249	74	-143.0	143	14249	74	-143.0	143	14249	74	-143.0	143	14249
75	-147.0	147	14396	75	-147.0	147	14396	75	-147.0	147	14396	75	-147.0	147	14396	75	-147.0	147	14396	75	-147.0	147	14396	75	-147.0	147	14396	75	-147.0	147	14396	75	-147.0	147	14396	75	-147.0	147	14396	75	-147.0	147	14396	75	-147.0	147	14396	75	-147.0	147	14396	75	-147.0	147	14396	75	-147.0	147	14396
76	-160.0	160	14556	76	-160.0	160	14556	76	-160.0	160	14556	76	-160.0	160	14556	76	-160.0	160	14556	76	-160.0	160	14556	76	-160.0	160	14556	76	-160.0	160	14556	76	-160.0	160	14556	76	-160.0	160	14556	76	-160.0	160	14556	76	-160.0	160	14556	76	-160.0	160	14556	76	-160.0	160	14556	76	-160.0	160	14556
77	-152.0	152	14708	77	-152.0	152	14708	77	-152.0	152	14708	77	-152.0	152	14708	77	-152.0	152	14708	77	-152.0	152	14708	77	-152.0	152	14708	77	-152.0	152	14708	77	-152.0	152	14708	77	-152.0	152	14708	77	-152.0	152	14708	77	-152.0	152	14708	77	-152.0	152	14708	77	-152.0	152	14708	77	-152.0	152	14708
78	-158.0	158	14866	78	-158.0	158	14866	78	-158.0	158	14866	78	-158.0	158	14866	78	-158.0	158	14866	78	-158.0	158	14866	78	-158.0	158	14866	78	-158.0	158	14866	78	-158.0	158	14866	78	-158.0	158	14866	78	-158.0	158	14866	78	-158.0	158	14866	78	-158.0	158	14866	78	-158.0	158	14866	78	-158.0	158	14866
79	-142.0	142	15008	79	-142.0	142	15008	79	-142.0	142	15008	79	-142.0	142	15008	79	-142.0	142	15008	79	-142.0	142	15008	79	-142.0	142	15008	79	-142.0	142	15008	79	-142.0	142	15008	79	-142.0	142	15008	79	-142.0	142	15008	79	-142.0	142	15008	79	-142.0	142	15008	79	-142.0	142	15008	79	-142.0	142	15008
80	-138.0	138	15146	80	-138.0	138	15146	80	-138.0	138	15146	80	-138.0	138	15146	80	-138.0	138	15146	80	-138.0	138	15146	80	-138.0	138	15146	80	-138.0	138	15146	80	-138.0	138	15146	80	-138.0	138	15146	80	-138.0	138	15146	80	-138.0	138	15146	80	-138.0	138	15146	80	-138.0	138	15146	80	-138.0	138	15146
81	-154.0	154	15300	81	-154.0	154	15300	81	-154.0	154	15300	81	-154.0	154	15300	81	-154.0	154	15300	81	-154.0	154	15300	81	-154.0	154	15300	81	-154.0	154	15300	81	-154.0	154	15300	81	-154.0	154	15300	81	-154.0	154	15300	81	-154.0	154	15300	81	-154.0	154	15300	81	-154.0	154	15300	81	-154.0	154	15300
82	-153.0	153	15453	82	-153.0	153	15453	82	-153.0	153	15453	82	-153.0	153	15453	82	-153.0	153	15453	82	-153.0	153	15453	82	-153.0	153	15453	82	-153.0	153	15453	82	-153.0	153	15453	82	-153.0	153	15453	82	-153.0	153	15453	82	-153.0	153	15453	82	-153.0	153	15453	82	-153.0	153	15453	82	-153.0	153	15453
83	-117.0	117	15570	83	-117.0	117	15570	83	-117.0	117	15570	83	-117.0	117	15570	83	-117.0	117	15570	83	-117.0	117	15570	83	-117.0	117	15570	83	-117.0	117	15570	83	-117.0	117	15570	83	-117.0	117	15570	83	-117.0	117	15570	83	-117.0	117	15570	83	-117.0	117	15570	83	-117.0	117	15570	83	-117.0	117	15570
84	-162.0	162	15732	84	-162.0	162	15732	84	-162.0	162	15732	84	-162.0	162	15732	84	-162.0	162	15732	84	-162.0	162	15732	84	-162.0	162	15732	84	-162.0	162	15732	84	-162.0	162	15732	84	-162.0	162	15732	84	-162.0	162	15732	84	-162.0	162	15732	84	-162.0	162	15732	84	-162.0	162	15732	84	-162.0	162	15732
85	-152.0	152	15884	85	-152.0	152	15884	85	-152.0	152	15884	85	-152.0	152	15884	85	-152.0	152	15884	85	-152.0	152	15884	85	-152.0	152	15884	85	-152.0	152	15884	85	-152.0	152	15884	85	-152.0	152	15884	85	-152.0	152	15884	85	-152.0	152	15884	85	-152.0	152	15884	85	-152.0	152	15884	85	-152.0	152	15884
86	-155.0	155	16039	86	-155.0	155	16039	86	-155.0	155	16039	86	-155.0	155	16039	86	-155.0	155	16039	86	-155.0	155	16039	86	-155.0	155	16039	86	-155.0	155	16039	86	-155.0	155	16039	86	-155.0	155	16039	86	-155.0	155	16039	86	-155.0	155	16039	86	-155.0	155	16039	86	-155.0	155	16039	86	-155.0	155	16039
87	-107.0	107	16146	87	-107.0	107	16146	87	-107.0	107	16146	87	-107.0	107	16146	87	-107.0	107	16146	87	-107.0	107	16146	87	-107.0	107	16146	87	-107.0	107	16146	87	-107.0	107	16146	87	-107.0	107	16146	87	-107.0	107	16146	87	-107.0	107	16146	87	-107.0	107	16146	87	-107.0	107	16146	87	-107.0	107	16146
88	-160.0	160	16306	88	-160.0	160	16306	88	-160.0	160	16306	88	-160.0	160	16306	88	-160.0	160	16306	88	-160.0	160	16306	88	-160.0	160	16306	88	-160.0	160	16306	88	-160.0	160	16306	88	-160.0	160	16306	88	-160.0	160	16306	88	-160.0	160	16306	88	-160.0	160	16306	88	-160.0	160	16306	88	-160.0	160	16306
89	-162.0	162	16468	89	-162.0	162	16468	89	-162.0	162	16468	89	-162.0	162	16468	89	-162.0	162	16468	89	-162.0	162	16468	89	-162.0	162	16468	89	-162.0	162	16468	89	-162.0	162	16468	89	-162.0	162	16468	89	-162.0	162	16468	89	-162.0	162	16468	89	-162.0	162	16468	89	-162.0	162	16468	89	-162.0	162	16468
90	-153.0	153	16621	90	-153.0	153	16621	90	-153.0	153	16621	90	-153.0	153	16621	90	-153.0	153	16621	90	-153.0	153	16621	90	-153.0	153	16621	90	-153.0	153	16621	90	-153.0	153	16621	90	-153.0	153	16621	90	-153.0	153	16621	90	-153.0	153	16621	90	-153.0	153	16621	90	-153.0	153	16621	90	-153.0	153	16621
91	-180.0	180	16801	91	-180.0	180	16801	91	-180.0	180	16801	91	-180.0	180	16801	91	-180.0	180	16801	91	-180.0	180	16801	91	-180.0	180	16801	91	-180.0	180	16801	91	-180.0	180	16801	91	-180.0	180	16801	91	-180.0	180	16801	91	-180.0	180	16801	91	-180.0	180	16801	91	-180.0	180	16801	91	-180.0	180	16801
92	-144.0	144	16945	92	-144.0	144	16945	92	-144.0	144	16945	92	-144.0	144	16945	92	-144.0	144	16945	92	-144.0	144	16945	92	-144.0	144	16945	92	-144.0	144	16945	92	-144.0	144	16945	92	-144.0	144	16945	92	-144.0	144	16945	92	-144.0	144	16945	92	-144.0	144	16945	92	-144.0	144	16945	92	-144.0	144	16945
93	-136.0	136	17081	93	-136.0	136	17081	93	-136.0	136	17081	93	-136.0	136	17081	93	-136.0	136	17081	93	-136.0	136	17081	93	-136.0	136	17081	93	-136.0	136	17081	93	-136.0	136	17081	93	-136.0	136	17081	93	-136.0	136	17081	93	-136.0	136	17081	93	-136.0	136	17081	93	-136.0	136	17081	93	-136.0	136	17081
94	-138.0	138	17219	94	-138.0	138	17219	94	-138.0	138	17219	94	-138.0	138	17219	94	-138.0	138	17219	94	-138.0	138	17219	94	-138.0	138	17219	94	-138.0	138	17219	94	-138.0	138	17219	94	-138.0	138	17219	94	-138.0	138	17219	94	-138.0	138	17219	94	-138.0	138	17219	94	-138.0	138	17219	94	-138.0	138	17219
95	-190.0	190	17409	95	-190.0	190	17409	95	-190.0	190	17409	95	-190.0	190	17409	95	-190.0	190	17409	95	-190.0	190	17409	95	-190.0	190	17409	95	-190.0	190	17409	95	-190.0	190	17409	95	-190.0	190	17409	95	-190.0	190	17409	95	-190.0	190	17409	95	-190.0	190	17409	95	-190.0	190	17409	95	-190.0	190	17409
96	-210.0	210	17619	96	-210.0	210	17619	96	-210.0	210	17619	96	-210.0	210	17619	96	-210.0	210	17619	96	-210.0	210	17619	96	-210.0	210	17619	96	-210.0	210	17619	96	-210.0	210	17619	96	-210.0	210	17619	96	-210.0	210	17619	96	-210.0	210	17619	96	-210.0	210	17619	96	-210.0	210	17619	96	-210.0	210	17619
97	-144.0	144	17763	97	-144.0	144	17763	97	-144.0	144	17763	97	-144.0	144	17763	97	-144.0	144	17763	97	-144.0	144	17763	97	-144.0	144	17763	97	-144.0	144	17763	97	-144.0	144	17763	97	-144.0	144	17763	97	-144.0	144	17763	97	-144.0	144	17763	97	-144.0	144	17763	97	-144.0	144	17763	97	-144.0	144	17763
98	-183.0	183	17946	98	-183.0	183	17946	98	-183.0	183	17946	98	-183.0	183	17946	98	-183.0	183	17946	98	-183.0	183	17946	98	-183.0	183	17946	98	-183.0	183	17946	98	-183.0	183	17946	98	-183.0	183	17946	98	-183.0	183	17946	98	-183.0	183	17946	98	-183.0	183	17946	98	-183.0	183	17946	98	-183.0	183	17946
99	-221.0	221	18167	99	-221.0	221	18167	99	-221.0	221	18167	99	-221.0	221	18167	99	-221.0	221	18167	99	-221.0	221	18167	99	-221.0	221	18167	99	-221.0	221	18167	99	-221.0	221	18167	99	-221.0	221	18167	99	-221.0	221	18167	99	-221.0	221	18167	99	-221.0	221	18167	99	-221.0	221	18167	99	-221.0	221	18167
100	-189.0	189	18356	100	-189.0	189	18356	100	-189.0	189	18356	100	-189.0	189	18356	100	-189.0	189	18356	100	-189.0	189	18356	100	-189.0	189	18356	100	-189.0	189	18356	100	-189.0	189	18356	100	-189.0	189	18356	100	-189.0	189	18356	100	-189.0	189	18356	100	-189.0	189	18356	100	-189.0	189	18356	100	-189.0	189	18356
101	-190.0	190	18546	101	-190.0	190	18546	101	-190.0	190	18546	101	-190.0	190	18546	101	-190.0	190	18546	101	-190.0	190	18546	101	-190.0	190	18546	101	-190.0	190	18546	101	-190.0	190	18546	101	-190.0	190	18546	101	-190.0	190	18546	101	-190.0	190	18546	101	-190.0	190	18546	101	-190.0	190	18546	101	-190.0	190	18546
102	-177.0	177	18723	102	-177.0	177	18723	102	-177.0	177	18723	102	-177.0	177	18723	102	-177.0	177	18723	102	-177.0	177	18723	102	-177.0	177	18723	102	-177.0	177	18723	102	-177.0	177	18723	102	-177.0	177	18723	102	-177.0	177	18723	102	-177.0	177	18723	102	-177.0	177	18723	102	-177.0	177	18723	102	-177.0	177	18723
103	-219.0	219	18942	103	-219.0	219	18942	103	-219.0	219	18942	103	-219.0	219	18942	103	-219.0	219	18942	103	-219.0	219	18942	103	-219.0	219	18942	103	-219.0	219	18942	103	-219.0	219	18942	103	-219.0	219	18942	103	-219.0	219	18942	103	-219.0	219	18942	103	-219.0	219	18942	103	-219.0	219	18942	103	-219.0	219	18942
104	-227.0	227	19169	104	-227.0	227	19169	104	-227.0	227	19169	104	-227.0	227	19169	104	-227.0	227	19169	104	-227.0	227	19169	104	-227.0	227	19169	104	-227.0	227	19169	104	-227.0	227	19169	104	-227.0	227	19169	104	-227.0	227	19169	104	-227.0	227	19169	104	-227.0	227	19169	104	-227.0	227	19169	104	-227.0	227	19169
105	-158.0	158	19327	105	-158.0	158	19327	105	-158.0	158	19327	105	-158.0	158	19327	105	-158.0	158	19327	105	-158.0	158	19327	105	-158.0	158	19327	105	-158.0	158	19327	105	-158.0	158	19327	105	-158.0	158	19327	105	-158.0	158	19327	105	-158.0	158	19327	105	-158.0	158	19327	105	-158.0	158	19327	105	-158.0	158	19327
106	-145.0	145	19472	106	-145.0	145	19472	106	-145.0	145	19472	106	-145.0	145	19472	106	-145.0	145	19472	106	-145.0	145	19472	106	-145.0	145	19472	106	-145.0	145	19472	106	-145.0	145	19472	106	-145.0	145	19472	106	-145.0	145	19472	106	-145.0	145	19472	106	-145.0	145	19472	106	-145.0	145	19472	106	-145.0	145	19472
107	-141.0	141	19613	107	-141.0	141	19613	107	-141.0	141	19613	107	-141.0	141	19613	107	-141.0	141	19613	107	-141.0	141	19613	107	-141.0	141	19613	107	-141.0	141	19613	107	-141.0	141	19613	107	-141.0	141	19613	107	-141.0	141	19613	107	-141.0	141	19613	107	-141.0	141	19613	107	-141.0	141	19613	107	-141.0	141	19613
108	-114.0	114	19727	108	-114.0	114	19727	108	-114.0	114	19727	108	-114.0	114	19727	108	-114.0	114	19727	108	-114.0	114	19727	108	-114.0	114	19727	108	-114.0	114	19727	108	-114.0	114	19727	108	-114.0	114	19727	108	-114.0	114	19727	108	-114.0	114	19727	108	-114.0	114	19727	108	-114.0	114	19727	108	-114.0	114	19727
109	-146.0	146	19873	109	-146.0	146	19873	109	-146.0	146	19873	109	-146.0	146	19873	109	-146.0	146	19873	109	-146.0	146	19873	109	-146.0	146	19873	109	-146.0	146	19873	109	-146.0	146	19873	109	-146.0	146	19873	109	-146.0	146	19873	109	-146.0	146	19873	109	-146.0	146	19873	109	-146.0	146	19873	109	-146.0	146	19873
110	-116.0	116	19989	110	-116.0	116	19989	110	-116.0	116	19989	110	-116.0	116	19989	110	-116.0	116	19989	110	-116.0	116	19989	110	-116.0	116	19989	110	-116.0	116	19989	110	-116.0	116	19989	110	-116.0	116	19989	110	-116.0	116	19989	110	-116.0	116	19989	110	-116.0	116	19989	110	-116.0	116	19989	110	-116.0	116	19989
111	-145.0	145	20134	111	-145.0	145	20134	111	-145.0	145	20134	111	-145.0	145	20134	111	-145.0	145	20134	111	-145.0	145	20134	111	-145.0	145	20134	111	-145.0	145	20134	111	-145.0	145	20134	111	-145.0	145	20134	111	-145.0	145	20134	111	-145.0	145	20134	111	-145.0	145	20134	111	-145.0	145	20134	111	-145.0	145	20134
112	-148.0	148	20282	112	-148.0	148	20282	112	-148.0	148	20282	112	-148.0	148	20282	112	-148.0	148	20282	112	-148.0	148	20282	112	-148.0	148	20282	112	-148.0	148	20282	112	-148.0	148	20282	112	-148.0	148	20282	112	-148.0	148	20282	112	-148.0	148	20282	112	-148.0	148	20282	112	-148.0	148	20282	112	-148.0	148	20282
113	-141.0	141	20423	113	-141.0	141	20423	113	-141.0	141	20423	113	-141.0	141	20423	113	-141.0	141	20423	113	-141.0	141	20423	113	-141.0	141	20423	113	-141.0	141	20423	113	-141.0	141	20423	113	-141.0	141	20423	113	-141.0	141	20423	113	-141.0	141	20423	113	-141.0	141	20423	113	-141.0	141	20423	113	-141.0	141	20423
114	-138.0	138	20561	114	-138.0	138	20561	114	-138.0	138	20561	114	-138.0	138	20561	114	-138.0	138	20561	114	-138.0	138	20561	114	-138.0	138	20561	114	-138.0	138	20561	114	-138.0	138	20561	114	-138.0	138	20561	114	-138.0	138	20561	114	-138.0	138	20561	114	-138.0	138	20561	114	-138.0	138	20561	114	-138.0	138	20561
115	-110.0	110	20671	115	-110.0	110	20671	115	-110.0	110	20671	115	-110.0	110	20671	115	-110.0	110	20671	115	-110.0	110	20671	115	-110.0	110	20671	115	-110.0	110	20671	115	-110.0	110	20671	115	-110.0	110	20671	115	-110.0	110	20671	115	-110.0	110	20671	115	-110.0	110	20671	115	-110.0	110	20671	115	-110.0	110	20671
116	-169.0	169	20840	116	-169.0	169	20840	116	-169.0	169	20840	116	-169.0	169	20840	116	-169.0	169	20840	116	-169.0	169	20840	116	-169.0	169	20840	116	-169.0	169	20840	116	-169.0	169	20840	116	-169.0	169	20840	116	-169.0	169	20840	116	-169.0	169	20840	116	-169.0	169	20840	116	-169.0	169	20840	116	-169.0	169	20840
117	-114.0	114	20954	117	-114.0	114	20954	117	-114.0	114	20954	117	-114.0	114	20954	117	-114.0	114	20954	117	-114.0	114	20954	117	-114.0	114	20954	117	-114.0	114	20954	117	-114.0	114	20954	117	-114.0	114	20954	117	-114.0	114	20954	117	-114.0	114	20954	117	-114.0	114	20954	117	-114.0	114	20954	117	-114.0	114	20954
118	-109.0	109	21063	118	-109.0	109	21063	118	-109.0	109	21063	118	-109.0	109	21063	118	-109.0	109	21063	118	-109.0	109	21063	118	-109.0	109	21063	118	-109.0	109	21063	118	-109.0	109	21063	118	-109.0	109	21063	118	-109.0	109	21063	118	-109.0	109	21063	118	-109.0	109	21063	118	-109.0	109	21063	118	-109.0	109	21063
119	-109.0	109	21172	119	-109.0	109	21172	119	-109.0	109	21172	119	-109.0	109	21172	119	-109.0	109	21172	119	-109.0	109	21172	119	-109.0	109	21172	119	-109.0	109	21172	119	-109.0	109	21172	119	-109.0	109	21172	119	-109.0	109	21172	119	-109.0	109	21172	119	-109.0	109	21172	119	-109.0	109	21172	119	-109.0	109	21172
120	-92.0	92	21264	120	-92.0	92	21264	120	-92.0	92	21264	120	-92.0	92	21264	120	-92.0	92	21264	120	-92.0	92	21264	120	-92.0	92	21264	120	-92.0	92	21264	120	-92.0	92	21264	120	-92.0	92	21264	120	-92.0	92	21264	120	-92.0	92	21264	120	-92.0	92	21264	120	-92.0	92	21264	120	-92.0	92	21264
121	-107.0	107	21371	121	-107.0	107	21371	121	-107.0	107	21371	121	-107.0	107	21371	121	-107.0	107	21371	121	-107.0	107	21371	121	-107.0	107	21371	121	-107.0	107	21371	121	-107.0	107	21371	121	-107.0	107	21371	121	-107.0	107	21371	121	-107.0	107	21371	121	-107.0	107	21371	121	-107.0	107	21371	121	-107.0	107	21371
122	-151.0	151	21522	122	-151.0	151	21522	122	-151.0	151	21522	122	-151.0	151	21522	122	-151.0	151	21522	122	-151.0	151	21522	122	-151.0	151	21522	122	-151.0	151	21522	122	-151.0	151	21522	122	-151.0	151	21522	122	-151.0	151	21522	122	-151.0	151	21522	122	-151.0	151	21522	122	-151.0	151	21522	122	-151.0	151	21522
123	-111.0	111	21633	123	-111.0	111	21633	123	-111.0	111	21633	123	-111.0	111	21633	123	-111.0	111	21633	123	-111.0	111	21633	123	-111.0	111	21633	123	-111.0	111	21633	123	-111.0	111	21633	123	-111.0	111	21633	123	-111.0	111	21633	123	-111.0	111	21633	123	-111.0	111	21633	123	-111.0	111	21633	123	-111.0	111	21633
124	-144.0	144	21777	124	-144.0	144	21777	124	-144.0	144	21777	124	-144.0	144	21777	124	-144.0	144	21777	124	-144.0	144	21777	124	-144.0	144	21777	124	-144.0	144	21777	124	-144.0	144	21777	124	-144.0	144	21777	124	-144.0	144	21777	124	-144.0	144	21777	124	-144.0	144	21777	124	-144.0	144	21777	124	-144.0	144	21777
125	-107.0	107	21884	125	-107.0	107	21884	125	-107.0	107	21884	125	-107.0	107	21884	125	-107.0	107	21884	125	-107.0	107	21884	125	-107.0	107	21884	125	-107.0	107	21884	125	-107.0	107	21884	125	-107.0	107	21884	125	-107.0	107	21884	125	-107.0	107	21884	125	-107.0	107	21884	125	-107.0	107	21884	125	-107.0	107	21884
126	-142.0	142	22026	126	-142.0	142	22026	126	-142.0	142	22026	126	-142.0	142	22026	126	-142.0	142	22026	126	-142.0	142	22026	126	-142.0	142	22026	126	-142.0	142	22026	126	-142.0	142	22026	126	-142.0	142	22026	126	-142.0	142	22026	126	-142.0	142	22026	126	-142.0	142	22026	126	-142.0	142	22026	126	-142.0	142	22026
127	-163.0	163	22189	127	-163.0	163	22189	127	-163.0	163	22189	127	-163.0	163	22189	127	-163.0	163	22189	127	-163.0	163	22189	127	-163.0	163	22189	127	-163.0	163	22189	127	-163.0	163	22189	127	-163.0	163	22189	127	-163.0	163	22189	127	-163.0	163	22189	127	-163.0	163	22189	127	-163.0	163	22189	127	-163.0	163	22189
128	-139.0	139	22328	128	-139.0	139	22328	128	-139.0	139	22328	128	-139.0	139	22328	128	-139.0	139	22328	128	-139.0	139	22328	128	-139.0	139	22328	128	-139.0	139	22328	128	-139.0	139	22328	128	-139.0	139	22328	128	-139.0	139	22328	128	-139.0	139	22328	128	-139.0	139	22328	128	-139.0	139	22328	128	-139.0	139	22328
129	-139.0	139	22467	129	-139.0	139	22467	129	-139.0	139	22467	129	-139.0	139	22467	129	-139.0	139	22467	129	-139.0	139	22467	129	-139.0	139	22467	129	-139.0	139	22467	129	-139.0	139	22467	129	-139.0	139	22467	129	-139.0	139	22467	129	-139.0	139	22467	129	-139.0	139	22467	129	-139.0	139	22467	129	-139.0	139	22467
130	-139.0	139	22606	130	-139.0	139	22606	130	-139.0	139	22606	130	-139.0	139	22606	130	-139.0	139	22606	130	-139.0	139	22606	130	-139.0	139	22606	130	-139.0	139	22606	130	-139.0	139	22606	130	-139.0	139	22606	130	-139.0	139	22606	130	-139.0	139	22606	130	-139.0	139	22606	130	-139.0	139	22606	130	-139.0	139	22606
131	-138.0	138	22744	131	-138.0	138	22744	131	-138.0	138	22744	131	-138.0	138	22744	131	-138.0	138	22744	131	-138.0	138	22744	131	-138.0	138	22744	131	-138.0	138	22744	131	-138.0	138	22744	131	-138.0	138	22744	131	-138.0	138	22744	131	-138.0	138	22744	131	-138.0	138	22744	131	-138.0	138	22744	131	-138.0	138	22744
132	-181.0	181	22925	132	-181.0	181	22925	132	-181.0	181	22925	132	-181.0	181	22925	132	-181.0	181	22925	132	-181.0	181	22925	132	-181.0	181	22925	132	-181.0	181	22925	132	-181.0	181	22925	132	-181.0	181	22925	132	-181.0	181	22925	132	-181.0	181	22925	132	-181.0	181	22925	132	-181.0	181	22925	132	-181.0	181	22925
133	-178.0	178	23103	133	-178.0	178	23103	133	-178.0	178	23103	133	-178.0	178	23103	133	-178.0	178	23103	133	-178.0	178	23103	133	-178.0	178	23103	133	-178.0	178	23103	133	-178.0	178	23103	133	-178.0	178	23103	133	-178.0	178	23103	133	-178.0	178	23103	133	-178.0	178	23103	133	-178.0	178	23103	133	-178.0	178	23103
134	-142.0	142	23245	134	-142.0	142	23245	134	-142.0	142	23245	134	-142.0	142	23245	134	-142.0	142	23245	134	-142.0	142	23245	134	-142.0	142	23245	134	-142.0	142	23245	134	-142.0	142	23245	134	-142.0	142	23245	134	-142.0	142	23245	134	-142.0	142	23245	134	-142.0	142	23245	134	-142.0	142	23245	134	-142.0	142	23245
135	-122.0	122	23367	135	-122.0	122	23367	135	-122.0	122	23367	135	-122.0	122	23367	135	-122.0	122	23367	135	-122.0	122	23367	135	-122.0	122	23367	135	-122.0	122	23367	135	-122.0	122	23367	135	-122.0	122	23367	135	-122.0	122	23367	135	-122.0	122	23367	135	-122.0	122	23367	135	-122.0	122	23367	135	-122.0	122	23367
136	-139.0	139	23506	136	-139.0	139	23506	136	-139.0	139	23506	136	-139.0	139	23506	136	-139.0	139	23506	136	-139.0	139	23506	136	-139.0	139	23506	136	-139.0	139	23506	136	-139.0	139	23506	136	-139.0	139	23506	136	-139.0	139	23506	136	-139.0	139	23506	136	-139.0	139	23506	136	-139.0	139	23506	136	-139.0	139	23506
137	-105.0	105	23611	137	-105.0	105	23611	137	-105.0	105	23611	137	-105.0	105	23611	137	-105.0	105	23611	137	-105.0	105	23611	137	-105.0	105	23611	137	-105.0	105	23611	137	-105.0	105	23611	137	-105.0	105	23611	137	-105.0	105	23611	137	-105.0	105	23611	137	-105.0	105	23611	137	-105.0	105	23611	137	-105.0	105	23611
138	-105.0	105	23716	138	-105.0	105	23716	138	-105.0	105	23716	138	-105.0	105	23716	138	-105.0	105	23716	138	-105.0	105	23716	138	-105.0	105	23716	138	-105.0	105	23716	138	-105.0	105	23716	138	-105.0	105	23716	138	-105.0	105	23716	138	-105.0	105	23716	138	-105.0	105	23716	138	-105.0	105	23716	138	-105.0	105	23716
139	-145.0	145	23861	139	-145.0	145	23861	139	-145.0	145	23861	139	-145.0	145	23861	139	-145.0	145	23861	139	-145.0	145	23861	139	-145.0	145	23861	139	-145.0	145	23861	139	-145.0	145	23861	139	-145.0	145	23861	139	-145.0	145	23861	139	-145.0	145	23861	139	-145.0	145	23861	139	-145.0	145	23861	139	-145.0	145	23861
140	-160.0	160	24021	140	-160.0	160	24021	140	-160.0	160	24021	140	-160.0	160	24021	140	-160.0	160	24021	140	-160.0	160	24021	140	-160.0	160	24021	140	-160.0	160	24021	140	-160.0	160	24021	140	-160.0	160	24021	140	-160.0	160	24021	140	-160.0	160	24021	140	-160.0	160	24021	140	-160.0	160	24021	140	-160.0	160	24021
141	-158.0	158	24179	141	-158.0	158	24179	141	-158.0	158	24179	141	-158.0	158	24179	141	-158.0	158	24179	141	-158.0	158	24179	141	-158.0	158	24179	141	-158.0	158	24179	141	-158.0	158	24179	141	-158.0	158	24179	141	-158.0	158	24179	141	-158.0	158	24179	141	-158.0	158	24179	141	-158.0	158	24179	141	-158.0	158	24179
142	-143.0	143	24322	142	-143.0	143	24322	142	-143.0	143	24322	142	-143.0	143	24322	142	-143.0	143	24322	142	-143.0	143	24322	142	-143.0	143	24322	142	-143.0	143	24322	142	-143.0	143	24322	142	-143.0	143	24322	142	-143.0	143	24322	142	-143.0	143	24322	142	-143.0	143	24322	142	-143.0	143	24322	142	-143.0	143	24322
143	-157.0	157	24479	143	-157.0	157	24479	143	-157.0	157	24479	143	-157.0	157	24479	143	-157.0	157	24479	143	-157.0	157	24479	143	-157.0	157	24479	143	-157.0	157	24479	143	-157.0	157	24479	143	-157.0	157	24479	143	-157.0	157	24479	143	-157.0	157	24479	143	-157.0	157	24479	143	-157.0	157	24479	143	-157.0	157	24479
144	-147.0	147	24626	144	-147.0	147	24626	144	-147.0	147	24626	144	-147.0	147	24626	144	-147.0	147	24626	144	-147.0	147	24626	144	-147.0	147	24626	144	-147.0	147	24626	144	-147.0	147	24626	144	-147.0	147	24626	144	-147.0	147	24626	144	-147.0	147	24626	144	-147.0	147	24626	144	-147.0	147	24626	144	-147.0	147	24626
145	-144.0	144	24770	145	-144.0	144	24770	145	-144.0	144	24770	145	-144.0	144	24770	145	-144.0	144	24770	145	-144.0	144	24770	145	-144.0	144	24770	145	-144.0	144	24770	145	-144.0	144	24770	145	-144.0	144	24770	145	-144.0	144	24770	145	-144.0	144	24770	145	-144.0	144	24770	145	-144.0	144	24770	145	-144.0	144	24770
146	-146.0	146	24916	146	-146.0	146	24916	146	-146.0	146	24916	146	-146.0	146	24916	146	-146.0	146	24916	146	-146.0	146	24916	146	-146.0	146	24916	146	-146.0	146	24916	146	-146.0	146	24916	146	-146.0	146	24916	146	-146.0	146	24916	146	-146.0	146	24916	146	-146.0	146	24916	146	-146.0	146	24916	146	-146.0	146	24916
147	-147.0	147	25063	147	-147.0	147	25063	147	-147.0	147	25063	147	-147.0	147	25063	147	-147.0	147	25063	147	-147.0	147	25063	147	-147.0	147	25063	147	-147.0	147	25063	147	-147.0	147	25063	147	-147.0	147	25063	147	-147.0	147	25063	147	-147.0	147	25063	147	-147.0	147	25063	147	-147.0	147	25063	147	-147.0	147	25063
148	-141.0	141	25204	148	-141.0	141	25204	148	-141.0	141	25204	148	-141.0	141	25204	148	-141.0	141	25204	148	-141.0	141	25204	148	-141.0	141	25204	148	-141.0	141	25204	148	-141.0	141	25204	148	-141.0	141	25204	148	-141.0	141	25204	148	-141.0	141	25204	148	-141.0	141	25204	148	-141.0	141	25204	148	-141.0	141	25204
149	-141.0	141	25345	149	-141.0	141	25345	149	-141.0	141	25345	149	-141.0	141	25345	149	-141.0	141	25345	149	-141.0	141	25345	149	-141.0	141	25345	149	-141.0	141	25345	149	-141.0	141	25345	149	-141.0	141	25345	149	-141.0	141	25345	149	-141.0	141	25345	149	-141.0	141	25345	149	-141.0	141	25345	149	-141.0	141	25345
150	-136.0	136	25481	150	-136.0	136	25481	150	-136.0	136	25481	150	-136.0	136	25481	150	-136.0	136	25481	150	-136.0	136	25481	150	-136.0	136	25481	150	-136.0	136	25481	150	-136.0	136	25481	150	-136.0	136	25481	150	-136.0	136	25481	150	-136.0	136	25481	150	-136.0	136	25481	150	-136.0	136	25481	150	-136.0	136	25481
151	-146.0	146	25627	151	-146.0	146	25627	151	-146.0	146	25627	151	-146.0	146	25627	151	-146.0	146	25627	151	-146.0	146	25627	151	-146.0	146	25627	151	-146.0	146	25627	151	-146.0	146	25627	151	-146.0	146	25627	151	-146.0	146	25627	151	-146.0	146	25627	151	-146.0	146	25627	151	-146.0	146	25627	151	-146.0	146	25627
152	-142.0	142	25769	152	-142.0	142	25769	152	-142.0	142	25769	152	-142.0	142	25769	152	-142.0	142	25769	152	-142.0	142	25769	152	-142.0	142	25769	152	-142.0	142	25769	152	-142.0	142	25769	152	-142.0	142	25769	152	-142.0	142	25769	152	-142.0	142	25769	152	-142.0	142	25769	152	-142.0	142	25769	152	-142.0	142	25769
153	-143.0	143	25912	153	-143.0	143	25912	153	-143.0	143	25912	153	-143.0	143	25912	153	-143.0	143	25912	153	-143.0	143	25912	153	-143.0	143	25912	153	-143.0	143	25912	153	-143.0	143	25912	153	-143.0	143	25912	153	-143.0	143	25912	153	-143.0	143	25912	153	-143.0	143	25912	153	-143.0	143	25912	153	-143.0	143	25912
154	-146.0	146	26058	154	-146.0	146	26058	154	-146.0	146	26058	154	-146.0	146	26058	154	-146.0	146	26058	154	-146.0	146	26058	154	-146.0	146	26058	154	-146.0	146	26058	154	-146.0	146	26058	154	-146.0	146	26058	154	-146.0	146	26058	154	-146.0	146	26058	154	-146.0	146	26058	154	-146.0	146	26058	154	-146.0	146	26058
155	-173.0	173	26231	155	-173.0	173	26231	155	-173.0	173	26231	155	-173.0	173	26231	155	-173.0	173	26231	155	-173.0	173	26231	155	-173.0	173	26231	155	-173.0	173	26231	155	-173.0	173	26231	155	-173.0	173	26231	155	-173.0	173	26231	155	-173.0	173	26231	155	-173.0	173	26231	155	-173.0	173	26231	155	-173.0	173	26231
156	-178.0	178	26409	156	-178.0	178	26409	156	-178.0	178	26409	156	-178.0	178	26409	156	-178.0	178	26409	156	-178.0	178	26409	156	-178.0	178	26409	156	-178.0	178	26409	156	-178.0	178	26409	156	-178.0	178	26409	156	-178.0	178	26409	156	-178.0	178	26409	156	-178.0	178	26409	156	-178.0	178	26409	156	-178.0	178	26409
157	-108.0	108	26517	157	-108.0	108	26517	157	-108.0	108	26517	157	-108.0	108	26517	157	-108.0	108	26517	157	-108.0	108	26517	157	-108.0	108	26517	157	-108.0	108	26517	157	-108.0	108	26517	157	-108.0	108	26517	157	-108.0	108	26517	157	-108.0	108	26517	157	-108.0	108	26517	157	-108.0	108	26517	157	-108.0	108	26517
158	-150.0	150	26667	158	-150.0	150	26667	158	-150.0	150	26667	158	-150.0	150	26667	158	-150.0	150	26667	158	-150.0	150	26667	158	-150.0	150	26667	158	-150.0	150	26667	158	-150.0	150	26667	158	-150.0	150	26667	158	-150.0	150	26667	158	-150.0	150	26667	158	-150.0	150	26667	158	-150.0	150	26667	158	-150.0	150	26667
159	-148.0	148	26815	159	-148.0	148	26815	159	-148.0	148	26815	159	-148.0	148	26815	159	-148.0	148	26815	159	-148.0	148	26815	159	-148.0	148	26815	159	-148.0	148	26815	159	-148.0	148	26815	159	-148.0	148	26815	159	-148.0	148	26815	159	-148.0	148	26815	159	-148.0	148	26815	159	-148.0	148	26815	159	-148.0	148	26815
160	-147.0	147	26962	160	-147.0	147	26962	160	-147.0	147	26962	160	-147.0	147	26962	160	-147.0	147	26962	160	-147.0	147	26962	160	-147.0	147	26962	160	-147.0	147	26962	160	-147.0	147	26962	160	-147.0	147	26962	160	-147.0	147	26962	160	-147.0	147	26962	160	-147.0	147	26962	160	-147.0	147	26962	160	-147.0	147	26962
161	-141.0	141	27103	161	-141.0	141	27103	161	-141.0	141	27103	161	-141.0	141	27103	161	-141.0	141	27103	161	-141.0	141	27103	161	-141.0	141	27103	161	-141.0	141	27103	161	-141.0	141	27103	161	-141.0	141	27103	161	-141.0	141	27103	161	-141.0	141	27103	161	-141.0	141	27103	161	-141.0	141	27103	161	-141.0	141	27103
162	-135.0	135	27238	162	-135.0	135	27238	162	-135.0	135	27238	162	-135.0	135	27238	162	-135.0	135	27238	162	-135.0	135	27238	162	-135.0	135	27238	162	-135.0	135	27238	162	-135.0	135	27238	162	-135.0	135	27238	162	-135.0	135	27238	162	-135.0	135	27238	162	-135.0	135	27238	162	-135.0	135	27238	162	-135.0	135	27238
163	-150.0	150	27388	163	-150.0	150	27388	163	-150.0	150	27388	163	-150.0	150	27388	163	-150.0	150	27388	163	-150.0	150	27388	163	-150.0	150	27388	163	-150.0	150	27388	163	-150.0	150	27388	163	-150.0	150	27388	163	-150.0	150	27388	163	-150.0	150	27388	163	-150.0	150	27388	163	-150.0	150	27388	163	-150.0	150	27388
164	-138.0	138	27526	164	-138.0	138	27526	164	-138.0	138	27526	164	-138.0	138	27526	164	-138.0	138	27526	164	-138.0	138	27526	164	-138.0	138	27526	164	-138.0	138	27526	164	-138.0	138	27526	164	-138.0	138	27526	164	-138.0	138	27526	164	-138.0	138	27526	164	-138.0	138	27526	164	-138.0	138	27526	164	-138.0	138	27526
165	-148.0	148	27674	165	-148.0	148	27674	165	-148.0	148	27674	165	-148.0	148	27674	165	-148.0	148	27674	165	-148.0	148	27674	165	-148.0	148	27674	165	-148.0	148	27674	165	-148.0	148	27674	165	-148.0	148	27674	165	-148.0	148	27674	165	-148.0	148	27674	165	-148.0	148	27674	165	-148.0	148	27674	165	-148.0	148	27674
166	-144.0	144	27818	166	-144.0	144	27818	166	-144.0	144	27818	166	-144.0	144	27818	166	-144.0	144	27818	166	-144.0	144	27818	166	-144.0	144	27818	166	-144.0	144	27818	166	-144.0	144	27818	166	-144.0	144	27818	166	-144.0	144	27818	166	-144.0	144	27818	166	-144.0	144	27818	166	-144.0	144	27818	166	-144.0	144	27818
167	-109.0	109	27927	167	-109.0	109	27927	167	-109.0	109	27927	167	-109.0	109	27927	167	-109.0	109	27927	167	-109.0	109	27927	167	-109.0	109	27927	167	-109.0	109	27927	167	-109.0	109	27927	167	-109.0	109	27927	167	-109.0	109	27927	167	-109.0	109	27927	167	-109.0	109	27927	167	-109.0	109	27927	167	-109.0	109	27927
168	-173.0	173	28100	168	-173.0	173	28100	168	-173.0	173	28100	168	-173.0	173	28100	168	-173.0	173	28100	168	-173.0	173	28100	168	-173.0	173	28100	168	-173.0	173	28100	168	-173.0	173	28100	168	-173.0	173	28100	168	-173.0	173	28100	168	-173.0	173	28100	168	-173.0	173	28100	168	-173.0	173	28100	168	-173.0	173	28100
169	-113.0	113	28213	169	-113.0	113	28213	169	-113.0	113	28213	169	-113.0	113	28213	169	-113.0	113	28213	169	-113.0	113	28213	169	-113.0	113	28213	169	-113.0	113	28213	169	-113.0	113	28213	169	-113.0	113	28213	169	-113.0	113	28213	169	-113.0	113	28213	169	-113.0	113	28213	169	-113.0	113	28213	169	-113.0	113	28213
170	-157.0	157	28370	170	-157.0	157	28370	170	-157.0	157	28370	170	-157.0	157	28370	170	-157.0	157	28370	170	-157.0	157	28370	170	-157.0	157	28370	170	-157.0	157	28370	170	-157.0	157	28370	170	-157.0	157	28370	170	-157.0	157	28370	170	-157.0	157	28370	170	-157.0	157	28370	170	-157.0	157	28370	170	-157.0	157	28370
171	-98.0	98	28468	171	-98.0	98	28468	171	-98.0	98	28468	171	-98.0	98	28468	171	-98.0	98	28468	171	-98.0	98	28468	171	-98.0	98	28468	171	-98.0	98	28468	171	-98.0	98	28468	171	-98.0	98	28468	171	-98.0	98	28468	171	-98.0	98	28468	171	-98.0	98	28468	171	-98.0	98	28468	171	-98.0	98	28468
172	-88.0	88	28556	172	-88.0	88	28556	172	-88.0	88	28556	172	-88.0	88	28556	172	-88.0	88	28556	172	-88.0	88	28556	172	-88.0	88	28556	172	-88.0	88	28556	172	-88.0	88	28556	172	-88.0	88	28556	172	-88.0	88	28556	172	-88.0	88	28556	172	-88.0	88	28556	172	-88.0	88	28556	172	-88.0	88	28556
173	-155.0	155	28711	173	-155.0	155	28711	173	-155.0	155	28711	173	-155.0	155	28711	173	-155.0	155	28711	173	-155.0	155	28711	173	-155.0	155	28711	173	-155.0	155	28711	173	-155.0	155	28711	173	-155.0	155	28711	173	-155.0	155	28711	173	-155.0	155	28711	173	-155.0	155	28711	173	-155.0	155	28711	173	-155.0	155	28711
174	-87.0	87	28798	174	-87.0	87	28798	174	-87.0	87	28798	174	-87.0	87	28798	174	-87.0	87	28798	174	-87.0	87	28798	174	-87.0	87	28798	174	-87.0	87	28798	174	-87.0	87	28798	174	-87.0	87	28798	174	-87.0	87	28798	174	-87.0	87	28798	174	-87.0	87	28798	174	-87.0	87	28798	174	-87.0	87	28798
175	-93.0	93	28891	175	-93.0	93	28891	175	-93.0	93	28891	175	-93.0	93	28891	175	-93.0	93	28891	175	-93.0	93	28891	175	-93.0	93	28891	175	-93.0	93	28891	175	-93.0	93	28891	175	-93.0	93	28891	175	-93.0	93	28891	175	-93.0	93	28891	175	-93.0	93	28891	175	-93.0	93	28891	175	-93.0	93	28891
176	-153.0	153	29044	176	-153.0	153	29044	176	-153.0	153	29044	176	-153.0	153	29044	176	-153.0	153	29044	176	-153.0	153	29044	176	-153.0	153	29044	176	-153.0	153	29044	176	-153.0	153	29044	176	-153.0	153	29044	176	-153.0	153	29044	176	-153.0	153	29044	176	-153.0	153	29044	176	-153.0	153	29044	176	-153.0	153	29044
177	-138.0	138	29182	177	-138.0	138	29182	177	-138.0	138	29182	177	-138.0	138	29182	177	-138.0	138	29182	177	-138.0	138	29182	177	-138.0	138	29182	177	-138.0	138	29182	177	-138.0	138	29182	177	-138.0	138	29182	177	-138.0	138	29182	177	-138.0	138	29182	177	-138.0	138	29182	177	-138.0	138	29182	177	-138.0	138	29182
178	-144.0	144	29326	178	-144.0	144	29326	178	-144.0	144	29326	178	-144.0	144	29326	178	-144.0	144	29326	178	-144.0	144	29326	178	-144.0	144	29326	178	-144.0	144	29326	178	-144.0	144	29326	178	-144.0	144	29326	178	-144.0	144	29326	178	-144.0	144	29326	178	-144.0	144	29326	178	-144.0	144	29326	178	-144.0	144	29326
179	-135.0	135	29461	179	-135.0	135	29461	179	-135.0	135	29461	179	-135.0	135	29461	179	-135.0	135	29461	179	-135.0	135	29461	179	-135.0	135	29461	179	-135.0	135	29461	179	-135.0	135	29461	179	-135.0	135	29461	179	-135.0	135	29461	179	-135.0	135	29461	179	-135.0	135	29461	179	-135.0	135	29461	179	-135.0	135	29461
180	-135.0	135	29596	180	-135.0	135	29596	180	-135.0	135	29596	180	-135.0	135	29596	180	-135.0	135	29596	180	-135.0	135	29596	180	-135.0	135	29596	180	-135.0	135	29596	180	-135.0	135	29596	180	-135.0	135	29596	180	-135.0	135	29596	180	-135.0	135	29596	180	-135.0	135	29596	180	-135.0	135	29596	180	-135.0	135	29596
181	-128.0	128	29724	181	-128.0	128	29724	181	-128.0	128	29724	181	-128.0	128	29724	181	-128.0	128	29724	181	-128.0	128	29724	181	-128.0	128	29724	181	-128.0	128	29724	181	-128.0	128	29724	181	-128.0	128	29724	181	-128.0	128	29724	181	-128.0	128	29724	181	-128.0	128	29724	181	-128.0	128	29724	181	-128.0	128	29724
182	-110.0	110	29834	182	-110.0	110	29834	182	-110.0	110	29834	182	-110.0	110	29834	182	-110.0	110	29834	182	-110.0	110	29834	182	-110.0	110	29834	182	-110.0	110	29834	182	-110.0	110	29834	182	-110.0	110	29834	182	-110.0	110	29834	182	-110.0	110	29834	182	-110.0	110	29834	182	-110.0	110	29834	182	-110.0	110	29834
183	-107.0	107	29941	183	-107.0	107	29941	183	-107.0	107	29941	183	-107.0	107	29941	183	-107.0	107	29941	183	-107.0	107	29941	183	-107.0	107	29941	183	-107.0	107	29941	183	-107.0	107	29941	183	-107.0	107	29941	183	-107.0	107	29941	183	-107.0	107	29941	183	-107.0	107	29941	183	-107.0	107	29941	183	-107.0	107	29941
184	-145.0	145	30086	184	-145.0	145	30086	184	-145.0	145	30086	184	-145.0	145	30086	184	-145.0	145	30086	184	-145.0	145	30086	184	-145.0	145	30086	184	-145.0	145	30086	184	-145.0	145	30086	184	-145.0	145	30086	184	-145.0	145	30086	184	-145.0	145	30086	184	-145.0	145	30086	184	-145.0	145	30086	184	-145.0	145	30086
185	-108.0	108	30194	185	-108.0	108	30194	185	-108.0	108	30194	185	-108.0	108	30194	185	-108.0	108	30194	185	-108.0	108	30194	185	-108.0	108	30194	185	-108.0	108	30194	185	-108.0	108	30194	185	-108.0	108	30194	185	-108.0	108	30194	185	-108.0	108	30194	185	-108.0	108	30194	185	-108.0	108	30194	185	-108.0	108	30194
186	-143.0	143	30337	186	-143.0	143	30337	186	-143.0	143	30337	186	-143.0	143	30337	186	-143.0	143	30337	186	-143.0	143	30337	186	-143.0	143	30337	186	-143.0	143	30337	186	-143.0	143	30337	186	-143.0	143	30337	186	-143.0	143	30337	186	-143.0	143	30337	186	-143.0	143	30337	186	-143.0	143	30337	186	-143.0	143	30337
187	-122.0	122	30459	187	-122.0	122	30459	187	-122.0	122	30459	187	-122.0	122	30459	187	-122.0	122	30459	187	-122.0	122	30459	187	-122.0	122	30459	187	-122.0	122	30459	187	-122.0	122	30459	187	-122.0	122	30459	187	-122.0	122	30459	187	-122.0	122	30459	187	-122.0	122	30459	187	-122.0	122	30459	187	-122.0	122	30459
188	-84.0	84	30543	188	-84.0	84	30543	188	-84.0	84	30543	188	-84.0	84	30543	188	-84.0	84	30543	188	-84.0	84	30543	188	-84.0	84	30543	188	-84.0	84	30543	188	-84.0	84	30543	188	-84.0	84	30543	188	-84.0	84	30543	188	-84.0	84	30543	188	-84.0	84	30543	188	-84.0	84	30543	188	-84.0	84	30543
189	-96.0	96	30639	189	-96.0	96	30639	189	-96.0	96	30639	189	-96.0	96	30639	189	-96.0	96	30639	189	-96.0	96	30639	189	-96.0	96	30639	189	-96.0	96	30639	189	-96.0	96	30639	189	-96.0	96	30639	189	-96.0	96	30639	189	-96.0	96	30639	189	-96.0	96	30639	189	-96.0	96	30639	189	-96.0	96	30639
190	-151.0	151	30790	190	-151.0	151	30790	190	-151.0	151	30790	190	-151.0	151	30790	190	-151.0	151	30790	190	-151.0	151	30790	190	-151.0	151	30790	190	-151.0	151	30790	190	-151.0	151	30790	190	-151.0	151	30790	190	-151.0	151	30790	190	-151.0	151	30790	190	-151.0	151	30790	190	-151.0	151	30790	190	-151.0	151	30790
191	-106.0	106	30896	191	-106.0	106	30896	191	-106.0	106	30896	191	-106.0	106	30896	191	-106.0	106	30896	191	-106.0	106	30896	191	-106.0	106	30896	191	-106.0	106	30896	191	-106.0	106	30896	191	-106.0	106	30896	191	-106.0	106	30896	191	-106.0	106	30896	191	-106.0	106	30896	191	-106.0	106	30896	191	-106.0	106	30896
192	-105.0	105	31001	192	-105.0	105	31001	192	-105.0	105	31001	192	-105.0	105	31001	192	-105.0	105	31001	192	-105.0	105	31001	192	-105.0	105	31001	192	-105.0	105	31001	192	-105.0	105	31001	192	-105.0	105	31001	192	-105.0	105	31001	192	-105.0	105	31001	192	-105.0	105	31001	192	-105.0	105	31001	192	-105.0	105	31001
193	-135.0	135	31136	193	-135.0	135	31136	193	-135.0	135	31136	193	-135.0	135	31136	193	-135.0	135	31136	193	-135.0	135	31136	193	-135.0	135	31136	193	-135.0	135	31136	193	-135.0	135	31136	193	-135.0	135	31136	193	-135.0	135	31136	193	-135.0	135	31136	193	-135.0	135	31136	193	-135.0	135	31136	193	-135.0	135	31136
194	-141.0	141	31277	194	-141.0	141	31277	194	-141.0	141	31277	194	-141.0	141	31277	194	-141.0	141	31277	194	-141.0	141	31277	194	-141.0	141	31277	194	-141.0	141	31277	194	-141.0	141	31277	194	-141.0	141	31277	194	-141.0	141	31277	194	-141.0	141	31277	194	-141.0	141	31277	194	-141.0	141	31277	194	-141.0	141	31277
195	-132.0	132	31409	195	-132.0	132	31409	195	-132.0	132	31409	195	-132.0	132	31409	195	-132.0	132	31409	195	-132.0	132	31409	195	-132.0	132	31409	195	-132.0	132	31409	195	-132.0	132	31409	195	-132.0	132	31409	195	-132.0	132	31409	195	-132.0	132	31409	195	-132.0	132	31409	195	-132.0	132	31409	195	-132.0	132	31409
196	-152.0	152	31561	196	-152.0	152	31561	196	-152.0	152	31561	196	-152.0	152	31561	196	-152.0	152	31561	196	-152.0	152	31561	196	-152.0	152	31561	196	-152.0	152	31561	196	-152.0	152	31561	196	-152.0	152	31561	196	-152.0	152	31561	196	-152.0	152	31561	196	-152.0	152	31561	196	-152.0	152	31561	196	-152.0	152	31561
197	-123.0	123	31684	197	-123.0	123	31684	197	-123.0	123	31684	197	-123.0	123	31684	197	-123.0	123	31684	197	-123.0	123	31684	197	-123.0	123	31684	197	-123.0	123	31684	197	-123.0	123	31684	197	-123.0	123	31684	197	-123.0	123	31684	197	-123.0	123	31684	197	-123.0	123	31684	197	-123.0	123	31684	197	-123.0	123	31684
198	-106.0	106	31790	198	-106.0	106	31790	198	-106.0	106	31790	198	-106.0	106	31790	198	-106.0	106	31790	198	-106.0	106	31790	198	-106.0	106	31790	198	-106.0	106	31790	198	-106.0	106	31790	198	-106.0	106	31790	198	-106.0	106	31790	198	-106.0	106	31790	198	-106.0	106	31790	198	-106.0	106	31790	198	-106.0	106	31790
199	-105.0	105	31895	199	-105.0	105	31895	199	-105.0	105	31895	199	-105.0	105	31895	199	-105.0	105	31895	199	-105.0	105	31895	199	-105.0	105	31895	199	-105.0	105	31895	199	-105.0	105	31895	199	-105.0	105	31895	199	-105.0	105	31895	199	-105.0	105	31895	199	-105.0	105	31895	199	-105.0	105	31895	199	-105.0	105	31895
200	-105.0	105	32000	200	-105.0	105	32000	200	-105.0	105	32000	200	-105.0	105	32000	200	-105.0	105	32000	200	-105.0	105	32000	200	-105.0	105	32000	200	-105.0	105	32000	200	-105.0	105	32000	200	-105.0	105	32000	200	-105.0	105	32000	200	-105.0	105	32000	200	-105.0	105	32000	200	-105.0	105	32000	200	-105.0	105	32000
201	-105.0	105	32105	201	-105.0	105	32105	201	-105.0	105	32105	201	-105.0	105	32105	201	-105.0	105	32105	201	-105.0	105	32105	201	-105.0	105	32105	201	-105.0	105	32105	201	-105.0	105	32105	201	-105.0	105	32105	201	-105.0	105	32105	201	-105.0	105	32105	201	-105.0	105	32105	201	-105.0	105	32105	201	-105.0	105	32105
202	-140.0	140	32245	202	-140.0	140	32245	202	-140.0	140	32245	202	-140.0	140	32245	202	-140.0	140	32245	202	-140.0	140	32245	202	-140.0	140	32245	202	-140.0	140	32245	202	-140.0	140	32245	202	-140.0	140	32245	202	-140.0	140	32245	202	-140.0	140	32245	202	-140.0	140	32245	202	-140.0	140	32245	202	-140.0	140	32245
203	-133.0	133	32378	203	-133.0	133	32378	203	-133.0	133	32378	203	-133.0	133	32378	203	-133.0	133	32378	203	-133.0	133	32378	203	-133.0	133	32378	203	-133.0	133	32378	203	-133.0	133	32378	203	-133.0	133	32378	203	-133.0	133	32378	203	-133.0	133	32378	203	-133.0	133	32378	203	-133.0	133	32378	203	-133.0	133	32378
204	-136.0	136	32514	204	-136.0	136	32514	204	-136.0	136	32514	204	-136.0	136	32514	204	-136.0	136	32514	204	-136.0	136	32514	204	-136.0	136	32514	204	-136.0	136	32514	204	-136.0	136	32514	204	-136.0	136	32514	204	-136.0	136	32514	204	-136.0	136	32514	204	-136.0	136	32514	204	-136.0	136	32514	204	-136.0	136	32514
205	-86.0	86	32600	205	-86.0	86	32600	205	-86.0	86	32600	205	-86.0	86	32600	205	-86.0	86	32600	205	-86.0	86	32600	205	-86.0	86	32600	205	-86.0	86	32600	205	-86.0	86	32600	205	-86.0	86	32600	205	-86.0	86	32600	205	-86.0	86	32600	205	-86.0	86	32600	205	-86.0	86	32600	205	-86.0	86	32600
206	-105.0	105	32705	206	-105.0	105	32705	206	-105.0	105	32705	206	-105.0	105	32705	206	-105.0	105	32705	206	-105.0	105	32705	206	-105.0	105	32705	206	-105.0	105	32705	206	-105.0	105	32705	206	-105.0	105	32705	206	-105.0	105	32705	206	-105.0	105	32705	206	-105.0	105	32705	206	-105.0	105	32705	206	-105.0	105	32705
207	-89.0	89	32794	207	-89.0	89	32794	207	-89.0	89	32794	207	-89.0	89	32794	207	-89.0	89	32794	207	-89.0	89	32794	207	-89.0	89	32794	207	-89.0	89	32794	207	-89.0	89	32794	207	-89.0	89	32794	207	-89.0	89	32794	207	-89.0	89	32794	207	-89.0	89	32794	207	-89.0	89	32794	207	-89.0	89	32794
208	-139.0	139	32933	208	-139.0	139	32933	208	-139.0	139	32933	208	-139.0	139	32933	208	-139.0	139	32933	208	-139.0	139	32933	208	-139.0	139	32933	208	-139.0	139	32933	208	-139.0	139	32933	208	-139.0	139	32933	208	-139.0	139	32933	208	-139.0	139	32933	208	-139.0	139	32933	208	-139.0	139	32933	208	-139.0	139	32933
209	-105.0	105	33038	209	-105.0	105	33038	209	-105.0	105	33038	209	-105.0	105	33038	209	-105.0	105	33038	209	-105.0	105	33038	209	-105.0	105	33038	209	-105.0	105	33038	209	-105.0	105	33038	209	-105.0	105	33038	209	-105.0	105	33038	209	-105.0	105	33038	209	-105.0	105	33038	209	-105.0	105	33038	209	-105.0	105	33038
210	-136.0	136	33174	210	-136.0	136	33174	210	-136.0	136	33174	210	-136.0	136	33174	210	-136.0	136	33174	210	-136.0	136	33174	210	-136.0	136	33174	210	-136.0	136	33174	210	-136.0	136	33174	210	-136.0	136	33174	210	-136.0	136	33174	210	-136.0	136	33174	210	-136.0	136	33174	210	-136.0	136	33174	210	-136.0	136	33174
211	-105.0	105	33279	211	-105.0	105	33279	211	-105.0	105	33279	211	-105.0	105	33279	211	-105.0	105	33279	211	-105.0	105	33279	211	-105.0	105	33279	211	-105.0	105	33279	211	-105.0	105	33279	211	-105.0	105	33279	211	-105.0	105	33279	211	-105.0	105	33279	211	-105.0	105	33279	211	-105.0	105	33279	211	-105.0	105	33279
212	-105.0	105	33384	212	-105.0	105	33384	212	-105.0	105	33384	212	-105.0	105	33384	212	-105.0	105	33384	212	-105.0	105	33384	212	-105.0	105	33384	212	-105.0	105	33384	212	-105.0	105	33384	212	-105.0	105	33384	212	-105.0	105	33384	212	-105.0	105	33384	212	-105.0	105	33384	212	-105.0	105	33384	212	-105.0	105	33384
213	-104.0	104	33488	213	-104.0	104	33488	213	-104.0	104	33488	213	-104.0	104	33488	213	-104.0	104	33488	213	-104.0	104	33488	213	-104.0	104	33488	213	-104.0	104	33488	213	-104.0	104	33488	213	-104.0	104	33488	213	-104.0	104	33488	213	-104.0	104	33488	213	-104.0	104	33488	213	-104.0	104	33488	213	-104.0	104	33488
214	-109.0	109	33597	214	-109.0	109	33597	214	-109.0	109	33597	214	-109.0	109	33597	214	-109.0	109	33597	214	-109.0	109	33597	214	-109.0	109	33597	214	-109.0	109	33597	214	-109.0	109	33597	214	-109.0	109	33597	214	-109.0	109	33597	214	-109.0	109	33597	214	-109.0	109	33597	214	-109.0	109	33597	214	-109.0	109	33597
215	-157.0	157	33754	215	-157.0	157	33754	215	-157.0	157	33754	215	-157.0	157	33754	215	-157.0	157	33754	215	-157.0	157	33754	215	-157.0	157	33754	215	-157.0	157	33754	215	-157.0	157	33754	215	-157.0	157	33754	215	-157.0	157	33754	215	-157.0	157	33754	215	-157.0	157	33754	215	-157.0	157	33754	215	-157.0	157	33754
216	-165.0	165	33919	216	-165.0	165	33919	216	-165.0	165	33919	216	-165.0	165	33919	216	-165.0	165	33919	216	-165.0	165	33919	216	-165.0	165	33919	216	-165.0	165	33919	216	-165.0	165	33919	216	-165.0	165	33919	216	-165.0	165	33919	216	-165.0	165	33919	216	-165.0	165	33919	216	-165.0	165	33919	216	-165.0	165	33919
217	-161.0	161	34080	217	-161.0	161	34080	217	-161.0	161	34080	217	-161.0	161	34080	217	-161.0	161	34080	217	-161.0	161	34080	217	-161.0	161	34080	217	-161.0	161	34080	217	-161.0	161	34080	217	-161.0	161	34080	217	-161.0	161	34080	217	-161.0	161	34080	217	-161.0	161	34080	217	-161.0	161	34080	217	-161.0	161	34080
218	-107.0	107	34187	218	-107.0	107	34187	218	-107.0	107	34187	218	-107.0	107	34187	218	-107.0	107	34187	218	-107.0	107	34187	218	-107.0	107	34187	218	-107.0	107	34187	218	-107.0	107	34187	218	-107.0	107	34187	218	-107.0	107	34187	218	-107.0	107	34187	218	-107.0	107	34187	218	-107.0	107	34187	218	-107.0	107	34187
219	-139.0	139	34326	219	-139.0	139	34326	219	-139.0	139	34326	219	-139.0	139	34326	219	-139.0	139	34326	219	-139.0	139	34326	219	-139.0	139	34326	219	-139.0	139	34326	219	-139.0	139	34326	219	-139.0	139	34326	219	-139.0	139	34326	219	-139.0	139	34326	219	-139.0	139	34326	219	-139.0	139	34326	219	-139.0	139	34326
220	-107.0	107	34433	220	-107.0	107	34433	220	-107.0	107	34433	220	-107.0	107	34433	220	-107.0	107	34433	220	-107.0	107	34433	220	-107.0	107	34433	220	-107.0	107	34433	220	-107.0	107	34433	220	-107.0	107	34433	220	-107.0	107	34433	220	-107.0	107	34433	220	-107.0	107	34433	220	-107.0	107	34433	220	-107.0	107	34433
221	-154.0	154	34587	221	-154.0	154	34587	221	-154.0	154	34587	221	-154.0	154	34587	221	-154.0	154	34587	221	-154.0	154	34587	221	-154.0	154	34587	221	-154.0	154	34587	221	-154.0	154	34587	221	-154.0	154	34587	221	-154.0	154	34587	221	-154.0	154	34587	221	-154.0	154	34587	221	-154.0	154	34587	221	-154.0	154	34587
222	-109.0	109	34696	222	-109.0	109	34696	222	-109.0	109	34696	222	-109.0	109	34696	222	-109.0	109	34696	222	-109.0	109	34696	222	-109.0	109	34696	222	-109.0	109	34696	222	-109.0	109	34696	222	-109.0	109	34696	222	-109.0	109	34696	222	-109.0	109	34696	222	-109.0	109	34696	222	-109.0	109	34696	222	-109.0	109	34696
223	-108.0	108	34804	223	-108.0	108	34804	223	-108.0	108	34804	223	-108.0	108	34804	223	-108.0	108	34804	223	-108.0	108	34804	223	-108.0	108	34804	223	-108.0	108	34804	223	-108.0	108	34804	223	-108.0	108	34804	223	-108.0	108	34804	223	-108.0	108	34804	223	-108.0	108	34804	223	-108.0	108	34804	223	-108.0	108	34804
224	-144.0	144	34948	224	-144.0	144	34948	224	-144.0	144	34948	224	-144.0	144	34948	224	-144.0	144	34948	224	-144.0	144	34948	224	-144.0	144	34948	224	-144.0	144	34948	224	-144.0	144	34948	224	-144.0	144	34948	224	-144.0	144	34948	224	-144.0	144	34948	224	-144.0	144	34948	224	-144.0	144	34948	224	-144.0	144	34948
225	-143.0	143	35091	225	-143.0	143	35091	225	-143.0	143	35091	225	-143.0	143	35091	225	-143.0	143	35091	225	-143.0	143	35091	225	-143.0	143	35091	225	-143.0	143	35091	225	-143.0	143	35091	225	-143.0	143	35091	225	-143.0	143	35091	225	-143.0	143	35091	225	-143.0	143	35091	225	-143.0	143	35091	225	-143.0	143	35091
226	-105.0	105	35196	226	-105.0	105	35196	226	-105.0	105	35196	226	-105.0	105	35196	226	-105.0	105	35196	226	-105.0	105	35196	226	-105.0	105	35196	226	-105.0	105	35196	226	-105.0	105	35196	226	-105.0	105	35196	226	-105.0	105	35196	226	-105.0	105	35196	226	-105.0	105	35196	226	-105.0	105	35196	226	-105.0	105	35196
227	-108.0	108	35304	227	-108.0	108	35304	227	-108.0	108	35304	227	-108.0	108	35304	227	-108.0	108	35304	227	-108.0	108	35304	227	-108.0	108	35304	227	-108.0	108	35304	227	-108.0	108	35304	227	-108.0	108	35304	227	-108.0	108	35304	227	-108.0	108	35304	227	-108.0	108	35304	227	-108.0	108	35304	227	-108.0	108	35304
228	-141.0	141	35445	228	-141.0	141	35445	228	-141.0	141	35445	228	-141.0	141	35445	228	-141.0	141	35445	228	-141.0	141	35445	228	-141.0	141	35445	228	-141.0	141	35445	228	-141.0	141	35445	228	-141.0	141	35445	228	-141.0	141	35445	228	-141.0	141	35445	228	-141.0	141	35445	228	-141.0	141	35445	228	-141.0	141	35445
229	-145.0	145	35590	229	-145.0	145	35590	229	-145.0	145	35590	229	-145.0	145	35590	229	-145.0	145	35590	229	-145.0	145	35590	229	-145.0	145	35590	229	-145.0	145	35590	229	-145.0	145	35590	229	-145.0	145	35590	229	-145.0	145	35590	229	-145.0	145	35590	229	-145.0	145	35590	229	-145.0	145	35590	229	-145.0	145	35590
230	-142.0	142	35732	230	-142.0	142	35732	230	-142.0	142	35732	230	-142.0	142	35732	230	-142.0	142	35732	230	-142.0	142	35732	230	-142.0	142	35732	230	-142.0	142	35732	230	-142.0	142	35732	230	-142.0	142	35732	230	-142.0	142	35732	230	-142.0	142	35732	230	-142.0	142	35732	230	-142.0	142	35732	230	-142.0	142	35732
231	-138.0	138	35870	231	-138.0	138	35870	231	-138.0	138	35870	231	-138.0	138	35870	231	-138.0	138	35870	231	-138.0	138	35870	231	-138.0	138	35870	231	-138.0	138	35870	231	-138.0	138	35870	231	-138.0	138	35870	231	-138.0	138	35870	231	-138.0	138	35870	231	-138.0	138	35870	231	-138.0	138	35870	231	-138.0	138	35870
232	-137.0	137	36007	232	-137.0	137	36007	232	-137.0	137	36007	232	-137.0	137	36007	232	-137.0	137	36007	232	-137.0	137	36007	232	-137.0	137	36007	232	-137.0	137	36007	232	-137.0	137	36007	232	-137.0	137	36007	232	-137.0	137	36007	232	-137.0	137	36007	232	-137.0	137	36007	232	-137.0	137	36007	232	-137.0	137	36007
233	-135.0	135	36142	233	-135.0	135	36142	233	-135.0	135	36142	233	-135.0	135	36142	233	-135.0	135	36142	233	-135.0	135	36142	233	-135.0	135	36142	233	-135.0	135	36142	233	-135.0	135	36142	233	-135.0	135	36142	233	-135.0	135	36142	233	-135.0	135	36142	233	-135.0	135	36142	233	-135.0	135	36142	233	-135.0	135	36142
234	-137.0	137	36279	234	-137.0	137	36279	234	-137.0	137	36279	234	-137.0	137	36279	234	-137.0	137	36279	234	-137.0	137	36279	234	-137.0	137	36279	234	-137.0	137	36279	234	-137.0	137	36279	234	-137.0	137	36279	234	-137.0	137	36279	234	-137.0	137	36279	234	-137.0	137	36279	234	-137.0	137	36279	234	-137.0	137	36279
235	-135.0	135	36414	235	-135.0	135	36414	235	-135.0	135	36414	235	-135.0	135	36414	235	-135.0	135	36414	235	-135.0	135	36414	235	-135.0	135	36414	235	-135.0	135	36414	235	-135.0	135	36414	235	-135.0	135	36414	235	-135.0	135	36414	235	-135.0	135	36414	235	-135.0	135	36414	235	-135.0	135	36414	235	-135.0	135	36414
236	-138.0	138	36552	236	-138.0	138	36552	236	-138.0	138	36552	236	-138.0	138	36552	236	-138.0	138	36552	236	-138.0	138	36552	236	-138.0	138	36552	236	-138.0	138	36552	236	-138.0	138	36552	236	-138.0	138	36552	236	-138.0	138	36552	236	-138.0	138	36552	236	-138.0	138	36552	236	-138.0	138	36552	236	-138.0	138	36552
237	-106.0	106	36658	237	-106.0	106	36658	237	-106.0	106	36658	237	-106.0	106	36658	237	-106.0	106	36658	237	-106.0	106	36658	237	-106.0	106	36658	237	-106.0	106	36658	237	-106.0	106	36658	237	-106.0	106	36658	237	-106.0	106	36658	237	-106.0	106	36658	237	-106.0	106	36658	237	-106.0	106	36658	237	-106.0	106	36658
238	-105.0	105	36763	238	-105.0	105	36763	238	-105.0	105	36763	238	-105.0	105	36763	238	-105.0	105	36763	238	-105.0	105	36763	238	-105.0	105	36763	238	-105.0	105	36763	238	-105.0	105	36763	238	-105.0	105	36763	238	-105.0	105	36763	238	-105.0	105	36763	238	-105.0	105	36763	238	-105.0	105	36763	238	-105.0	105	36763
239	-104.0	104	36867	239	-104.0	104	36867	239	-104.0	104	36867	239	-104.0	104	36867	239	-104.0	104	36867	239	-104.0	104	36867	239	-104.0	104	36867	239	-104.0	104	36867	239	-104.0	104	36867	239	-104.0	104	36867	239	-104.0	104	36867	239	-104.0	104	36867	239	-104.0	104	36867	239	-104.0	104	36867	239	-104.0	104	36867
240	-97.0	97	36964	240	-97.0	97	36964	240	-97.0	97	36964	240	-97.0	97	36964	240	-97.0	97	36964	240	-97.0	97	36964	240	-97.0	97	36964	240	-97.0	97	36964	240	-97.0	97	36964	240	-97.0	97	36964	240	-97.0	97	36964	240	-97.0	97	36964	240	-97.0	97	36964	240	-97.0	97	36964	240	-97.0	97	36964
241	-108.0	108	37072	241	-108.0	108	37072	241	-108.0	108	37072	241	-108.0	108	37072	241	-108.0	108	37072	241	-108.0	108	37072	241	-108.0	108	37072	241	-108.0	108	37072	241	-108.0	108	37072	241	-108.0	108	37072	241	-108.0	108	37072	241	-108.0	108	37072	241	-108.0	108	37072	241	-108.0	108	37072	241	-108.0	108	37072
242	-139.0	139	37211	242	-139.0	139	37211	242	-139.0	139	37211	242	-139.0	139	37211	242	-139.0	139	37211	242	-139.0	139	37211	242	-139.0	139	37211	242	-139.0	139	37211	242	-139.0	139	37211	242	-139.0	139	37211	242	-139.0	139	37211	242	-139.0	139	37211	242	-139.0	139	37211	242	-139.0	139	37211	242	-139.0	139	37211
243	-106.0	106	37317	243	-106.0	106	37317	243	-106.0	106	37317	243	-106.0	106	37317	243	-106.0	106	37317	243	-106.0	106	37317	243	-106.0	106	37317	243	-106.0	106	37317	243	-106.0	106	37317	243	-106.0	106	37317	243	-106.0	106	37317	243	-106.0	106	37317	243	-106.0	106	37317	243	-106.0	106	37317	243	-106.0	106	37317
244	-93.0	93	37410	244	-93.0	93	37410	244	-93.0	93	37410	244	-93.0	93	37410	244	-93.0	93	37410	244	-93.0	93	37410	244	-93.0	93	37410	244	-93.0	93	37410	244	-93.0	93	37410	244	-93.0	93	37410	244	-93.0	93	37410	244	-93.0	93	37410	244	-93.0	93	37410	244	-93.0	93	37410	244	-93.0	93	37410
245	-107.0	107	37517	245	-107.0	107	37517	245	-107.0	107	37517	245	-107.0	107	37517	245	-107.0	107	37517	245	-107.0	107	37517	245	-107.0	107	37517	245	-107.0	107	37517	245	-107.0	107	37517	245	-107.0	107	37517	245	-107.0	107	37517	245	-107.0	107	37517	245	-107.0	107	37517	245	-107.0	107	37517	245	-107.0	107	37517
246	-106.0	106	37623	246	-106.0	106	37623	246	-106.0	106	37623	246	-106.0	106	37623	246	-106.0	106	37623	246	-106.0	106	37623	246	-106.0	106	37623	246	-106.0	106	37623	246	-106.0	106	37623	246	-106.0	106	37623	246	-106.0	106	37623	246	-106.0	106	37623	246	-106.0	106	37623	246	-106.0	106	37623	246	-106.0	106	37623
247	-142.0	142	37765	247	-142.0	142	37765	247	-142.0	142	37765	247	-142.0	142	37765	247	-142.0	142	37765	247	-142.0	142	37765	247	-142.0	142	37765	247	-142.0	142	37765	247	-142.0	142	37765	247	-142.0	142	37765	247	-142.0	142	37765	247	-142.0	142	37765	247	-142.0	142	37765	247	-142.0	142	37765	247	-142.0	142	37765
248	-107.0	107	37872	248	-107.0	107	37872	248	-107.0	107	37872	248	-107.0	107	37872	248	-107.0	107	37872	248	-107.0	107	37872	248	-107.0	107	37872	248	-107.0	107	37872	248	-107.0	107	37872	248	-107.0	107	37872	248	-107.0	107	37872	248	-107.0	107	37872	248	-107.0	107	37872	248	-107.0	107	37872	248	-107.0	107	37872
249	-107.0	107	37979	249	-107.0	107	37979	249	-107.0	107	37979	249	-107.0	107	37979	249	-107.0	107	37979	249	-107.0	107	37979	249	-107.0	107	37979	249	-107.0	107	37979	249	-107.0	107	37979	249	-107.0	107	37979	249	-107.0	107	37979	249	-107.0	107	37979	249	-107.0	107	37979	249	-107.0	107	37979	249	-107.0	107	37979
250	-135.0	135	38114	250	-135.0	135	38114	250	-135.0	135	38114	250	-135.0	135	38114	250	-135.0	135	38114	250	-135.0	135	38114	250	-135.0	135	38114	250	-135.0	135	38114	250	-135.0	135	38114	250	-135.0	135	38114	250	-135.0	135	38114	250	-135.0	135	38114	250	-135.0	135	38114	250	-135.0	135	38114	250	-135.0	135	38114
251	-143.0	143	38257	251	-143.0	143	38257	251	-143.0	143	38257	251	-143.0	143	38257	251	-143.0	143	38257	251	-143.0	143	38257	251	-143.0	143	38257	251	-143.0	143	38257	251	-143.0	143	38257	251	-143.0	143	38257	251	-143.0	143	38257	251	-143.0	143	38257	251	-143.0	143	38257	251	-143.0	143	38257	251	-143.0	143	38257
252	-137.0	137	38394	252	-137.0	137	38394	252	-137.0	137	38394	252	-137.0	137	38394	252	-137.0	137	38394	252	-137.0	137	38394	252	-137.0	137	38394	252	-137.0	137	38394	252	-137.0	137	38394	252	-137.0	137	38394	252	-137.0	137	38394	252	-137.0	137	38394	252	-137.0	137	38394	252	-137.0	137	38394	252	-137.0	137	38394
253	-112.0	112	38506	253	-112.0	112	38506	253	-112.0	112	38506	253	-112.0	112	38506	253	-112.0	112	38506	253	-112.0	112	38506	253	-112.0	112	38506	253	-112.0	112	38506	253	-112.0	112	38506	253	-112.0	112	38506	253	-112.0	112	38506	253	-112.0	112	38506	253	-112.0	112	38506	253	-112.0	112	38506	253	-112.0	112	38506
254	-108.0	108	38614	254	-108.0	108	38614	254	-108.0	108	38614	254	-108.0	108	38614	254	-108.0	108	38614	254	-108.0	108	38614	254	-108.0	108	38614	254	-108.0	108	38614	254	-108.0	108	38614	254	-108.0	108	38614	254	-108.0	108	38614	254	-108.0	108	38614	254	-108.0	108	38614	254	-108.0	108	38614	254	-108.0	108	38614
255	-134.0	134	38748	255	-134.0	134	38748	255	-134.0	134	38748	255	-134.0	134	38748	255	-134.0	134	38748	255	-134.0	134	38748	255	-134.0	134	38748	255	-134.0	134	38748	255	-134.0	134	38748	255	-134.0	134	38748	255	-134.0	134	38748	255	-134.0	134	38748	255	-134.0	134	38748	255	-134.0	134	38748	255	-134.0	134	38748
256	-135.0	135	38883	256	-135.0	135	38883	256	-135.0	135	38883	256	-135.0	135	38883	256	-135.0	135	38883	256	-135.0	135	38883	256	-135.0	135	38883	256	-135.0	135	38883	256	-135.0	135	38883	256	-135.0	135	38883	256	-135.0	135	38883	256	-135.0	135	38883	256	-135.0	135	38883	256	-135.0	135	38883	256	-135.0	135	38883
257	-106.0	106	38989	257	-106.0	106	38989	257	-106.0	106	38989	257	-106.0	106	38989	257	-106.0	106	38989	257	-106.0	106	38989	257	-106.0	106	38989	257	-106.0	106	38989	257	-106.0	106	38989	257	-106.0	106	38989	257	-106.0	106	38989	257	-106.0	106	38989	257	-106.0	106	38989	257	-106.0	106	38989	257	-106.0	106	38989
258	-133.0	133	39122	258	-133.0	133	39122	258	-133.0	133	39122	258	-133.0	133	39122	258	-133.0	133	39122	258	-133.0	133	39122	258	-133.0	133	39122	258	-133.0	133	39122	258	-133.0	133	39122	258	-133.0	133	39122	258	-133.0	133	39122	258	-133.0	133	39122	258	-133.0	133	39122	258	-133.0	133	39122	258	-133.0	133	39122
259	-134.0	134	39256	259	-134.0	134	39256	259	-134.0	134	39256	259	-134.0	134	39256	259	-134.0	134	39256	259	-134.0	134	39256	259	-134.0	134	39256	259	-134.0	134	39256	259	-134.0	134	39256	259	-134.0	134	39256	259	-134.0	134	39256	259	-134.0	134	39256	259	-134.0	134	39256	259	-134.0	134	39256	259	-134.0	134	39256
260	-138.0	138	39394	260	-138.0	138	39394	260	-138.0	138	39394	260	-138.0	138	39394	260	-138.0	138	39394	260	-138.0	138	39394	260	-138.0	138	39394	260	-138.0	138	39394	260	-138.0	138	39394	260	-138.0	138	39394	260	-138.0	138	39394	260	-138.0	138	39394	260	-138.0	138	39394	260	-138.0	138	39394	260	-138.0	138	39394
261	-136.0	136	39530	261	-136.0	136	39530	261	-136.0	136	39530	261	-136.0	136	39530	261	-136.0	136	39530	261	-136.0	136	39530	261	-136.0	136	39530	261	-136.0	136	39530	261	-136.0	136	39530	261	-136.0	136	39530	261	-136.0	136	39530	261	-136.0	136	39530	261	-136.0	136	39530	261	-136.0	136	39530	261	-136.0	136	39530
262	-160.0	160	39690	262	-160.0	160	39690	262	-160.0	160	39690	262	-160.0	160	39690	262	-160.0	160	39690	262	-160.0	160	39690	262	-160.0	160	39690	262	-160.0	160	39690	262	-160.0	160	39690	262	-160.0	160	39690	262	-160.0	160	39690	262	-160.0	160	39690	262	-160.0	160	39690	262	-160.0	160	39690	262	-160.0	160	39690
263	-141.0	141	39831	263	-141.0	141	39831	263	-141.0	141	39831	263	-141.0	141	39831	263	-141.0	141	39831	263	-141.0	141	39831	263	-141.0	141	39831	263	-141.0	141	39831	263	-141.0	141	39831	263	-141.0	141	39831	263	-141.0	141	39831	263	-141.0	141	39831	263	-141.0	141	39831	263	-141.0	141	39831	263	-141.0	141	39831
264	-148.0	148	39979	264	-148.0	148	39979	264	-148.0	148	39979	264	-148.0	148	39979	264	-148.0	148	39979	264	-148.0	148	39979	264	-148.0	148	39979	264	-148.0	148	39979	264	-148.0	148	39979	264	-148.0	148	39979	264	-148.0	148	39979	264	-148.0	148	39979	264	-148.0	148	39979	264	-148.0	148	39979	264	-148.0	148	39979
265	-98.0	98	40077	265	-98.0	98	40077	265	-98.0	98	40077	265	-98.0	98	40077	265	-98.0	98	40077	265	-98.0	98	40077	265	-98.0	98	40077	265	-98.0	98	40077	265	-98.0	98	40077	265	-98.0	98	40077	265	-98.0	98	40077	265	-98.0	98	40077	265	-98.0	98	40077	265	-98.0	98	40077	265	-98.0	98	40077
266	-85.0	85	40162	266	-85.0	85	40162	266	-85.0	85	40162	266	-85.0	85	40162	266	-85.0	85	40162	266	-85.0	85	40162	266	-85.0	85	40162	266	-85.0	85	40162	266	-85.0	85	40162	266	-85.0	85	40162	266	-85.0	85	40162	266	-85.0	85	40162	266	-85.0	85	40162	266	-85.0	85	40162	266	-85.0	85	40162
267	-151.0	151	40313	267	-151.0	151	40313	267	-151.0	151	40313	267	-151.0	151	40313	267	-151.0	151	40313	267	-151.0	151	40313	267	-151.0	151	40313	267	-151.0	151	40313	267	-151.0	151	40313	267	-151.0	151	40313	267	-151.0	151	40313	267	-151.0	151	40313	267	-151.0	151	40313	267	-151.0	151	40313	267	-151.0	151	40313
268	-139.0	139	40452	268	-139.0	139	40452	268	-139.0	139	40452	268	-139.0	139	40452	268	-139.0	139	40452	268	-139.0	139	40452	268	-139.0	139	40452	268	-139.0	139	40452	268	-139.0	139	40452	268	-139.0	139	40452	268	-139.0	139	40452	268	-139.0	139	40452	268	-139.0	139	40452	268	-139.0	139	40452	268	-139.0	139	40452
269	-137.0	137	40589	269	-137.0	137	40589	269	-137.0	137	40589	269	-137.0	137	40589	269	-137.0	137	40589	269	-137.0	137	40589	269	-137.0	137	40589	269	-137.0	137	40589	269	-137.0	137	40589	269	-137.0	137	40589	269	-137.0	137	40589	269	-137.0	137	40589	269	-137.0	137	40589	269	-137.0	137	40589	269	-137.0	137	40589
270	-134.0	134	40723	270	-134.0	134	40723	270	-134.0	134	40723	270	-134.0	134	40723	270	-134.0	134	40723	270	-134.0	134	40723	270	-134.0	134	40723	270	-134.0	134	40723	270	-134.0	134	40723	270	-134.0	134	40723	270	-134.0	134	40723	270	-134.0	134	40723	270	-134.0	134	40723	270	-134.0	134	40723	270	-134.0	134	40723
271	-108.0	108	40831	271	-108.0	108	40831	271	-108.0	108	40831	271	-108.0	108	40831	271	-108.0	108	40831	271	-108.0	108	40831	271	-108.0	108	40831	271	-108.0	108	40831	271	-108.0	108	40831	271	-108.0	108	40831	271	-108.0	108	40831	271	-108.0	108	40831	271	-108.0	108	40831	271	-108.0	108	40831	271	-108.0	108	40831
272	-115.0	115	40946	272	-115.0	115	40946	272	-115.0	115	40946	272	-115.0	115	40946	272	-115.0	115	40946	272	-115.0	115	40946	272	-115.0	115	40946	272	-115.0	115	40946	272	-115.0	115	40946	272	-115.0	115	40946	272	-115.0	115	40946	272	-115.0	115	40946	272	-115.0	115	40946	272	-115.0	115	40946	272	-115.0	115	40946
273	-109.0	109	41055	273	-109.0	109	41055	273	-109.0	109	41055	273	-109.0	109	41055	273	-109.0	109	41055	273	-109.0	109	41055	273	-109.0	109	41055	273	-109.0	109	41055	273	-109.0	109	41055	273	-109.0	109	41055	273	-109.0	109	41055	273	-109.0	109	41055	273	-109.0	109	41055	273	-109.0	109	41055	273	-109.0	109	41055
274	-110.0	110	41165	274	-110.0	110	41165	274	-110.0	110	41165	274	-110.0	110	41165	274	-110.0	110	41165	274	-110.0	110	41165	274	-110.0	110	41165	274	-110.0	110	41165	274	-110.0	110	41165	274	-110.0	110	41165	274	-110.0	110	41165	274	-110.0	110	41165	274	-110.0	110	41165	274	-110.0	110	41165	274	-110.0	110	41165
275	-107.0	107	41272	275	-107.0	107	41272	275	-107.0	107	41272	275	-107.0	107	41272	275	-107.0	107	41272	275	-107.0	107	41272	275	-107.0	107	41272	275	-107.0	107	41272	275	-107.0	107	41272	275	-107.0	107	41272	275	-107.0	107	41272	275	-107.0	107	41272	275	-107.0	107	41272	275	-107.0	107	41272	275	-107.0	107	41272
276	-107.0	107	41379	276	-107.0	107	41379	276	-107.0	107	41379	276	-107.0	107	41379	276	-107.0	107	41379	276	-107.0	107	41379	276	-107.0	107	41379	276	-107.0	107	41379	276	-107.0	107	41379	276	-107.0	107	41379	276	-107.0	107	41379	276	-107.0	107	41379	276	-107.0	107	41379	276	-107.0	107	41379	276	-107.0	107	41379
277	-110.0	110	41489	277	-110.0	110	41489	277	-110.0	110	41489	277	-110.0	110	41489	277	-110.0	110	41489	277	-110.0	110	41489	277	-110.0	110	41489	277	-110.0	110	41489	277	-110.0	110	41489	277	-110.0	110	41489	277	-110.0	110	41489	277	-110.0	110	41489	277	-110.0	110	41489	277	-110.0	110	41489	277	-110.0	110	41489
278	-148.0	148	41637	278	-148.0	148	41637	278	-148.0	148	41637	278	-148.0	148	41637	278	-148.0	148	41637	278	-148.0	148	41637	278	-148.0	148	41637	278	-148.0	148	41637	278	-148.0	148	41637	278	-148.0	148	41637	278	-148.0	148	41637	278	-148.0	148	41637	278	-148.0	148	41637	278	-148.0	148	41637	278	-148.0	148	41637
279	-141.0	141	41778	279	-141.0	141	41778	279	-141.0	141	41778	279	-141.0	141	41778	279	-141.0	141	41778	279	-141.0	141	41778	279	-141.0	141	41778	279	-141.0	141	41778	279	-141.0	141	41778	279	-141.0	141	41778	279	-141.0	141	41778	279	-141.0	141	41778	279	-141.0	141	41778	279	-141.0	141	41778	279	-141.0	141	41778
280	-191.0	191	41969	280	-191.0	191	41969	280	-191.0	191	41969	280	-191.0	191	41969	280	-191.0	191	41969	280	-191.0	191	41969	280	-191.0	191	41969	280	-191.0	191	41969	280	-191.0	191	41969	280	-191.0	191	41969	280	-191.0	191	41969	280	-191.0	191	41969	280	-191.0	191	41969	280	-191.0	191	41969	280	-191.0	191	41969
281	-107.0	107	42076	281	-107.0	107	42076	281	-107.0	107	42076	281	-107.0	107	42076	281	-107.0	107	42076	281	-107.0	107	42076	281	-107.0	107	42076	281	-107.0	107	42076	281	-107.0	107	42076	281	-107.0	107	42076	281	-107.0	107	42076	281	-107.0	107	42076	281	-107.0	107	42076	281	-107.0	107	42076	281	-107.0	107	42076
282	-154.0	154	42230	282	-154.0	154	42230	282	-154.0	154	42230	282	-154.0	154	42230	282	-154.0	154	42230	282	-154.0	154	42230	282	-154.0	154	42230	282	-154.0	154	42230	282	-154.0	154	42230	282	-154.0	154	42230	282	-154.0	154	42230	282	-154.0	154	42230	282	-154.0	154	42230	282	-154.0	154	42230	282	-154.0	154	42230
283	-137.0	137	42367	283	-137.0	137	42367	283	-137.0	137	42367	283	-137.0	137	42367	283	-137.0	137	42367	283	-137.0	137	42367	283	-137.0	137	42367	283	-137.0	137	42367	283	-137.0	137	42367	283	-137.0	137	42367	283	-137.0	137	42367	283	-137.0	137	42367	283	-137.0	137	42367	283	-137.0	137	42367	283	-137.0	137	42367
284	-133.0	133	42500	284	-133.0	133	42500	284	-133.0	133	42500	284	-133.0	133	42500	284	-133.0	133	42500	284	-133.0	133	42500	284	-133.0	133	42500	284	-133.0	133	42500	284	-133.0	133	42500	284	-133.0	133	42500	284	-133.0	133	42500	284	-133.0	133	42500	284	-133.0	133	42500	284	-133.0	133	42500	284	-133.0	133	42500
285	-139.0	139	42639	285	-139.0	139	42639	285	-139.0	139	42639	285	-139.0	139	42639	285	-139.0	139	42639	285	-139.0	139	42639	285	-139.0	139	42639	285	-139.0	139	42639	285	-139.0	139	42639	285	-139.0	139	42639	285	-139.0	139	42639	285	-139.0	139	42639	285	-139.0	139	42639	285	-139.0	139	42639	285	-139.0	139	42639
286	-109.0	109	42748	286	-109.0	109	42748	286	-109.0	109	42748	286	-109.0	109	42748	286	-109.0	109	42748	286	-109.0	109	42748	286	-109.0	109	42748	286	-109.0	109	42748	286	-109.0	109	42748	286	-109.0	109	42748	286	-109.0	109	42748	286	-109.0	109	42748	286	-109.0	109	42748	286	-109.0	109	42748	286	-109.0	109	42748
287	-142.0	142	42890	287	-142.0	142	42890	287	-142.0	142	42890	287	-142.0	142	42890	287	-142.0	142	42890	287	-142.0	142	42890	287	-142.0	142	42890	287	-142.0	142	42890	287	-142.0	142	42890	287	-142.0	142	42890	287	-142.0	142	42890	287	-142.0	142	42890	287	-142.0	142	42890	287	-142.0	142	42890	287	-142.0	142	42890
288	-145.0	145	43035	288	-145.0	145	43035	288	-145.0	145	43035	288	-145.0	145	43035	288	-145.0	145	43035	288	-145.0	145	43035	288	-145.0	145	43035	288	-145.0	145	43035	288	-145.0	145	43035	288	-145.0	145	43035	288	-145.0	145	43035	288	-145.0	145	43035	288	-145.0	145	43035	288	-145.0	145	43035	288	-145.0	145	43035
289	-142.0	142	43177	289	-142.0	142	43177	289	-142.0	142	43177	289	-142.0	142	43177	289	-142.0	142	43177	289	-142.0	142	43177	289	-142.0	142	43177	289	-142.0	142	43177	289	-142.0	142	43177	289	-142.0	142	43177	289	-142.0	142	43177	289	-142.0	142	43177	289	-142.0	142	43177	289	-142.0	142	43177	289	-142.0	142	43177
290	-140.0	140	43317	290	-140.0	140	43317	290	-140.0	140	43317	290	-140.0	140	43317	290	-140.0	140	43317	290	-140.0	140	43317	290	-140.0	140	43317	290	-140.0	140	43317	290	-140.0	140	43317	290	-140.0	140	43317	290	-140.0	140	43317	290	-140.0	140	43317	290	-140.0	140	43317	290	-140.0	140	43317	290	-140.0	140	43317
291	-135.0	135	43452	291	-135.0	135	43452	291	-135.0	135	43452	291	-135.0	135	43452	291	-135.0	135	43452	291	-135.0	135	43452	291	-135.0	135	43452	291	-135.0	135	43452	291	-135.0	135	43452	291	-135.0	135	43452	291	-135.0	135	43452	291	-135.0	135	43452	291	-135.0	135	43452	291	-135.0	135	43452	291	-135.0	135	43452
292	-135.0	135	43587	292	-135.0	135	43587	292	-135.0	135	43587	292	-135.0	135	43587	292	-135.0	135	43587	292	-135.0	135	43587	292	-135.0	135	43587	292	-135.0	135	43587	292	-135.0	135	43587	292	-135.0	135	43587	292	-135.0	135	43587	292	-135.0	135	43587	292	-135.0	135	43587	292	-135.0	135	43587	292	-135.0	135	43587
293	-134.0	134	43721	293	-134.0	134	43721	293	-134.0	134	43721	293	-134.0	134	43721	293	-134.0	134	43721	293	-134.0	134	43721	293	-134.0	134	43721	293	-134.0	134	43721	293	-134.0	134	43721	293	-134.0	134	43721	293	-134.0	134	43721	293	-134.0	134	43721	293	-134.0	134	43721	293	-134.0	134	43721	293	-134.0	134	43721
294	-147.0	147	43868	294	-147.0	147	43868	294	-147.0	147	43868	294	-147.0	147	43868	294	-147.0	147	43868	294	-147.0	147	43868	294	-147.0	147	43868	294	-147.0	147	43868	294	-147.0	147	43868	294	-147.0	147	43868	294	-147.0	147	43868	294	-147.0	147	43868	294	-147.0	147	43868	294	-147.0	147	43868	294	-147.0	147	43868
295	-175.0	175	44043	295	-175.0	175	44043	295	-175.0	175	44043	295	-175.0	175	44043	295	-175.0	175	44043	295	-175.0	175	44043	295	-175.0	175	44043	295	-175.0	175	44043	295	-175.0	175	44043	295	-175.0	175	44043	295	-175.0	175	44043	295	-175.0	175	44043	295	-175.0	175	44043	295	-175.0	175	44043	295	-175.0	175	44043
296	-141.0	141	44184	296	-141.0	141	44184	296	-141.0	141	44184	296	-141.0	141	44184	296	-141.0	141	44184	296	-141.0	141	44184	296	-141.0	141	44184	296	-141.0	141	44184	296	-141.0	141	44184	296	-141.0	141	44184	296	-141.0	141	44184	296	-141.0	141	44184	296	-141.0	141	44184	296	-141.0	141	44184	296	-141.0	141	44184
297	-131.0	131	44315	297	-131.0	131	44315	297	-131.0	131	44315	297	-131.0	131	44315	297	-131.0	131	44315	297	-131.0	131	44315	297	-131.0	131	44315	297	-131.0	131	44315	297	-131.0	131	44315	297	-131.0	131	44315	297	-131.0	131	44315	297	-131.0	131	44315	297	-131.0	131	44315	297	-131.0	131	44315	297	-131.0	131	44315
298	-116.0	116	44431	298	-116.0	116	44431	298	-116.0	116	44431	298	-116.0	116	44431	298	-116.0	116	44431	298	-116.0	116	44431	298	-116.0	116	44431	298	-116.0	116	44431	298	-116.0	116	44431	298	-116.0	116	44431	298	-116.0	116	44431	298	-116.0	116	44431	298	-116.0	116	44431	298	-116.0	116	44431	298	-116.0	116	44431
299	-108.0	108	44539	299	-108.0	108	44539	299	-108.0	108	44539	299	-108.0	108	44539	299	-108.0	108	44539	299	-108.0	108	44539	299	-108.0	108	44539	299	-108.0	108	44539	299	-108.0	108	44539	299	-108.0	108	44539	299	-108.0	108	44539	299	-108.0	108	44539	299	-108.0	108	44539	299	-108.0	108	44539	299	-108.0	108	44539
