Episode	Accumulated Reward	Length	Steps	Episode	Accumulated Reward	Length	Steps	Episode	Accumulated Reward	Length	Steps	Episode	Accumulated Reward	Length	Steps	Episode	Accumulated Reward	Length	Steps	Episode	Accumulated Reward	Length	Steps	Episode	Accumulated Reward	Length	Steps	Episode	Accumulated Reward	Length	Steps	Episode	Accumulated Reward	Length	Steps	Episode	Accumulated Reward	Length	Steps	Episode	Accumulated Reward	Length	Steps	Episode	Accumulated Reward	Length	Steps	Episode	Accumulated Reward	Length	Steps	Episode	Accumulated Reward	Length	Steps	Episode	Accumulated Reward	Length	Steps	Episode	Accumulated Reward	Length	Steps	Episode	Accumulated Reward	Length	Steps	Episode	Accumulated Reward	Length	Steps	Episode	Accumulated Reward	Length	Steps	Episode	Accumulated Reward	Length	Steps	Episode	Accumulated Reward	Length	Steps	Episode	Accumulated Reward	Length	Steps	Episode	Accumulated Reward	Length	Steps	Episode	Accumulated Reward	Length	Steps	Episode	Accumulated Reward	Length	Steps
0	-1778	491	491	0	-1778	491	491	0	-1778	491	491	0	-1778	491	491	0	-1778	491	491	0	-1778	491	491	0	-1778	491	491	0	-1778	491	491	0	-1778	491	491	0	-1778	491	491	0	-1778	491	491	0	-1778	491	491	0	-1778	491	491	0	-1778	491	491	0	-1778	491	491	0	-1778	491	491	0	-1778	491	491	0	-1778	491	491	0	-1778	491	491	0	-1778	491	491	0	-1778	491	491	0	-1778	491	491	0	-1778	491	491	0	-1778	491	491	0	-1778	491	491
1	-341	143	634	1	-341	143	634	1	-341	143	634	1	-341	143	634	1	-341	143	634	1	-341	143	634	1	-341	143	634	1	-341	143	634	1	-341	143	634	1	-341	143	634	1	-341	143	634	1	-341	143	634	1	-341	143	634	1	-341	143	634	1	-341	143	634	1	-341	143	634	1	-341	143	634	1	-341	143	634	1	-341	143	634	1	-341	143	634	1	-341	143	634	1	-341	143	634	1	-341	143	634	1	-341	143	634	1	-341	143	634
2	-64	64	698	2	-64	64	698	2	-64	64	698	2	-64	64	698	2	-64	64	698	2	-64	64	698	2	-64	64	698	2	-64	64	698	2	-64	64	698	2	-64	64	698	2	-64	64	698	2	-64	64	698	2	-64	64	698	2	-64	64	698	2	-64	64	698	2	-64	64	698	2	-64	64	698	2	-64	64	698	2	-64	64	698	2	-64	64	698	2	-64	64	698	2	-64	64	698	2	-64	64	698	2	-64	64	698	2	-64	64	698
3	-85	85	783	3	-85	85	783	3	-85	85	783	3	-85	85	783	3	-85	85	783	3	-85	85	783	3	-85	85	783	3	-85	85	783	3	-85	85	783	3	-85	85	783	3	-85	85	783	3	-85	85	783	3	-85	85	783	3	-85	85	783	3	-85	85	783	3	-85	85	783	3	-85	85	783	3	-85	85	783	3	-85	85	783	3	-85	85	783	3	-85	85	783	3	-85	85	783	3	-85	85	783	3	-85	85	783	3	-85	85	783
4	-59	59	842	4	-59	59	842	4	-59	59	842	4	-59	59	842	4	-59	59	842	4	-59	59	842	4	-59	59	842	4	-59	59	842	4	-59	59	842	4	-59	59	842	4	-59	59	842	4	-59	59	842	4	-59	59	842	4	-59	59	842	4	-59	59	842	4	-59	59	842	4	-59	59	842	4	-59	59	842	4	-59	59	842	4	-59	59	842	4	-59	59	842	4	-59	59	842	4	-59	59	842	4	-59	59	842	4	-59	59	842
5	-202	103	945	5	-202	103	945	5	-202	103	945	5	-202	103	945	5	-202	103	945	5	-202	103	945	5	-202	103	945	5	-202	103	945	5	-202	103	945	5	-202	103	945	5	-202	103	945	5	-202	103	945	5	-202	103	945	5	-202	103	945	5	-202	103	945	5	-202	103	945	5	-202	103	945	5	-202	103	945	5	-202	103	945	5	-202	103	945	5	-202	103	945	5	-202	103	945	5	-202	103	945	5	-202	103	945	5	-202	103	945
6	-61	61	1006	6	-61	61	1006	6	-61	61	1006	6	-61	61	1006	6	-61	61	1006	6	-61	61	1006	6	-61	61	1006	6	-61	61	1006	6	-61	61	1006	6	-61	61	1006	6	-61	61	1006	6	-61	61	1006	6	-61	61	1006	6	-61	61	1006	6	-61	61	1006	6	-61	61	1006	6	-61	61	1006	6	-61	61	1006	6	-61	61	1006	6	-61	61	1006	6	-61	61	1006	6	-61	61	1006	6	-61	61	1006	6	-61	61	1006	6	-61	61	1006
7	-48	48	1054	7	-48	48	1054	7	-48	48	1054	7	-48	48	1054	7	-48	48	1054	7	-48	48	1054	7	-48	48	1054	7	-48	48	1054	7	-48	48	1054	7	-48	48	1054	7	-48	48	1054	7	-48	48	1054	7	-48	48	1054	7	-48	48	1054	7	-48	48	1054	7	-48	48	1054	7	-48	48	1054	7	-48	48	1054	7	-48	48	1054	7	-48	48	1054	7	-48	48	1054	7	-48	48	1054	7	-48	48	1054	7	-48	48	1054	7	-48	48	1054
8	-75	75	1129	8	-75	75	1129	8	-75	75	1129	8	-75	75	1129	8	-75	75	1129	8	-75	75	1129	8	-75	75	1129	8	-75	75	1129	8	-75	75	1129	8	-75	75	1129	8	-75	75	1129	8	-75	75	1129	8	-75	75	1129	8	-75	75	1129	8	-75	75	1129	8	-75	75	1129	8	-75	75	1129	8	-75	75	1129	8	-75	75	1129	8	-75	75	1129	8	-75	75	1129	8	-75	75	1129	8	-75	75	1129	8	-75	75	1129	8	-75	75	1129
9	-74	74	1203	9	-74	74	1203	9	-74	74	1203	9	-74	74	1203	9	-74	74	1203	9	-74	74	1203	9	-74	74	1203	9	-74	74	1203	9	-74	74	1203	9	-74	74	1203	9	-74	74	1203	9	-74	74	1203	9	-74	74	1203	9	-74	74	1203	9	-74	74	1203	9	-74	74	1203	9	-74	74	1203	9	-74	74	1203	9	-74	74	1203	9	-74	74	1203	9	-74	74	1203	9	-74	74	1203	9	-74	74	1203	9	-74	74	1203	9	-74	74	1203
10	-48	48	1251	10	-48	48	1251	10	-48	48	1251	10	-48	48	1251	10	-48	48	1251	10	-48	48	1251	10	-48	48	1251	10	-48	48	1251	10	-48	48	1251	10	-48	48	1251	10	-48	48	1251	10	-48	48	1251	10	-48	48	1251	10	-48	48	1251	10	-48	48	1251	10	-48	48	1251	10	-48	48	1251	10	-48	48	1251	10	-48	48	1251	10	-48	48	1251	10	-48	48	1251	10	-48	48	1251	10	-48	48	1251	10	-48	48	1251	10	-48	48	1251
11	-179	80	1331	11	-179	80	1331	11	-179	80	1331	11	-179	80	1331	11	-179	80	1331	11	-179	80	1331	11	-179	80	1331	11	-179	80	1331	11	-179	80	1331	11	-179	80	1331	11	-179	80	1331	11	-179	80	1331	11	-179	80	1331	11	-179	80	1331	11	-179	80	1331	11	-179	80	1331	11	-179	80	1331	11	-179	80	1331	11	-179	80	1331	11	-179	80	1331	11	-179	80	1331	11	-179	80	1331	11	-179	80	1331	11	-179	80	1331	11	-179	80	1331
12	-72	72	1403	12	-72	72	1403	12	-72	72	1403	12	-72	72	1403	12	-72	72	1403	12	-72	72	1403	12	-72	72	1403	12	-72	72	1403	12	-72	72	1403	12	-72	72	1403	12	-72	72	1403	12	-72	72	1403	12	-72	72	1403	12	-72	72	1403	12	-72	72	1403	12	-72	72	1403	12	-72	72	1403	12	-72	72	1403	12	-72	72	1403	12	-72	72	1403	12	-72	72	1403	12	-72	72	1403	12	-72	72	1403	12	-72	72	1403	12	-72	72	1403
13	-31	31	1434	13	-31	31	1434	13	-31	31	1434	13	-31	31	1434	13	-31	31	1434	13	-31	31	1434	13	-31	31	1434	13	-31	31	1434	13	-31	31	1434	13	-31	31	1434	13	-31	31	1434	13	-31	31	1434	13	-31	31	1434	13	-31	31	1434	13	-31	31	1434	13	-31	31	1434	13	-31	31	1434	13	-31	31	1434	13	-31	31	1434	13	-31	31	1434	13	-31	31	1434	13	-31	31	1434	13	-31	31	1434	13	-31	31	1434	13	-31	31	1434
14	-49	49	1483	14	-49	49	1483	14	-49	49	1483	14	-49	49	1483	14	-49	49	1483	14	-49	49	1483	14	-49	49	1483	14	-49	49	1483	14	-49	49	1483	14	-49	49	1483	14	-49	49	1483	14	-49	49	1483	14	-49	49	1483	14	-49	49	1483	14	-49	49	1483	14	-49	49	1483	14	-49	49	1483	14	-49	49	1483	14	-49	49	1483	14	-49	49	1483	14	-49	49	1483	14	-49	49	1483	14	-49	49	1483	14	-49	49	1483	14	-49	49	1483
15	-158	59	1542	15	-158	59	1542	15	-158	59	1542	15	-158	59	1542	15	-158	59	1542	15	-158	59	1542	15	-158	59	1542	15	-158	59	1542	15	-158	59	1542	15	-158	59	1542	15	-158	59	1542	15	-158	59	1542	15	-158	59	1542	15	-158	59	1542	15	-158	59	1542	15	-158	59	1542	15	-158	59	1542	15	-158	59	1542	15	-158	59	1542	15	-158	59	1542	15	-158	59	1542	15	-158	59	1542	15	-158	59	1542	15	-158	59	1542	15	-158	59	1542
16	-47	47	1589	16	-47	47	1589	16	-47	47	1589	16	-47	47	1589	16	-47	47	1589	16	-47	47	1589	16	-47	47	1589	16	-47	47	1589	16	-47	47	1589	16	-47	47	1589	16	-47	47	1589	16	-47	47	1589	16	-47	47	1589	16	-47	47	1589	16	-47	47	1589	16	-47	47	1589	16	-47	47	1589	16	-47	47	1589	16	-47	47	1589	16	-47	47	1589	16	-47	47	1589	16	-47	47	1589	16	-47	47	1589	16	-47	47	1589	16	-47	47	1589
17	-44	44	1633	17	-44	44	1633	17	-44	44	1633	17	-44	44	1633	17	-44	44	1633	17	-44	44	1633	17	-44	44	1633	17	-44	44	1633	17	-44	44	1633	17	-44	44	1633	17	-44	44	1633	17	-44	44	1633	17	-44	44	1633	17	-44	44	1633	17	-44	44	1633	17	-44	44	1633	17	-44	44	1633	17	-44	44	1633	17	-44	44	1633	17	-44	44	1633	17	-44	44	1633	17	-44	44	1633	17	-44	44	1633	17	-44	44	1633	17	-44	44	1633
18	-157	58	1691	18	-157	58	1691	18	-157	58	1691	18	-157	58	1691	18	-157	58	1691	18	-157	58	1691	18	-157	58	1691	18	-157	58	1691	18	-157	58	1691	18	-157	58	1691	18	-157	58	1691	18	-157	58	1691	18	-157	58	1691	18	-157	58	1691	18	-157	58	1691	18	-157	58	1691	18	-157	58	1691	18	-157	58	1691	18	-157	58	1691	18	-157	58	1691	18	-157	58	1691	18	-157	58	1691	18	-157	58	1691	18	-157	58	1691	18	-157	58	1691
19	-72	72	1763	19	-72	72	1763	19	-72	72	1763	19	-72	72	1763	19	-72	72	1763	19	-72	72	1763	19	-72	72	1763	19	-72	72	1763	19	-72	72	1763	19	-72	72	1763	19	-72	72	1763	19	-72	72	1763	19	-72	72	1763	19	-72	72	1763	19	-72	72	1763	19	-72	72	1763	19	-72	72	1763	19	-72	72	1763	19	-72	72	1763	19	-72	72	1763	19	-72	72	1763	19	-72	72	1763	19	-72	72	1763	19	-72	72	1763	19	-72	72	1763
20	-22	22	1785	20	-22	22	1785	20	-22	22	1785	20	-22	22	1785	20	-22	22	1785	20	-22	22	1785	20	-22	22	1785	20	-22	22	1785	20	-22	22	1785	20	-22	22	1785	20	-22	22	1785	20	-22	22	1785	20	-22	22	1785	20	-22	22	1785	20	-22	22	1785	20	-22	22	1785	20	-22	22	1785	20	-22	22	1785	20	-22	22	1785	20	-22	22	1785	20	-22	22	1785	20	-22	22	1785	20	-22	22	1785	20	-22	22	1785	20	-22	22	1785
21	-41	41	1826	21	-41	41	1826	21	-41	41	1826	21	-41	41	1826	21	-41	41	1826	21	-41	41	1826	21	-41	41	1826	21	-41	41	1826	21	-41	41	1826	21	-41	41	1826	21	-41	41	1826	21	-41	41	1826	21	-41	41	1826	21	-41	41	1826	21	-41	41	1826	21	-41	41	1826	21	-41	41	1826	21	-41	41	1826	21	-41	41	1826	21	-41	41	1826	21	-41	41	1826	21	-41	41	1826	21	-41	41	1826	21	-41	41	1826	21	-41	41	1826
22	-33	33	1859	22	-33	33	1859	22	-33	33	1859	22	-33	33	1859	22	-33	33	1859	22	-33	33	1859	22	-33	33	1859	22	-33	33	1859	22	-33	33	1859	22	-33	33	1859	22	-33	33	1859	22	-33	33	1859	22	-33	33	1859	22	-33	33	1859	22	-33	33	1859	22	-33	33	1859	22	-33	33	1859	22	-33	33	1859	22	-33	33	1859	22	-33	33	1859	22	-33	33	1859	22	-33	33	1859	22	-33	33	1859	22	-33	33	1859	22	-33	33	1859
23	-42	42	1901	23	-42	42	1901	23	-42	42	1901	23	-42	42	1901	23	-42	42	1901	23	-42	42	1901	23	-42	42	1901	23	-42	42	1901	23	-42	42	1901	23	-42	42	1901	23	-42	42	1901	23	-42	42	1901	23	-42	42	1901	23	-42	42	1901	23	-42	42	1901	23	-42	42	1901	23	-42	42	1901	23	-42	42	1901	23	-42	42	1901	23	-42	42	1901	23	-42	42	1901	23	-42	42	1901	23	-42	42	1901	23	-42	42	1901	23	-42	42	1901
24	-34	34	1935	24	-34	34	1935	24	-34	34	1935	24	-34	34	1935	24	-34	34	1935	24	-34	34	1935	24	-34	34	1935	24	-34	34	1935	24	-34	34	1935	24	-34	34	1935	24	-34	34	1935	24	-34	34	1935	24	-34	34	1935	24	-34	34	1935	24	-34	34	1935	24	-34	34	1935	24	-34	34	1935	24	-34	34	1935	24	-34	34	1935	24	-34	34	1935	24	-34	34	1935	24	-34	34	1935	24	-34	34	1935	24	-34	34	1935	24	-34	34	1935
25	-45	45	1980	25	-45	45	1980	25	-45	45	1980	25	-45	45	1980	25	-45	45	1980	25	-45	45	1980	25	-45	45	1980	25	-45	45	1980	25	-45	45	1980	25	-45	45	1980	25	-45	45	1980	25	-45	45	1980	25	-45	45	1980	25	-45	45	1980	25	-45	45	1980	25	-45	45	1980	25	-45	45	1980	25	-45	45	1980	25	-45	45	1980	25	-45	45	1980	25	-45	45	1980	25	-45	45	1980	25	-45	45	1980	25	-45	45	1980	25	-45	45	1980
26	-19	19	1999	26	-19	19	1999	26	-19	19	1999	26	-19	19	1999	26	-19	19	1999	26	-19	19	1999	26	-19	19	1999	26	-19	19	1999	26	-19	19	1999	26	-19	19	1999	26	-19	19	1999	26	-19	19	1999	26	-19	19	1999	26	-19	19	1999	26	-19	19	1999	26	-19	19	1999	26	-19	19	1999	26	-19	19	1999	26	-19	19	1999	26	-19	19	1999	26	-19	19	1999	26	-19	19	1999	26	-19	19	1999	26	-19	19	1999	26	-19	19	1999
27	-18	18	2017	27	-18	18	2017	27	-18	18	2017	27	-18	18	2017	27	-18	18	2017	27	-18	18	2017	27	-18	18	2017	27	-18	18	2017	27	-18	18	2017	27	-18	18	2017	27	-18	18	2017	27	-18	18	2017	27	-18	18	2017	27	-18	18	2017	27	-18	18	2017	27	-18	18	2017	27	-18	18	2017	27	-18	18	2017	27	-18	18	2017	27	-18	18	2017	27	-18	18	2017	27	-18	18	2017	27	-18	18	2017	27	-18	18	2017	27	-18	18	2017
28	-29	29	2046	28	-29	29	2046	28	-29	29	2046	28	-29	29	2046	28	-29	29	2046	28	-29	29	2046	28	-29	29	2046	28	-29	29	2046	28	-29	29	2046	28	-29	29	2046	28	-29	29	2046	28	-29	29	2046	28	-29	29	2046	28	-29	29	2046	28	-29	29	2046	28	-29	29	2046	28	-29	29	2046	28	-29	29	2046	28	-29	29	2046	28	-29	29	2046	28	-29	29	2046	28	-29	29	2046	28	-29	29	2046	28	-29	29	2046	28	-29	29	2046
29	-165	66	2112	29	-165	66	2112	29	-165	66	2112	29	-165	66	2112	29	-165	66	2112	29	-165	66	2112	29	-165	66	2112	29	-165	66	2112	29	-165	66	2112	29	-165	66	2112	29	-165	66	2112	29	-165	66	2112	29	-165	66	2112	29	-165	66	2112	29	-165	66	2112	29	-165	66	2112	29	-165	66	2112	29	-165	66	2112	29	-165	66	2112	29	-165	66	2112	29	-165	66	2112	29	-165	66	2112	29	-165	66	2112	29	-165	66	2112	29	-165	66	2112
30	-29	29	2141	30	-29	29	2141	30	-29	29	2141	30	-29	29	2141	30	-29	29	2141	30	-29	29	2141	30	-29	29	2141	30	-29	29	2141	30	-29	29	2141	30	-29	29	2141	30	-29	29	2141	30	-29	29	2141	30	-29	29	2141	30	-29	29	2141	30	-29	29	2141	30	-29	29	2141	30	-29	29	2141	30	-29	29	2141	30	-29	29	2141	30	-29	29	2141	30	-29	29	2141	30	-29	29	2141	30	-29	29	2141	30	-29	29	2141	30	-29	29	2141
31	-22	22	2163	31	-22	22	2163	31	-22	22	2163	31	-22	22	2163	31	-22	22	2163	31	-22	22	2163	31	-22	22	2163	31	-22	22	2163	31	-22	22	2163	31	-22	22	2163	31	-22	22	2163	31	-22	22	2163	31	-22	22	2163	31	-22	22	2163	31	-22	22	2163	31	-22	22	2163	31	-22	22	2163	31	-22	22	2163	31	-22	22	2163	31	-22	22	2163	31	-22	22	2163	31	-22	22	2163	31	-22	22	2163	31	-22	22	2163	31	-22	22	2163
32	-24	24	2187	32	-24	24	2187	32	-24	24	2187	32	-24	24	2187	32	-24	24	2187	32	-24	24	2187	32	-24	24	2187	32	-24	24	2187	32	-24	24	2187	32	-24	24	2187	32	-24	24	2187	32	-24	24	2187	32	-24	24	2187	32	-24	24	2187	32	-24	24	2187	32	-24	24	2187	32	-24	24	2187	32	-24	24	2187	32	-24	24	2187	32	-24	24	2187	32	-24	24	2187	32	-24	24	2187	32	-24	24	2187	32	-24	24	2187	32	-24	24	2187
33	-22	22	2209	33	-22	22	2209	33	-22	22	2209	33	-22	22	2209	33	-22	22	2209	33	-22	22	2209	33	-22	22	2209	33	-22	22	2209	33	-22	22	2209	33	-22	22	2209	33	-22	22	2209	33	-22	22	2209	33	-22	22	2209	33	-22	22	2209	33	-22	22	2209	33	-22	22	2209	33	-22	22	2209	33	-22	22	2209	33	-22	22	2209	33	-22	22	2209	33	-22	22	2209	33	-22	22	2209	33	-22	22	2209	33	-22	22	2209	33	-22	22	2209
34	-239	41	2250	34	-239	41	2250	34	-239	41	2250	34	-239	41	2250	34	-239	41	2250	34	-239	41	2250	34	-239	41	2250	34	-239	41	2250	34	-239	41	2250	34	-239	41	2250	34	-239	41	2250	34	-239	41	2250	34	-239	41	2250	34	-239	41	2250	34	-239	41	2250	34	-239	41	2250	34	-239	41	2250	34	-239	41	2250	34	-239	41	2250	34	-239	41	2250	34	-239	41	2250	34	-239	41	2250	34	-239	41	2250	34	-239	41	2250	34	-239	41	2250
35	-36	36	2286	35	-36	36	2286	35	-36	36	2286	35	-36	36	2286	35	-36	36	2286	35	-36	36	2286	35	-36	36	2286	35	-36	36	2286	35	-36	36	2286	35	-36	36	2286	35	-36	36	2286	35	-36	36	2286	35	-36	36	2286	35	-36	36	2286	35	-36	36	2286	35	-36	36	2286	35	-36	36	2286	35	-36	36	2286	35	-36	36	2286	35	-36	36	2286	35	-36	36	2286	35	-36	36	2286	35	-36	36	2286	35	-36	36	2286	35	-36	36	2286
36	-19	19	2305	36	-19	19	2305	36	-19	19	2305	36	-19	19	2305	36	-19	19	2305	36	-19	19	2305	36	-19	19	2305	36	-19	19	2305	36	-19	19	2305	36	-19	19	2305	36	-19	19	2305	36	-19	19	2305	36	-19	19	2305	36	-19	19	2305	36	-19	19	2305	36	-19	19	2305	36	-19	19	2305	36	-19	19	2305	36	-19	19	2305	36	-19	19	2305	36	-19	19	2305	36	-19	19	2305	36	-19	19	2305	36	-19	19	2305	36	-19	19	2305
37	-19	19	2324	37	-19	19	2324	37	-19	19	2324	37	-19	19	2324	37	-19	19	2324	37	-19	19	2324	37	-19	19	2324	37	-19	19	2324	37	-19	19	2324	37	-19	19	2324	37	-19	19	2324	37	-19	19	2324	37	-19	19	2324	37	-19	19	2324	37	-19	19	2324	37	-19	19	2324	37	-19	19	2324	37	-19	19	2324	37	-19	19	2324	37	-19	19	2324	37	-19	19	2324	37	-19	19	2324	37	-19	19	2324	37	-19	19	2324	37	-19	19	2324
38	-23	23	2347	38	-23	23	2347	38	-23	23	2347	38	-23	23	2347	38	-23	23	2347	38	-23	23	2347	38	-23	23	2347	38	-23	23	2347	38	-23	23	2347	38	-23	23	2347	38	-23	23	2347	38	-23	23	2347	38	-23	23	2347	38	-23	23	2347	38	-23	23	2347	38	-23	23	2347	38	-23	23	2347	38	-23	23	2347	38	-23	23	2347	38	-23	23	2347	38	-23	23	2347	38	-23	23	2347	38	-23	23	2347	38	-23	23	2347	38	-23	23	2347
39	-19	19	2366	39	-19	19	2366	39	-19	19	2366	39	-19	19	2366	39	-19	19	2366	39	-19	19	2366	39	-19	19	2366	39	-19	19	2366	39	-19	19	2366	39	-19	19	2366	39	-19	19	2366	39	-19	19	2366	39	-19	19	2366	39	-19	19	2366	39	-19	19	2366	39	-19	19	2366	39	-19	19	2366	39	-19	19	2366	39	-19	19	2366	39	-19	19	2366	39	-19	19	2366	39	-19	19	2366	39	-19	19	2366	39	-19	19	2366	39	-19	19	2366
40	-14	14	2380	40	-14	14	2380	40	-14	14	2380	40	-14	14	2380	40	-14	14	2380	40	-14	14	2380	40	-14	14	2380	40	-14	14	2380	40	-14	14	2380	40	-14	14	2380	40	-14	14	2380	40	-14	14	2380	40	-14	14	2380	40	-14	14	2380	40	-14	14	2380	40	-14	14	2380	40	-14	14	2380	40	-14	14	2380	40	-14	14	2380	40	-14	14	2380	40	-14	14	2380	40	-14	14	2380	40	-14	14	2380	40	-14	14	2380	40	-14	14	2380
41	-30	30	2410	41	-30	30	2410	41	-30	30	2410	41	-30	30	2410	41	-30	30	2410	41	-30	30	2410	41	-30	30	2410	41	-30	30	2410	41	-30	30	2410	41	-30	30	2410	41	-30	30	2410	41	-30	30	2410	41	-30	30	2410	41	-30	30	2410	41	-30	30	2410	41	-30	30	2410	41	-30	30	2410	41	-30	30	2410	41	-30	30	2410	41	-30	30	2410	41	-30	30	2410	41	-30	30	2410	41	-30	30	2410	41	-30	30	2410	41	-30	30	2410
42	-22	22	2432	42	-22	22	2432	42	-22	22	2432	42	-22	22	2432	42	-22	22	2432	42	-22	22	2432	42	-22	22	2432	42	-22	22	2432	42	-22	22	2432	42	-22	22	2432	42	-22	22	2432	42	-22	22	2432	42	-22	22	2432	42	-22	22	2432	42	-22	22	2432	42	-22	22	2432	42	-22	22	2432	42	-22	22	2432	42	-22	22	2432	42	-22	22	2432	42	-22	22	2432	42	-22	22	2432	42	-22	22	2432	42	-22	22	2432	42	-22	22	2432
43	-17	17	2449	43	-17	17	2449	43	-17	17	2449	43	-17	17	2449	43	-17	17	2449	43	-17	17	2449	43	-17	17	2449	43	-17	17	2449	43	-17	17	2449	43	-17	17	2449	43	-17	17	2449	43	-17	17	2449	43	-17	17	2449	43	-17	17	2449	43	-17	17	2449	43	-17	17	2449	43	-17	17	2449	43	-17	17	2449	43	-17	17	2449	43	-17	17	2449	43	-17	17	2449	43	-17	17	2449	43	-17	17	2449	43	-17	17	2449	43	-17	17	2449
44	-119	20	2469	44	-119	20	2469	44	-119	20	2469	44	-119	20	2469	44	-119	20	2469	44	-119	20	2469	44	-119	20	2469	44	-119	20	2469	44	-119	20	2469	44	-119	20	2469	44	-119	20	2469	44	-119	20	2469	44	-119	20	2469	44	-119	20	2469	44	-119	20	2469	44	-119	20	2469	44	-119	20	2469	44	-119	20	2469	44	-119	20	2469	44	-119	20	2469	44	-119	20	2469	44	-119	20	2469	44	-119	20	2469	44	-119	20	2469	44	-119	20	2469
45	-13	13	2482	45	-13	13	2482	45	-13	13	2482	45	-13	13	2482	45	-13	13	2482	45	-13	13	2482	45	-13	13	2482	45	-13	13	2482	45	-13	13	2482	45	-13	13	2482	45	-13	13	2482	45	-13	13	2482	45	-13	13	2482	45	-13	13	2482	45	-13	13	2482	45	-13	13	2482	45	-13	13	2482	45	-13	13	2482	45	-13	13	2482	45	-13	13	2482	45	-13	13	2482	45	-13	13	2482	45	-13	13	2482	45	-13	13	2482	45	-13	13	2482
46	-13	13	2495	46	-13	13	2495	46	-13	13	2495	46	-13	13	2495	46	-13	13	2495	46	-13	13	2495	46	-13	13	2495	46	-13	13	2495	46	-13	13	2495	46	-13	13	2495	46	-13	13	2495	46	-13	13	2495	46	-13	13	2495	46	-13	13	2495	46	-13	13	2495	46	-13	13	2495	46	-13	13	2495	46	-13	13	2495	46	-13	13	2495	46	-13	13	2495	46	-13	13	2495	46	-13	13	2495	46	-13	13	2495	46	-13	13	2495	46	-13	13	2495
47	-30	30	2525	47	-30	30	2525	47	-30	30	2525	47	-30	30	2525	47	-30	30	2525	47	-30	30	2525	47	-30	30	2525	47	-30	30	2525	47	-30	30	2525	47	-30	30	2525	47	-30	30	2525	47	-30	30	2525	47	-30	30	2525	47	-30	30	2525	47	-30	30	2525	47	-30	30	2525	47	-30	30	2525	47	-30	30	2525	47	-30	30	2525	47	-30	30	2525	47	-30	30	2525	47	-30	30	2525	47	-30	30	2525	47	-30	30	2525	47	-30	30	2525
48	-133	34	2559	48	-133	34	2559	48	-133	34	2559	48	-133	34	2559	48	-133	34	2559	48	-133	34	2559	48	-133	34	2559	48	-133	34	2559	48	-133	34	2559	48	-133	34	2559	48	-133	34	2559	48	-133	34	2559	48	-133	34	2559	48	-133	34	2559	48	-133	34	2559	48	-133	34	2559	48	-133	34	2559	48	-133	34	2559	48	-133	34	2559	48	-133	34	2559	48	-133	34	2559	48	-133	34	2559	48	-133	34	2559	48	-133	34	2559	48	-133	34	2559
49	-218	20	2579	49	-218	20	2579	49	-218	20	2579	49	-218	20	2579	49	-218	20	2579	49	-218	20	2579	49	-218	20	2579	49	-218	20	2579	49	-218	20	2579	49	-218	20	2579	49	-218	20	2579	49	-218	20	2579	49	-218	20	2579	49	-218	20	2579	49	-218	20	2579	49	-218	20	2579	49	-218	20	2579	49	-218	20	2579	49	-218	20	2579	49	-218	20	2579	49	-218	20	2579	49	-218	20	2579	49	-218	20	2579	49	-218	20	2579	49	-218	20	2579
50	-18	18	2597	50	-18	18	2597	50	-18	18	2597	50	-18	18	2597	50	-18	18	2597	50	-18	18	2597	50	-18	18	2597	50	-18	18	2597	50	-18	18	2597	50	-18	18	2597	50	-18	18	2597	50	-18	18	2597	50	-18	18	2597	50	-18	18	2597	50	-18	18	2597	50	-18	18	2597	50	-18	18	2597	50	-18	18	2597	50	-18	18	2597	50	-18	18	2597	50	-18	18	2597	50	-18	18	2597	50	-18	18	2597	50	-18	18	2597	50	-18	18	2597
51	-17	17	2614	51	-17	17	2614	51	-17	17	2614	51	-17	17	2614	51	-17	17	2614	51	-17	17	2614	51	-17	17	2614	51	-17	17	2614	51	-17	17	2614	51	-17	17	2614	51	-17	17	2614	51	-17	17	2614	51	-17	17	2614	51	-17	17	2614	51	-17	17	2614	51	-17	17	2614	51	-17	17	2614	51	-17	17	2614	51	-17	17	2614	51	-17	17	2614	51	-17	17	2614	51	-17	17	2614	51	-17	17	2614	51	-17	17	2614	51	-17	17	2614
52	-19	19	2633	52	-19	19	2633	52	-19	19	2633	52	-19	19	2633	52	-19	19	2633	52	-19	19	2633	52	-19	19	2633	52	-19	19	2633	52	-19	19	2633	52	-19	19	2633	52	-19	19	2633	52	-19	19	2633	52	-19	19	2633	52	-19	19	2633	52	-19	19	2633	52	-19	19	2633	52	-19	19	2633	52	-19	19	2633	52	-19	19	2633	52	-19	19	2633	52	-19	19	2633	52	-19	19	2633	52	-19	19	2633	52	-19	19	2633	52	-19	19	2633
53	-22	22	2655	53	-22	22	2655	53	-22	22	2655	53	-22	22	2655	53	-22	22	2655	53	-22	22	2655	53	-22	22	2655	53	-22	22	2655	53	-22	22	2655	53	-22	22	2655	53	-22	22	2655	53	-22	22	2655	53	-22	22	2655	53	-22	22	2655	53	-22	22	2655	53	-22	22	2655	53	-22	22	2655	53	-22	22	2655	53	-22	22	2655	53	-22	22	2655	53	-22	22	2655	53	-22	22	2655	53	-22	22	2655	53	-22	22	2655	53	-22	22	2655
54	-116	17	2672	54	-116	17	2672	54	-116	17	2672	54	-116	17	2672	54	-116	17	2672	54	-116	17	2672	54	-116	17	2672	54	-116	17	2672	54	-116	17	2672	54	-116	17	2672	54	-116	17	2672	54	-116	17	2672	54	-116	17	2672	54	-116	17	2672	54	-116	17	2672	54	-116	17	2672	54	-116	17	2672	54	-116	17	2672	54	-116	17	2672	54	-116	17	2672	54	-116	17	2672	54	-116	17	2672	54	-116	17	2672	54	-116	17	2672	54	-116	17	2672
55	-13	13	2685	55	-13	13	2685	55	-13	13	2685	55	-13	13	2685	55	-13	13	2685	55	-13	13	2685	55	-13	13	2685	55	-13	13	2685	55	-13	13	2685	55	-13	13	2685	55	-13	13	2685	55	-13	13	2685	55	-13	13	2685	55	-13	13	2685	55	-13	13	2685	55	-13	13	2685	55	-13	13	2685	55	-13	13	2685	55	-13	13	2685	55	-13	13	2685	55	-13	13	2685	55	-13	13	2685	55	-13	13	2685	55	-13	13	2685	55	-13	13	2685
56	-13	13	2698	56	-13	13	2698	56	-13	13	2698	56	-13	13	2698	56	-13	13	2698	56	-13	13	2698	56	-13	13	2698	56	-13	13	2698	56	-13	13	2698	56	-13	13	2698	56	-13	13	2698	56	-13	13	2698	56	-13	13	2698	56	-13	13	2698	56	-13	13	2698	56	-13	13	2698	56	-13	13	2698	56	-13	13	2698	56	-13	13	2698	56	-13	13	2698	56	-13	13	2698	56	-13	13	2698	56	-13	13	2698	56	-13	13	2698	56	-13	13	2698
57	-14	14	2712	57	-14	14	2712	57	-14	14	2712	57	-14	14	2712	57	-14	14	2712	57	-14	14	2712	57	-14	14	2712	57	-14	14	2712	57	-14	14	2712	57	-14	14	2712	57	-14	14	2712	57	-14	14	2712	57	-14	14	2712	57	-14	14	2712	57	-14	14	2712	57	-14	14	2712	57	-14	14	2712	57	-14	14	2712	57	-14	14	2712	57	-14	14	2712	57	-14	14	2712	57	-14	14	2712	57	-14	14	2712	57	-14	14	2712	57	-14	14	2712
58	-24	24	2736	58	-24	24	2736	58	-24	24	2736	58	-24	24	2736	58	-24	24	2736	58	-24	24	2736	58	-24	24	2736	58	-24	24	2736	58	-24	24	2736	58	-24	24	2736	58	-24	24	2736	58	-24	24	2736	58	-24	24	2736	58	-24	24	2736	58	-24	24	2736	58	-24	24	2736	58	-24	24	2736	58	-24	24	2736	58	-24	24	2736	58	-24	24	2736	58	-24	24	2736	58	-24	24	2736	58	-24	24	2736	58	-24	24	2736	58	-24	24	2736
59	-21	21	2757	59	-21	21	2757	59	-21	21	2757	59	-21	21	2757	59	-21	21	2757	59	-21	21	2757	59	-21	21	2757	59	-21	21	2757	59	-21	21	2757	59	-21	21	2757	59	-21	21	2757	59	-21	21	2757	59	-21	21	2757	59	-21	21	2757	59	-21	21	2757	59	-21	21	2757	59	-21	21	2757	59	-21	21	2757	59	-21	21	2757	59	-21	21	2757	59	-21	21	2757	59	-21	21	2757	59	-21	21	2757	59	-21	21	2757	59	-21	21	2757
60	-13	13	2770	60	-13	13	2770	60	-13	13	2770	60	-13	13	2770	60	-13	13	2770	60	-13	13	2770	60	-13	13	2770	60	-13	13	2770	60	-13	13	2770	60	-13	13	2770	60	-13	13	2770	60	-13	13	2770	60	-13	13	2770	60	-13	13	2770	60	-13	13	2770	60	-13	13	2770	60	-13	13	2770	60	-13	13	2770	60	-13	13	2770	60	-13	13	2770	60	-13	13	2770	60	-13	13	2770	60	-13	13	2770	60	-13	13	2770	60	-13	13	2770
61	-16	16	2786	61	-16	16	2786	61	-16	16	2786	61	-16	16	2786	61	-16	16	2786	61	-16	16	2786	61	-16	16	2786	61	-16	16	2786	61	-16	16	2786	61	-16	16	2786	61	-16	16	2786	61	-16	16	2786	61	-16	16	2786	61	-16	16	2786	61	-16	16	2786	61	-16	16	2786	61	-16	16	2786	61	-16	16	2786	61	-16	16	2786	61	-16	16	2786	61	-16	16	2786	61	-16	16	2786	61	-16	16	2786	61	-16	16	2786	61	-16	16	2786
62	-15	15	2801	62	-15	15	2801	62	-15	15	2801	62	-15	15	2801	62	-15	15	2801	62	-15	15	2801	62	-15	15	2801	62	-15	15	2801	62	-15	15	2801	62	-15	15	2801	62	-15	15	2801	62	-15	15	2801	62	-15	15	2801	62	-15	15	2801	62	-15	15	2801	62	-15	15	2801	62	-15	15	2801	62	-15	15	2801	62	-15	15	2801	62	-15	15	2801	62	-15	15	2801	62	-15	15	2801	62	-15	15	2801	62	-15	15	2801	62	-15	15	2801
63	-13	13	2814	63	-13	13	2814	63	-13	13	2814	63	-13	13	2814	63	-13	13	2814	63	-13	13	2814	63	-13	13	2814	63	-13	13	2814	63	-13	13	2814	63	-13	13	2814	63	-13	13	2814	63	-13	13	2814	63	-13	13	2814	63	-13	13	2814	63	-13	13	2814	63	-13	13	2814	63	-13	13	2814	63	-13	13	2814	63	-13	13	2814	63	-13	13	2814	63	-13	13	2814	63	-13	13	2814	63	-13	13	2814	63	-13	13	2814	63	-13	13	2814
64	-13	13	2827	64	-13	13	2827	64	-13	13	2827	64	-13	13	2827	64	-13	13	2827	64	-13	13	2827	64	-13	13	2827	64	-13	13	2827	64	-13	13	2827	64	-13	13	2827	64	-13	13	2827	64	-13	13	2827	64	-13	13	2827	64	-13	13	2827	64	-13	13	2827	64	-13	13	2827	64	-13	13	2827	64	-13	13	2827	64	-13	13	2827	64	-13	13	2827	64	-13	13	2827	64	-13	13	2827	64	-13	13	2827	64	-13	13	2827	64	-13	13	2827
65	-13	13	2840	65	-13	13	2840	65	-13	13	2840	65	-13	13	2840	65	-13	13	2840	65	-13	13	2840	65	-13	13	2840	65	-13	13	2840	65	-13	13	2840	65	-13	13	2840	65	-13	13	2840	65	-13	13	2840	65	-13	13	2840	65	-13	13	2840	65	-13	13	2840	65	-13	13	2840	65	-13	13	2840	65	-13	13	2840	65	-13	13	2840	65	-13	13	2840	65	-13	13	2840	65	-13	13	2840	65	-13	13	2840	65	-13	13	2840	65	-13	13	2840
66	-22	22	2862	66	-22	22	2862	66	-22	22	2862	66	-22	22	2862	66	-22	22	2862	66	-22	22	2862	66	-22	22	2862	66	-22	22	2862	66	-22	22	2862	66	-22	22	2862	66	-22	22	2862	66	-22	22	2862	66	-22	22	2862	66	-22	22	2862	66	-22	22	2862	66	-22	22	2862	66	-22	22	2862	66	-22	22	2862	66	-22	22	2862	66	-22	22	2862	66	-22	22	2862	66	-22	22	2862	66	-22	22	2862	66	-22	22	2862	66	-22	22	2862
67	-228	30	2892	67	-228	30	2892	67	-228	30	2892	67	-228	30	2892	67	-228	30	2892	67	-228	30	2892	67	-228	30	2892	67	-228	30	2892	67	-228	30	2892	67	-228	30	2892	67	-228	30	2892	67	-228	30	2892	67	-228	30	2892	67	-228	30	2892	67	-228	30	2892	67	-228	30	2892	67	-228	30	2892	67	-228	30	2892	67	-228	30	2892	67	-228	30	2892	67	-228	30	2892	67	-228	30	2892	67	-228	30	2892	67	-228	30	2892	67	-228	30	2892
68	-13	13	2905	68	-13	13	2905	68	-13	13	2905	68	-13	13	2905	68	-13	13	2905	68	-13	13	2905	68	-13	13	2905	68	-13	13	2905	68	-13	13	2905	68	-13	13	2905	68	-13	13	2905	68	-13	13	2905	68	-13	13	2905	68	-13	13	2905	68	-13	13	2905	68	-13	13	2905	68	-13	13	2905	68	-13	13	2905	68	-13	13	2905	68	-13	13	2905	68	-13	13	2905	68	-13	13	2905	68	-13	13	2905	68	-13	13	2905	68	-13	13	2905
69	-19	19	2924	69	-19	19	2924	69	-19	19	2924	69	-19	19	2924	69	-19	19	2924	69	-19	19	2924	69	-19	19	2924	69	-19	19	2924	69	-19	19	2924	69	-19	19	2924	69	-19	19	2924	69	-19	19	2924	69	-19	19	2924	69	-19	19	2924	69	-19	19	2924	69	-19	19	2924	69	-19	19	2924	69	-19	19	2924	69	-19	19	2924	69	-19	19	2924	69	-19	19	2924	69	-19	19	2924	69	-19	19	2924	69	-19	19	2924	69	-19	19	2924
70	-243	45	2969	70	-243	45	2969	70	-243	45	2969	70	-243	45	2969	70	-243	45	2969	70	-243	45	2969	70	-243	45	2969	70	-243	45	2969	70	-243	45	2969	70	-243	45	2969	70	-243	45	2969	70	-243	45	2969	70	-243	45	2969	70	-243	45	2969	70	-243	45	2969	70	-243	45	2969	70	-243	45	2969	70	-243	45	2969	70	-243	45	2969	70	-243	45	2969	70	-243	45	2969	70	-243	45	2969	70	-243	45	2969	70	-243	45	2969	70	-243	45	2969
71	-327	30	2999	71	-327	30	2999	71	-327	30	2999	71	-327	30	2999	71	-327	30	2999	71	-327	30	2999	71	-327	30	2999	71	-327	30	2999	71	-327	30	2999	71	-327	30	2999	71	-327	30	2999	71	-327	30	2999	71	-327	30	2999	71	-327	30	2999	71	-327	30	2999	71	-327	30	2999	71	-327	30	2999	71	-327	30	2999	71	-327	30	2999	71	-327	30	2999	71	-327	30	2999	71	-327	30	2999	71	-327	30	2999	71	-327	30	2999	71	-327	30	2999
72	-15	15	3014	72	-15	15	3014	72	-15	15	3014	72	-15	15	3014	72	-15	15	3014	72	-15	15	3014	72	-15	15	3014	72	-15	15	3014	72	-15	15	3014	72	-15	15	3014	72	-15	15	3014	72	-15	15	3014	72	-15	15	3014	72	-15	15	3014	72	-15	15	3014	72	-15	15	3014	72	-15	15	3014	72	-15	15	3014	72	-15	15	3014	72	-15	15	3014	72	-15	15	3014	72	-15	15	3014	72	-15	15	3014	72	-15	15	3014	72	-15	15	3014
73	-13	13	3027	73	-13	13	3027	73	-13	13	3027	73	-13	13	3027	73	-13	13	3027	73	-13	13	3027	73	-13	13	3027	73	-13	13	3027	73	-13	13	3027	73	-13	13	3027	73	-13	13	3027	73	-13	13	3027	73	-13	13	3027	73	-13	13	3027	73	-13	13	3027	73	-13	13	3027	73	-13	13	3027	73	-13	13	3027	73	-13	13	3027	73	-13	13	3027	73	-13	13	3027	73	-13	13	3027	73	-13	13	3027	73	-13	13	3027	73	-13	13	3027
74	-14	14	3041	74	-14	14	3041	74	-14	14	3041	74	-14	14	3041	74	-14	14	3041	74	-14	14	3041	74	-14	14	3041	74	-14	14	3041	74	-14	14	3041	74	-14	14	3041	74	-14	14	3041	74	-14	14	3041	74	-14	14	3041	74	-14	14	3041	74	-14	14	3041	74	-14	14	3041	74	-14	14	3041	74	-14	14	3041	74	-14	14	3041	74	-14	14	3041	74	-14	14	3041	74	-14	14	3041	74	-14	14	3041	74	-14	14	3041	74	-14	14	3041
75	-21	21	3062	75	-21	21	3062	75	-21	21	3062	75	-21	21	3062	75	-21	21	3062	75	-21	21	3062	75	-21	21	3062	75	-21	21	3062	75	-21	21	3062	75	-21	21	3062	75	-21	21	3062	75	-21	21	3062	75	-21	21	3062	75	-21	21	3062	75	-21	21	3062	75	-21	21	3062	75	-21	21	3062	75	-21	21	3062	75	-21	21	3062	75	-21	21	3062	75	-21	21	3062	75	-21	21	3062	75	-21	21	3062	75	-21	21	3062	75	-21	21	3062
76	-13	13	3075	76	-13	13	3075	76	-13	13	3075	76	-13	13	3075	76	-13	13	3075	76	-13	13	3075	76	-13	13	3075	76	-13	13	3075	76	-13	13	3075	76	-13	13	3075	76	-13	13	3075	76	-13	13	3075	76	-13	13	3075	76	-13	13	3075	76	-13	13	3075	76	-13	13	3075	76	-13	13	3075	76	-13	13	3075	76	-13	13	3075	76	-13	13	3075	76	-13	13	3075	76	-13	13	3075	76	-13	13	3075	76	-13	13	3075	76	-13	13	3075
77	-13	13	3088	77	-13	13	3088	77	-13	13	3088	77	-13	13	3088	77	-13	13	3088	77	-13	13	3088	77	-13	13	3088	77	-13	13	3088	77	-13	13	3088	77	-13	13	3088	77	-13	13	3088	77	-13	13	3088	77	-13	13	3088	77	-13	13	3088	77	-13	13	3088	77	-13	13	3088	77	-13	13	3088	77	-13	13	3088	77	-13	13	3088	77	-13	13	3088	77	-13	13	3088	77	-13	13	3088	77	-13	13	3088	77	-13	13	3088	77	-13	13	3088
78	-121	22	3110	78	-121	22	3110	78	-121	22	3110	78	-121	22	3110	78	-121	22	3110	78	-121	22	3110	78	-121	22	3110	78	-121	22	3110	78	-121	22	3110	78	-121	22	3110	78	-121	22	3110	78	-121	22	3110	78	-121	22	3110	78	-121	22	3110	78	-121	22	3110	78	-121	22	3110	78	-121	22	3110	78	-121	22	3110	78	-121	22	3110	78	-121	22	3110	78	-121	22	3110	78	-121	22	3110	78	-121	22	3110	78	-121	22	3110	78	-121	22	3110
79	-25	25	3135	79	-25	25	3135	79	-25	25	3135	79	-25	25	3135	79	-25	25	3135	79	-25	25	3135	79	-25	25	3135	79	-25	25	3135	79	-25	25	3135	79	-25	25	3135	79	-25	25	3135	79	-25	25	3135	79	-25	25	3135	79	-25	25	3135	79	-25	25	3135	79	-25	25	3135	79	-25	25	3135	79	-25	25	3135	79	-25	25	3135	79	-25	25	3135	79	-25	25	3135	79	-25	25	3135	79	-25	25	3135	79	-25	25	3135	79	-25	25	3135
80	-13	13	3148	80	-13	13	3148	80	-13	13	3148	80	-13	13	3148	80	-13	13	3148	80	-13	13	3148	80	-13	13	3148	80	-13	13	3148	80	-13	13	3148	80	-13	13	3148	80	-13	13	3148	80	-13	13	3148	80	-13	13	3148	80	-13	13	3148	80	-13	13	3148	80	-13	13	3148	80	-13	13	3148	80	-13	13	3148	80	-13	13	3148	80	-13	13	3148	80	-13	13	3148	80	-13	13	3148	80	-13	13	3148	80	-13	13	3148	80	-13	13	3148
81	-122	23	3171	81	-122	23	3171	81	-122	23	3171	81	-122	23	3171	81	-122	23	3171	81	-122	23	3171	81	-122	23	3171	81	-122	23	3171	81	-122	23	3171	81	-122	23	3171	81	-122	23	3171	81	-122	23	3171	81	-122	23	3171	81	-122	23	3171	81	-122	23	3171	81	-122	23	3171	81	-122	23	3171	81	-122	23	3171	81	-122	23	3171	81	-122	23	3171	81	-122	23	3171	81	-122	23	3171	81	-122	23	3171	81	-122	23	3171	81	-122	23	3171
82	-13	13	3184	82	-13	13	3184	82	-13	13	3184	82	-13	13	3184	82	-13	13	3184	82	-13	13	3184	82	-13	13	3184	82	-13	13	3184	82	-13	13	3184	82	-13	13	3184	82	-13	13	3184	82	-13	13	3184	82	-13	13	3184	82	-13	13	3184	82	-13	13	3184	82	-13	13	3184	82	-13	13	3184	82	-13	13	3184	82	-13	13	3184	82	-13	13	3184	82	-13	13	3184	82	-13	13	3184	82	-13	13	3184	82	-13	13	3184	82	-13	13	3184
83	-15	15	3199	83	-15	15	3199	83	-15	15	3199	83	-15	15	3199	83	-15	15	3199	83	-15	15	3199	83	-15	15	3199	83	-15	15	3199	83	-15	15	3199	83	-15	15	3199	83	-15	15	3199	83	-15	15	3199	83	-15	15	3199	83	-15	15	3199	83	-15	15	3199	83	-15	15	3199	83	-15	15	3199	83	-15	15	3199	83	-15	15	3199	83	-15	15	3199	83	-15	15	3199	83	-15	15	3199	83	-15	15	3199	83	-15	15	3199	83	-15	15	3199
84	-13	13	3212	84	-13	13	3212	84	-13	13	3212	84	-13	13	3212	84	-13	13	3212	84	-13	13	3212	84	-13	13	3212	84	-13	13	3212	84	-13	13	3212	84	-13	13	3212	84	-13	13	3212	84	-13	13	3212	84	-13	13	3212	84	-13	13	3212	84	-13	13	3212	84	-13	13	3212	84	-13	13	3212	84	-13	13	3212	84	-13	13	3212	84	-13	13	3212	84	-13	13	3212	84	-13	13	3212	84	-13	13	3212	84	-13	13	3212	84	-13	13	3212
85	-17	17	3229	85	-17	17	3229	85	-17	17	3229	85	-17	17	3229	85	-17	17	3229	85	-17	17	3229	85	-17	17	3229	85	-17	17	3229	85	-17	17	3229	85	-17	17	3229	85	-17	17	3229	85	-17	17	3229	85	-17	17	3229	85	-17	17	3229	85	-17	17	3229	85	-17	17	3229	85	-17	17	3229	85	-17	17	3229	85	-17	17	3229	85	-17	17	3229	85	-17	17	3229	85	-17	17	3229	85	-17	17	3229	85	-17	17	3229	85	-17	17	3229
86	-121	22	3251	86	-121	22	3251	86	-121	22	3251	86	-121	22	3251	86	-121	22	3251	86	-121	22	3251	86	-121	22	3251	86	-121	22	3251	86	-121	22	3251	86	-121	22	3251	86	-121	22	3251	86	-121	22	3251	86	-121	22	3251	86	-121	22	3251	86	-121	22	3251	86	-121	22	3251	86	-121	22	3251	86	-121	22	3251	86	-121	22	3251	86	-121	22	3251	86	-121	22	3251	86	-121	22	3251	86	-121	22	3251	86	-121	22	3251	86	-121	22	3251
87	-15	15	3266	87	-15	15	3266	87	-15	15	3266	87	-15	15	3266	87	-15	15	3266	87	-15	15	3266	87	-15	15	3266	87	-15	15	3266	87	-15	15	3266	87	-15	15	3266	87	-15	15	3266	87	-15	15	3266	87	-15	15	3266	87	-15	15	3266	87	-15	15	3266	87	-15	15	3266	87	-15	15	3266	87	-15	15	3266	87	-15	15	3266	87	-15	15	3266	87	-15	15	3266	87	-15	15	3266	87	-15	15	3266	87	-15	15	3266	87	-15	15	3266
88	-13	13	3279	88	-13	13	3279	88	-13	13	3279	88	-13	13	3279	88	-13	13	3279	88	-13	13	3279	88	-13	13	3279	88	-13	13	3279	88	-13	13	3279	88	-13	13	3279	88	-13	13	3279	88	-13	13	3279	88	-13	13	3279	88	-13	13	3279	88	-13	13	3279	88	-13	13	3279	88	-13	13	3279	88	-13	13	3279	88	-13	13	3279	88	-13	13	3279	88	-13	13	3279	88	-13	13	3279	88	-13	13	3279	88	-13	13	3279	88	-13	13	3279
89	-236	38	3317	89	-236	38	3317	89	-236	38	3317	89	-236	38	3317	89	-236	38	3317	89	-236	38	3317	89	-236	38	3317	89	-236	38	3317	89	-236	38	3317	89	-236	38	3317	89	-236	38	3317	89	-236	38	3317	89	-236	38	3317	89	-236	38	3317	89	-236	38	3317	89	-236	38	3317	89	-236	38	3317	89	-236	38	3317	89	-236	38	3317	89	-236	38	3317	89	-236	38	3317	89	-236	38	3317	89	-236	38	3317	89	-236	38	3317	89	-236	38	3317
90	-13	13	3330	90	-13	13	3330	90	-13	13	3330	90	-13	13	3330	90	-13	13	3330	90	-13	13	3330	90	-13	13	3330	90	-13	13	3330	90	-13	13	3330	90	-13	13	3330	90	-13	13	3330	90	-13	13	3330	90	-13	13	3330	90	-13	13	3330	90	-13	13	3330	90	-13	13	3330	90	-13	13	3330	90	-13	13	3330	90	-13	13	3330	90	-13	13	3330	90	-13	13	3330	90	-13	13	3330	90	-13	13	3330	90	-13	13	3330	90	-13	13	3330
91	-13	13	3343	91	-13	13	3343	91	-13	13	3343	91	-13	13	3343	91	-13	13	3343	91	-13	13	3343	91	-13	13	3343	91	-13	13	3343	91	-13	13	3343	91	-13	13	3343	91	-13	13	3343	91	-13	13	3343	91	-13	13	3343	91	-13	13	3343	91	-13	13	3343	91	-13	13	3343	91	-13	13	3343	91	-13	13	3343	91	-13	13	3343	91	-13	13	3343	91	-13	13	3343	91	-13	13	3343	91	-13	13	3343	91	-13	13	3343	91	-13	13	3343
92	-118	19	3362	92	-118	19	3362	92	-118	19	3362	92	-118	19	3362	92	-118	19	3362	92	-118	19	3362	92	-118	19	3362	92	-118	19	3362	92	-118	19	3362	92	-118	19	3362	92	-118	19	3362	92	-118	19	3362	92	-118	19	3362	92	-118	19	3362	92	-118	19	3362	92	-118	19	3362	92	-118	19	3362	92	-118	19	3362	92	-118	19	3362	92	-118	19	3362	92	-118	19	3362	92	-118	19	3362	92	-118	19	3362	92	-118	19	3362	92	-118	19	3362
93	-125	26	3388	93	-125	26	3388	93	-125	26	3388	93	-125	26	3388	93	-125	26	3388	93	-125	26	3388	93	-125	26	3388	93	-125	26	3388	93	-125	26	3388	93	-125	26	3388	93	-125	26	3388	93	-125	26	3388	93	-125	26	3388	93	-125	26	3388	93	-125	26	3388	93	-125	26	3388	93	-125	26	3388	93	-125	26	3388	93	-125	26	3388	93	-125	26	3388	93	-125	26	3388	93	-125	26	3388	93	-125	26	3388	93	-125	26	3388	93	-125	26	3388
94	-130	31	3419	94	-130	31	3419	94	-130	31	3419	94	-130	31	3419	94	-130	31	3419	94	-130	31	3419	94	-130	31	3419	94	-130	31	3419	94	-130	31	3419	94	-130	31	3419	94	-130	31	3419	94	-130	31	3419	94	-130	31	3419	94	-130	31	3419	94	-130	31	3419	94	-130	31	3419	94	-130	31	3419	94	-130	31	3419	94	-130	31	3419	94	-130	31	3419	94	-130	31	3419	94	-130	31	3419	94	-130	31	3419	94	-130	31	3419	94	-130	31	3419
95	-15	15	3434	95	-15	15	3434	95	-15	15	3434	95	-15	15	3434	95	-15	15	3434	95	-15	15	3434	95	-15	15	3434	95	-15	15	3434	95	-15	15	3434	95	-15	15	3434	95	-15	15	3434	95	-15	15	3434	95	-15	15	3434	95	-15	15	3434	95	-15	15	3434	95	-15	15	3434	95	-15	15	3434	95	-15	15	3434	95	-15	15	3434	95	-15	15	3434	95	-15	15	3434	95	-15	15	3434	95	-15	15	3434	95	-15	15	3434	95	-15	15	3434
96	-15	15	3449	96	-15	15	3449	96	-15	15	3449	96	-15	15	3449	96	-15	15	3449	96	-15	15	3449	96	-15	15	3449	96	-15	15	3449	96	-15	15	3449	96	-15	15	3449	96	-15	15	3449	96	-15	15	3449	96	-15	15	3449	96	-15	15	3449	96	-15	15	3449	96	-15	15	3449	96	-15	15	3449	96	-15	15	3449	96	-15	15	3449	96	-15	15	3449	96	-15	15	3449	96	-15	15	3449	96	-15	15	3449	96	-15	15	3449	96	-15	15	3449
97	-13	13	3462	97	-13	13	3462	97	-13	13	3462	97	-13	13	3462	97	-13	13	3462	97	-13	13	3462	97	-13	13	3462	97	-13	13	3462	97	-13	13	3462	97	-13	13	3462	97	-13	13	3462	97	-13	13	3462	97	-13	13	3462	97	-13	13	3462	97	-13	13	3462	97	-13	13	3462	97	-13	13	3462	97	-13	13	3462	97	-13	13	3462	97	-13	13	3462	97	-13	13	3462	97	-13	13	3462	97	-13	13	3462	97	-13	13	3462	97	-13	13	3462
98	-13	13	3475	98	-13	13	3475	98	-13	13	3475	98	-13	13	3475	98	-13	13	3475	98	-13	13	3475	98	-13	13	3475	98	-13	13	3475	98	-13	13	3475	98	-13	13	3475	98	-13	13	3475	98	-13	13	3475	98	-13	13	3475	98	-13	13	3475	98	-13	13	3475	98	-13	13	3475	98	-13	13	3475	98	-13	13	3475	98	-13	13	3475	98	-13	13	3475	98	-13	13	3475	98	-13	13	3475	98	-13	13	3475	98	-13	13	3475	98	-13	13	3475
99	-19	19	3494	99	-19	19	3494	99	-19	19	3494	99	-19	19	3494	99	-19	19	3494	99	-19	19	3494	99	-19	19	3494	99	-19	19	3494	99	-19	19	3494	99	-19	19	3494	99	-19	19	3494	99	-19	19	3494	99	-19	19	3494	99	-19	19	3494	99	-19	19	3494	99	-19	19	3494	99	-19	19	3494	99	-19	19	3494	99	-19	19	3494	99	-19	19	3494	99	-19	19	3494	99	-19	19	3494	99	-19	19	3494	99	-19	19	3494	99	-19	19	3494
100	-17	17	3511	100	-17	17	3511	100	-17	17	3511	100	-17	17	3511	100	-17	17	3511	100	-17	17	3511	100	-17	17	3511	100	-17	17	3511	100	-17	17	3511	100	-17	17	3511	100	-17	17	3511	100	-17	17	3511	100	-17	17	3511	100	-17	17	3511	100	-17	17	3511	100	-17	17	3511	100	-17	17	3511	100	-17	17	3511	100	-17	17	3511	100	-17	17	3511	100	-17	17	3511	100	-17	17	3511	100	-17	17	3511	100	-17	17	3511	100	-17	17	3511
101	-15	15	3526	101	-15	15	3526	101	-15	15	3526	101	-15	15	3526	101	-15	15	3526	101	-15	15	3526	101	-15	15	3526	101	-15	15	3526	101	-15	15	3526	101	-15	15	3526	101	-15	15	3526	101	-15	15	3526	101	-15	15	3526	101	-15	15	3526	101	-15	15	3526	101	-15	15	3526	101	-15	15	3526	101	-15	15	3526	101	-15	15	3526	101	-15	15	3526	101	-15	15	3526	101	-15	15	3526	101	-15	15	3526	101	-15	15	3526	101	-15	15	3526
102	-117	18	3544	102	-117	18	3544	102	-117	18	3544	102	-117	18	3544	102	-117	18	3544	102	-117	18	3544	102	-117	18	3544	102	-117	18	3544	102	-117	18	3544	102	-117	18	3544	102	-117	18	3544	102	-117	18	3544	102	-117	18	3544	102	-117	18	3544	102	-117	18	3544	102	-117	18	3544	102	-117	18	3544	102	-117	18	3544	102	-117	18	3544	102	-117	18	3544	102	-117	18	3544	102	-117	18	3544	102	-117	18	3544	102	-117	18	3544	102	-117	18	3544
103	-127	28	3572	103	-127	28	3572	103	-127	28	3572	103	-127	28	3572	103	-127	28	3572	103	-127	28	3572	103	-127	28	3572	103	-127	28	3572	103	-127	28	3572	103	-127	28	3572	103	-127	28	3572	103	-127	28	3572	103	-127	28	3572	103	-127	28	3572	103	-127	28	3572	103	-127	28	3572	103	-127	28	3572	103	-127	28	3572	103	-127	28	3572	103	-127	28	3572	103	-127	28	3572	103	-127	28	3572	103	-127	28	3572	103	-127	28	3572	103	-127	28	3572
104	-120	21	3593	104	-120	21	3593	104	-120	21	3593	104	-120	21	3593	104	-120	21	3593	104	-120	21	3593	104	-120	21	3593	104	-120	21	3593	104	-120	21	3593	104	-120	21	3593	104	-120	21	3593	104	-120	21	3593	104	-120	21	3593	104	-120	21	3593	104	-120	21	3593	104	-120	21	3593	104	-120	21	3593	104	-120	21	3593	104	-120	21	3593	104	-120	21	3593	104	-120	21	3593	104	-120	21	3593	104	-120	21	3593	104	-120	21	3593	104	-120	21	3593
105	-222	24	3617	105	-222	24	3617	105	-222	24	3617	105	-222	24	3617	105	-222	24	3617	105	-222	24	3617	105	-222	24	3617	105	-222	24	3617	105	-222	24	3617	105	-222	24	3617	105	-222	24	3617	105	-222	24	3617	105	-222	24	3617	105	-222	24	3617	105	-222	24	3617	105	-222	24	3617	105	-222	24	3617	105	-222	24	3617	105	-222	24	3617	105	-222	24	3617	105	-222	24	3617	105	-222	24	3617	105	-222	24	3617	105	-222	24	3617	105	-222	24	3617
106	-236	38	3655	106	-236	38	3655	106	-236	38	3655	106	-236	38	3655	106	-236	38	3655	106	-236	38	3655	106	-236	38	3655	106	-236	38	3655	106	-236	38	3655	106	-236	38	3655	106	-236	38	3655	106	-236	38	3655	106	-236	38	3655	106	-236	38	3655	106	-236	38	3655	106	-236	38	3655	106	-236	38	3655	106	-236	38	3655	106	-236	38	3655	106	-236	38	3655	106	-236	38	3655	106	-236	38	3655	106	-236	38	3655	106	-236	38	3655	106	-236	38	3655
107	-13	13	3668	107	-13	13	3668	107	-13	13	3668	107	-13	13	3668	107	-13	13	3668	107	-13	13	3668	107	-13	13	3668	107	-13	13	3668	107	-13	13	3668	107	-13	13	3668	107	-13	13	3668	107	-13	13	3668	107	-13	13	3668	107	-13	13	3668	107	-13	13	3668	107	-13	13	3668	107	-13	13	3668	107	-13	13	3668	107	-13	13	3668	107	-13	13	3668	107	-13	13	3668	107	-13	13	3668	107	-13	13	3668	107	-13	13	3668	107	-13	13	3668
108	-15	15	3683	108	-15	15	3683	108	-15	15	3683	108	-15	15	3683	108	-15	15	3683	108	-15	15	3683	108	-15	15	3683	108	-15	15	3683	108	-15	15	3683	108	-15	15	3683	108	-15	15	3683	108	-15	15	3683	108	-15	15	3683	108	-15	15	3683	108	-15	15	3683	108	-15	15	3683	108	-15	15	3683	108	-15	15	3683	108	-15	15	3683	108	-15	15	3683	108	-15	15	3683	108	-15	15	3683	108	-15	15	3683	108	-15	15	3683	108	-15	15	3683
109	-126	27	3710	109	-126	27	3710	109	-126	27	3710	109	-126	27	3710	109	-126	27	3710	109	-126	27	3710	109	-126	27	3710	109	-126	27	3710	109	-126	27	3710	109	-126	27	3710	109	-126	27	3710	109	-126	27	3710	109	-126	27	3710	109	-126	27	3710	109	-126	27	3710	109	-126	27	3710	109	-126	27	3710	109	-126	27	3710	109	-126	27	3710	109	-126	27	3710	109	-126	27	3710	109	-126	27	3710	109	-126	27	3710	109	-126	27	3710	109	-126	27	3710
110	-233	35	3745	110	-233	35	3745	110	-233	35	3745	110	-233	35	3745	110	-233	35	3745	110	-233	35	3745	110	-233	35	3745	110	-233	35	3745	110	-233	35	3745	110	-233	35	3745	110	-233	35	3745	110	-233	35	3745	110	-233	35	3745	110	-233	35	3745	110	-233	35	3745	110	-233	35	3745	110	-233	35	3745	110	-233	35	3745	110	-233	35	3745	110	-233	35	3745	110	-233	35	3745	110	-233	35	3745	110	-233	35	3745	110	-233	35	3745	110	-233	35	3745
111	-13	13	3758	111	-13	13	3758	111	-13	13	3758	111	-13	13	3758	111	-13	13	3758	111	-13	13	3758	111	-13	13	3758	111	-13	13	3758	111	-13	13	3758	111	-13	13	3758	111	-13	13	3758	111	-13	13	3758	111	-13	13	3758	111	-13	13	3758	111	-13	13	3758	111	-13	13	3758	111	-13	13	3758	111	-13	13	3758	111	-13	13	3758	111	-13	13	3758	111	-13	13	3758	111	-13	13	3758	111	-13	13	3758	111	-13	13	3758	111	-13	13	3758
112	-15	15	3773	112	-15	15	3773	112	-15	15	3773	112	-15	15	3773	112	-15	15	3773	112	-15	15	3773	112	-15	15	3773	112	-15	15	3773	112	-15	15	3773	112	-15	15	3773	112	-15	15	3773	112	-15	15	3773	112	-15	15	3773	112	-15	15	3773	112	-15	15	3773	112	-15	15	3773	112	-15	15	3773	112	-15	15	3773	112	-15	15	3773	112	-15	15	3773	112	-15	15	3773	112	-15	15	3773	112	-15	15	3773	112	-15	15	3773	112	-15	15	3773
113	-15	15	3788	113	-15	15	3788	113	-15	15	3788	113	-15	15	3788	113	-15	15	3788	113	-15	15	3788	113	-15	15	3788	113	-15	15	3788	113	-15	15	3788	113	-15	15	3788	113	-15	15	3788	113	-15	15	3788	113	-15	15	3788	113	-15	15	3788	113	-15	15	3788	113	-15	15	3788	113	-15	15	3788	113	-15	15	3788	113	-15	15	3788	113	-15	15	3788	113	-15	15	3788	113	-15	15	3788	113	-15	15	3788	113	-15	15	3788	113	-15	15	3788
114	-17	17	3805	114	-17	17	3805	114	-17	17	3805	114	-17	17	3805	114	-17	17	3805	114	-17	17	3805	114	-17	17	3805	114	-17	17	3805	114	-17	17	3805	114	-17	17	3805	114	-17	17	3805	114	-17	17	3805	114	-17	17	3805	114	-17	17	3805	114	-17	17	3805	114	-17	17	3805	114	-17	17	3805	114	-17	17	3805	114	-17	17	3805	114	-17	17	3805	114	-17	17	3805	114	-17	17	3805	114	-17	17	3805	114	-17	17	3805	114	-17	17	3805
115	-13	13	3818	115	-13	13	3818	115	-13	13	3818	115	-13	13	3818	115	-13	13	3818	115	-13	13	3818	115	-13	13	3818	115	-13	13	3818	115	-13	13	3818	115	-13	13	3818	115	-13	13	3818	115	-13	13	3818	115	-13	13	3818	115	-13	13	3818	115	-13	13	3818	115	-13	13	3818	115	-13	13	3818	115	-13	13	3818	115	-13	13	3818	115	-13	13	3818	115	-13	13	3818	115	-13	13	3818	115	-13	13	3818	115	-13	13	3818	115	-13	13	3818
116	-335	38	3856	116	-335	38	3856	116	-335	38	3856	116	-335	38	3856	116	-335	38	3856	116	-335	38	3856	116	-335	38	3856	116	-335	38	3856	116	-335	38	3856	116	-335	38	3856	116	-335	38	3856	116	-335	38	3856	116	-335	38	3856	116	-335	38	3856	116	-335	38	3856	116	-335	38	3856	116	-335	38	3856	116	-335	38	3856	116	-335	38	3856	116	-335	38	3856	116	-335	38	3856	116	-335	38	3856	116	-335	38	3856	116	-335	38	3856	116	-335	38	3856
117	-13	13	3869	117	-13	13	3869	117	-13	13	3869	117	-13	13	3869	117	-13	13	3869	117	-13	13	3869	117	-13	13	3869	117	-13	13	3869	117	-13	13	3869	117	-13	13	3869	117	-13	13	3869	117	-13	13	3869	117	-13	13	3869	117	-13	13	3869	117	-13	13	3869	117	-13	13	3869	117	-13	13	3869	117	-13	13	3869	117	-13	13	3869	117	-13	13	3869	117	-13	13	3869	117	-13	13	3869	117	-13	13	3869	117	-13	13	3869	117	-13	13	3869
118	-17	17	3886	118	-17	17	3886	118	-17	17	3886	118	-17	17	3886	118	-17	17	3886	118	-17	17	3886	118	-17	17	3886	118	-17	17	3886	118	-17	17	3886	118	-17	17	3886	118	-17	17	3886	118	-17	17	3886	118	-17	17	3886	118	-17	17	3886	118	-17	17	3886	118	-17	17	3886	118	-17	17	3886	118	-17	17	3886	118	-17	17	3886	118	-17	17	3886	118	-17	17	3886	118	-17	17	3886	118	-17	17	3886	118	-17	17	3886	118	-17	17	3886
119	-113	14	3900	119	-113	14	3900	119	-113	14	3900	119	-113	14	3900	119	-113	14	3900	119	-113	14	3900	119	-113	14	3900	119	-113	14	3900	119	-113	14	3900	119	-113	14	3900	119	-113	14	3900	119	-113	14	3900	119	-113	14	3900	119	-113	14	3900	119	-113	14	3900	119	-113	14	3900	119	-113	14	3900	119	-113	14	3900	119	-113	14	3900	119	-113	14	3900	119	-113	14	3900	119	-113	14	3900	119	-113	14	3900	119	-113	14	3900	119	-113	14	3900
120	-29	29	3929	120	-29	29	3929	120	-29	29	3929	120	-29	29	3929	120	-29	29	3929	120	-29	29	3929	120	-29	29	3929	120	-29	29	3929	120	-29	29	3929	120	-29	29	3929	120	-29	29	3929	120	-29	29	3929	120	-29	29	3929	120	-29	29	3929	120	-29	29	3929	120	-29	29	3929	120	-29	29	3929	120	-29	29	3929	120	-29	29	3929	120	-29	29	3929	120	-29	29	3929	120	-29	29	3929	120	-29	29	3929	120	-29	29	3929	120	-29	29	3929
121	-121	22	3951	121	-121	22	3951	121	-121	22	3951	121	-121	22	3951	121	-121	22	3951	121	-121	22	3951	121	-121	22	3951	121	-121	22	3951	121	-121	22	3951	121	-121	22	3951	121	-121	22	3951	121	-121	22	3951	121	-121	22	3951	121	-121	22	3951	121	-121	22	3951	121	-121	22	3951	121	-121	22	3951	121	-121	22	3951	121	-121	22	3951	121	-121	22	3951	121	-121	22	3951	121	-121	22	3951	121	-121	22	3951	121	-121	22	3951	121	-121	22	3951
122	-13	13	3964	122	-13	13	3964	122	-13	13	3964	122	-13	13	3964	122	-13	13	3964	122	-13	13	3964	122	-13	13	3964	122	-13	13	3964	122	-13	13	3964	122	-13	13	3964	122	-13	13	3964	122	-13	13	3964	122	-13	13	3964	122	-13	13	3964	122	-13	13	3964	122	-13	13	3964	122	-13	13	3964	122	-13	13	3964	122	-13	13	3964	122	-13	13	3964	122	-13	13	3964	122	-13	13	3964	122	-13	13	3964	122	-13	13	3964	122	-13	13	3964
123	-14	14	3978	123	-14	14	3978	123	-14	14	3978	123	-14	14	3978	123	-14	14	3978	123	-14	14	3978	123	-14	14	3978	123	-14	14	3978	123	-14	14	3978	123	-14	14	3978	123	-14	14	3978	123	-14	14	3978	123	-14	14	3978	123	-14	14	3978	123	-14	14	3978	123	-14	14	3978	123	-14	14	3978	123	-14	14	3978	123	-14	14	3978	123	-14	14	3978	123	-14	14	3978	123	-14	14	3978	123	-14	14	3978	123	-14	14	3978	123	-14	14	3978
124	-15	15	3993	124	-15	15	3993	124	-15	15	3993	124	-15	15	3993	124	-15	15	3993	124	-15	15	3993	124	-15	15	3993	124	-15	15	3993	124	-15	15	3993	124	-15	15	3993	124	-15	15	3993	124	-15	15	3993	124	-15	15	3993	124	-15	15	3993	124	-15	15	3993	124	-15	15	3993	124	-15	15	3993	124	-15	15	3993	124	-15	15	3993	124	-15	15	3993	124	-15	15	3993	124	-15	15	3993	124	-15	15	3993	124	-15	15	3993	124	-15	15	3993
125	-13	13	4006	125	-13	13	4006	125	-13	13	4006	125	-13	13	4006	125	-13	13	4006	125	-13	13	4006	125	-13	13	4006	125	-13	13	4006	125	-13	13	4006	125	-13	13	4006	125	-13	13	4006	125	-13	13	4006	125	-13	13	4006	125	-13	13	4006	125	-13	13	4006	125	-13	13	4006	125	-13	13	4006	125	-13	13	4006	125	-13	13	4006	125	-13	13	4006	125	-13	13	4006	125	-13	13	4006	125	-13	13	4006	125	-13	13	4006	125	-13	13	4006
126	-13	13	4019	126	-13	13	4019	126	-13	13	4019	126	-13	13	4019	126	-13	13	4019	126	-13	13	4019	126	-13	13	4019	126	-13	13	4019	126	-13	13	4019	126	-13	13	4019	126	-13	13	4019	126	-13	13	4019	126	-13	13	4019	126	-13	13	4019	126	-13	13	4019	126	-13	13	4019	126	-13	13	4019	126	-13	13	4019	126	-13	13	4019	126	-13	13	4019	126	-13	13	4019	126	-13	13	4019	126	-13	13	4019	126	-13	13	4019	126	-13	13	4019
127	-113	14	4033	127	-113	14	4033	127	-113	14	4033	127	-113	14	4033	127	-113	14	4033	127	-113	14	4033	127	-113	14	4033	127	-113	14	4033	127	-113	14	4033	127	-113	14	4033	127	-113	14	4033	127	-113	14	4033	127	-113	14	4033	127	-113	14	4033	127	-113	14	4033	127	-113	14	4033	127	-113	14	4033	127	-113	14	4033	127	-113	14	4033	127	-113	14	4033	127	-113	14	4033	127	-113	14	4033	127	-113	14	4033	127	-113	14	4033	127	-113	14	4033
128	-13	13	4046	128	-13	13	4046	128	-13	13	4046	128	-13	13	4046	128	-13	13	4046	128	-13	13	4046	128	-13	13	4046	128	-13	13	4046	128	-13	13	4046	128	-13	13	4046	128	-13	13	4046	128	-13	13	4046	128	-13	13	4046	128	-13	13	4046	128	-13	13	4046	128	-13	13	4046	128	-13	13	4046	128	-13	13	4046	128	-13	13	4046	128	-13	13	4046	128	-13	13	4046	128	-13	13	4046	128	-13	13	4046	128	-13	13	4046	128	-13	13	4046
129	-13	13	4059	129	-13	13	4059	129	-13	13	4059	129	-13	13	4059	129	-13	13	4059	129	-13	13	4059	129	-13	13	4059	129	-13	13	4059	129	-13	13	4059	129	-13	13	4059	129	-13	13	4059	129	-13	13	4059	129	-13	13	4059	129	-13	13	4059	129	-13	13	4059	129	-13	13	4059	129	-13	13	4059	129	-13	13	4059	129	-13	13	4059	129	-13	13	4059	129	-13	13	4059	129	-13	13	4059	129	-13	13	4059	129	-13	13	4059	129	-13	13	4059
130	-15	15	4074	130	-15	15	4074	130	-15	15	4074	130	-15	15	4074	130	-15	15	4074	130	-15	15	4074	130	-15	15	4074	130	-15	15	4074	130	-15	15	4074	130	-15	15	4074	130	-15	15	4074	130	-15	15	4074	130	-15	15	4074	130	-15	15	4074	130	-15	15	4074	130	-15	15	4074	130	-15	15	4074	130	-15	15	4074	130	-15	15	4074	130	-15	15	4074	130	-15	15	4074	130	-15	15	4074	130	-15	15	4074	130	-15	15	4074	130	-15	15	4074
131	-224	26	4100	131	-224	26	4100	131	-224	26	4100	131	-224	26	4100	131	-224	26	4100	131	-224	26	4100	131	-224	26	4100	131	-224	26	4100	131	-224	26	4100	131	-224	26	4100	131	-224	26	4100	131	-224	26	4100	131	-224	26	4100	131	-224	26	4100	131	-224	26	4100	131	-224	26	4100	131	-224	26	4100	131	-224	26	4100	131	-224	26	4100	131	-224	26	4100	131	-224	26	4100	131	-224	26	4100	131	-224	26	4100	131	-224	26	4100	131	-224	26	4100
132	-20	20	4120	132	-20	20	4120	132	-20	20	4120	132	-20	20	4120	132	-20	20	4120	132	-20	20	4120	132	-20	20	4120	132	-20	20	4120	132	-20	20	4120	132	-20	20	4120	132	-20	20	4120	132	-20	20	4120	132	-20	20	4120	132	-20	20	4120	132	-20	20	4120	132	-20	20	4120	132	-20	20	4120	132	-20	20	4120	132	-20	20	4120	132	-20	20	4120	132	-20	20	4120	132	-20	20	4120	132	-20	20	4120	132	-20	20	4120	132	-20	20	4120
133	-14	14	4134	133	-14	14	4134	133	-14	14	4134	133	-14	14	4134	133	-14	14	4134	133	-14	14	4134	133	-14	14	4134	133	-14	14	4134	133	-14	14	4134	133	-14	14	4134	133	-14	14	4134	133	-14	14	4134	133	-14	14	4134	133	-14	14	4134	133	-14	14	4134	133	-14	14	4134	133	-14	14	4134	133	-14	14	4134	133	-14	14	4134	133	-14	14	4134	133	-14	14	4134	133	-14	14	4134	133	-14	14	4134	133	-14	14	4134	133	-14	14	4134
134	-13	13	4147	134	-13	13	4147	134	-13	13	4147	134	-13	13	4147	134	-13	13	4147	134	-13	13	4147	134	-13	13	4147	134	-13	13	4147	134	-13	13	4147	134	-13	13	4147	134	-13	13	4147	134	-13	13	4147	134	-13	13	4147	134	-13	13	4147	134	-13	13	4147	134	-13	13	4147	134	-13	13	4147	134	-13	13	4147	134	-13	13	4147	134	-13	13	4147	134	-13	13	4147	134	-13	13	4147	134	-13	13	4147	134	-13	13	4147	134	-13	13	4147
135	-13	13	4160	135	-13	13	4160	135	-13	13	4160	135	-13	13	4160	135	-13	13	4160	135	-13	13	4160	135	-13	13	4160	135	-13	13	4160	135	-13	13	4160	135	-13	13	4160	135	-13	13	4160	135	-13	13	4160	135	-13	13	4160	135	-13	13	4160	135	-13	13	4160	135	-13	13	4160	135	-13	13	4160	135	-13	13	4160	135	-13	13	4160	135	-13	13	4160	135	-13	13	4160	135	-13	13	4160	135	-13	13	4160	135	-13	13	4160	135	-13	13	4160
136	-13	13	4173	136	-13	13	4173	136	-13	13	4173	136	-13	13	4173	136	-13	13	4173	136	-13	13	4173	136	-13	13	4173	136	-13	13	4173	136	-13	13	4173	136	-13	13	4173	136	-13	13	4173	136	-13	13	4173	136	-13	13	4173	136	-13	13	4173	136	-13	13	4173	136	-13	13	4173	136	-13	13	4173	136	-13	13	4173	136	-13	13	4173	136	-13	13	4173	136	-13	13	4173	136	-13	13	4173	136	-13	13	4173	136	-13	13	4173	136	-13	13	4173
137	-341	44	4217	137	-341	44	4217	137	-341	44	4217	137	-341	44	4217	137	-341	44	4217	137	-341	44	4217	137	-341	44	4217	137	-341	44	4217	137	-341	44	4217	137	-341	44	4217	137	-341	44	4217	137	-341	44	4217	137	-341	44	4217	137	-341	44	4217	137	-341	44	4217	137	-341	44	4217	137	-341	44	4217	137	-341	44	4217	137	-341	44	4217	137	-341	44	4217	137	-341	44	4217	137	-341	44	4217	137	-341	44	4217	137	-341	44	4217	137	-341	44	4217
138	-113	14	4231	138	-113	14	4231	138	-113	14	4231	138	-113	14	4231	138	-113	14	4231	138	-113	14	4231	138	-113	14	4231	138	-113	14	4231	138	-113	14	4231	138	-113	14	4231	138	-113	14	4231	138	-113	14	4231	138	-113	14	4231	138	-113	14	4231	138	-113	14	4231	138	-113	14	4231	138	-113	14	4231	138	-113	14	4231	138	-113	14	4231	138	-113	14	4231	138	-113	14	4231	138	-113	14	4231	138	-113	14	4231	138	-113	14	4231	138	-113	14	4231
139	-13	13	4244	139	-13	13	4244	139	-13	13	4244	139	-13	13	4244	139	-13	13	4244	139	-13	13	4244	139	-13	13	4244	139	-13	13	4244	139	-13	13	4244	139	-13	13	4244	139	-13	13	4244	139	-13	13	4244	139	-13	13	4244	139	-13	13	4244	139	-13	13	4244	139	-13	13	4244	139	-13	13	4244	139	-13	13	4244	139	-13	13	4244	139	-13	13	4244	139	-13	13	4244	139	-13	13	4244	139	-13	13	4244	139	-13	13	4244	139	-13	13	4244
140	-17	17	4261	140	-17	17	4261	140	-17	17	4261	140	-17	17	4261	140	-17	17	4261	140	-17	17	4261	140	-17	17	4261	140	-17	17	4261	140	-17	17	4261	140	-17	17	4261	140	-17	17	4261	140	-17	17	4261	140	-17	17	4261	140	-17	17	4261	140	-17	17	4261	140	-17	17	4261	140	-17	17	4261	140	-17	17	4261	140	-17	17	4261	140	-17	17	4261	140	-17	17	4261	140	-17	17	4261	140	-17	17	4261	140	-17	17	4261	140	-17	17	4261
141	-17	17	4278	141	-17	17	4278	141	-17	17	4278	141	-17	17	4278	141	-17	17	4278	141	-17	17	4278	141	-17	17	4278	141	-17	17	4278	141	-17	17	4278	141	-17	17	4278	141	-17	17	4278	141	-17	17	4278	141	-17	17	4278	141	-17	17	4278	141	-17	17	4278	141	-17	17	4278	141	-17	17	4278	141	-17	17	4278	141	-17	17	4278	141	-17	17	4278	141	-17	17	4278	141	-17	17	4278	141	-17	17	4278	141	-17	17	4278	141	-17	17	4278
142	-15	15	4293	142	-15	15	4293	142	-15	15	4293	142	-15	15	4293	142	-15	15	4293	142	-15	15	4293	142	-15	15	4293	142	-15	15	4293	142	-15	15	4293	142	-15	15	4293	142	-15	15	4293	142	-15	15	4293	142	-15	15	4293	142	-15	15	4293	142	-15	15	4293	142	-15	15	4293	142	-15	15	4293	142	-15	15	4293	142	-15	15	4293	142	-15	15	4293	142	-15	15	4293	142	-15	15	4293	142	-15	15	4293	142	-15	15	4293	142	-15	15	4293
143	-13	13	4306	143	-13	13	4306	143	-13	13	4306	143	-13	13	4306	143	-13	13	4306	143	-13	13	4306	143	-13	13	4306	143	-13	13	4306	143	-13	13	4306	143	-13	13	4306	143	-13	13	4306	143	-13	13	4306	143	-13	13	4306	143	-13	13	4306	143	-13	13	4306	143	-13	13	4306	143	-13	13	4306	143	-13	13	4306	143	-13	13	4306	143	-13	13	4306	143	-13	13	4306	143	-13	13	4306	143	-13	13	4306	143	-13	13	4306	143	-13	13	4306
144	-13	13	4319	144	-13	13	4319	144	-13	13	4319	144	-13	13	4319	144	-13	13	4319	144	-13	13	4319	144	-13	13	4319	144	-13	13	4319	144	-13	13	4319	144	-13	13	4319	144	-13	13	4319	144	-13	13	4319	144	-13	13	4319	144	-13	13	4319	144	-13	13	4319	144	-13	13	4319	144	-13	13	4319	144	-13	13	4319	144	-13	13	4319	144	-13	13	4319	144	-13	13	4319	144	-13	13	4319	144	-13	13	4319	144	-13	13	4319	144	-13	13	4319
145	-125	26	4345	145	-125	26	4345	145	-125	26	4345	145	-125	26	4345	145	-125	26	4345	145	-125	26	4345	145	-125	26	4345	145	-125	26	4345	145	-125	26	4345	145	-125	26	4345	145	-125	26	4345	145	-125	26	4345	145	-125	26	4345	145	-125	26	4345	145	-125	26	4345	145	-125	26	4345	145	-125	26	4345	145	-125	26	4345	145	-125	26	4345	145	-125	26	4345	145	-125	26	4345	145	-125	26	4345	145	-125	26	4345	145	-125	26	4345	145	-125	26	4345
146	-14	14	4359	146	-14	14	4359	146	-14	14	4359	146	-14	14	4359	146	-14	14	4359	146	-14	14	4359	146	-14	14	4359	146	-14	14	4359	146	-14	14	4359	146	-14	14	4359	146	-14	14	4359	146	-14	14	4359	146	-14	14	4359	146	-14	14	4359	146	-14	14	4359	146	-14	14	4359	146	-14	14	4359	146	-14	14	4359	146	-14	14	4359	146	-14	14	4359	146	-14	14	4359	146	-14	14	4359	146	-14	14	4359	146	-14	14	4359	146	-14	14	4359
147	-13	13	4372	147	-13	13	4372	147	-13	13	4372	147	-13	13	4372	147	-13	13	4372	147	-13	13	4372	147	-13	13	4372	147	-13	13	4372	147	-13	13	4372	147	-13	13	4372	147	-13	13	4372	147	-13	13	4372	147	-13	13	4372	147	-13	13	4372	147	-13	13	4372	147	-13	13	4372	147	-13	13	4372	147	-13	13	4372	147	-13	13	4372	147	-13	13	4372	147	-13	13	4372	147	-13	13	4372	147	-13	13	4372	147	-13	13	4372	147	-13	13	4372
148	-22	22	4394	148	-22	22	4394	148	-22	22	4394	148	-22	22	4394	148	-22	22	4394	148	-22	22	4394	148	-22	22	4394	148	-22	22	4394	148	-22	22	4394	148	-22	22	4394	148	-22	22	4394	148	-22	22	4394	148	-22	22	4394	148	-22	22	4394	148	-22	22	4394	148	-22	22	4394	148	-22	22	4394	148	-22	22	4394	148	-22	22	4394	148	-22	22	4394	148	-22	22	4394	148	-22	22	4394	148	-22	22	4394	148	-22	22	4394	148	-22	22	4394
149	-13	13	4407	149	-13	13	4407	149	-13	13	4407	149	-13	13	4407	149	-13	13	4407	149	-13	13	4407	149	-13	13	4407	149	-13	13	4407	149	-13	13	4407	149	-13	13	4407	149	-13	13	4407	149	-13	13	4407	149	-13	13	4407	149	-13	13	4407	149	-13	13	4407	149	-13	13	4407	149	-13	13	4407	149	-13	13	4407	149	-13	13	4407	149	-13	13	4407	149	-13	13	4407	149	-13	13	4407	149	-13	13	4407	149	-13	13	4407	149	-13	13	4407
150	-13	13	4420	150	-13	13	4420	150	-13	13	4420	150	-13	13	4420	150	-13	13	4420	150	-13	13	4420	150	-13	13	4420	150	-13	13	4420	150	-13	13	4420	150	-13	13	4420	150	-13	13	4420	150	-13	13	4420	150	-13	13	4420	150	-13	13	4420	150	-13	13	4420	150	-13	13	4420	150	-13	13	4420	150	-13	13	4420	150	-13	13	4420	150	-13	13	4420	150	-13	13	4420	150	-13	13	4420	150	-13	13	4420	150	-13	13	4420	150	-13	13	4420
151	-17	17	4437	151	-17	17	4437	151	-17	17	4437	151	-17	17	4437	151	-17	17	4437	151	-17	17	4437	151	-17	17	4437	151	-17	17	4437	151	-17	17	4437	151	-17	17	4437	151	-17	17	4437	151	-17	17	4437	151	-17	17	4437	151	-17	17	4437	151	-17	17	4437	151	-17	17	4437	151	-17	17	4437	151	-17	17	4437	151	-17	17	4437	151	-17	17	4437	151	-17	17	4437	151	-17	17	4437	151	-17	17	4437	151	-17	17	4437	151	-17	17	4437
152	-19	19	4456	152	-19	19	4456	152	-19	19	4456	152	-19	19	4456	152	-19	19	4456	152	-19	19	4456	152	-19	19	4456	152	-19	19	4456	152	-19	19	4456	152	-19	19	4456	152	-19	19	4456	152	-19	19	4456	152	-19	19	4456	152	-19	19	4456	152	-19	19	4456	152	-19	19	4456	152	-19	19	4456	152	-19	19	4456	152	-19	19	4456	152	-19	19	4456	152	-19	19	4456	152	-19	19	4456	152	-19	19	4456	152	-19	19	4456	152	-19	19	4456
153	-227	29	4485	153	-227	29	4485	153	-227	29	4485	153	-227	29	4485	153	-227	29	4485	153	-227	29	4485	153	-227	29	4485	153	-227	29	4485	153	-227	29	4485	153	-227	29	4485	153	-227	29	4485	153	-227	29	4485	153	-227	29	4485	153	-227	29	4485	153	-227	29	4485	153	-227	29	4485	153	-227	29	4485	153	-227	29	4485	153	-227	29	4485	153	-227	29	4485	153	-227	29	4485	153	-227	29	4485	153	-227	29	4485	153	-227	29	4485	153	-227	29	4485
154	-13	13	4498	154	-13	13	4498	154	-13	13	4498	154	-13	13	4498	154	-13	13	4498	154	-13	13	4498	154	-13	13	4498	154	-13	13	4498	154	-13	13	4498	154	-13	13	4498	154	-13	13	4498	154	-13	13	4498	154	-13	13	4498	154	-13	13	4498	154	-13	13	4498	154	-13	13	4498	154	-13	13	4498	154	-13	13	4498	154	-13	13	4498	154	-13	13	4498	154	-13	13	4498	154	-13	13	4498	154	-13	13	4498	154	-13	13	4498	154	-13	13	4498
155	-15	15	4513	155	-15	15	4513	155	-15	15	4513	155	-15	15	4513	155	-15	15	4513	155	-15	15	4513	155	-15	15	4513	155	-15	15	4513	155	-15	15	4513	155	-15	15	4513	155	-15	15	4513	155	-15	15	4513	155	-15	15	4513	155	-15	15	4513	155	-15	15	4513	155	-15	15	4513	155	-15	15	4513	155	-15	15	4513	155	-15	15	4513	155	-15	15	4513	155	-15	15	4513	155	-15	15	4513	155	-15	15	4513	155	-15	15	4513	155	-15	15	4513
156	-126	27	4540	156	-126	27	4540	156	-126	27	4540	156	-126	27	4540	156	-126	27	4540	156	-126	27	4540	156	-126	27	4540	156	-126	27	4540	156	-126	27	4540	156	-126	27	4540	156	-126	27	4540	156	-126	27	4540	156	-126	27	4540	156	-126	27	4540	156	-126	27	4540	156	-126	27	4540	156	-126	27	4540	156	-126	27	4540	156	-126	27	4540	156	-126	27	4540	156	-126	27	4540	156	-126	27	4540	156	-126	27	4540	156	-126	27	4540	156	-126	27	4540
157	-13	13	4553	157	-13	13	4553	157	-13	13	4553	157	-13	13	4553	157	-13	13	4553	157	-13	13	4553	157	-13	13	4553	157	-13	13	4553	157	-13	13	4553	157	-13	13	4553	157	-13	13	4553	157	-13	13	4553	157	-13	13	4553	157	-13	13	4553	157	-13	13	4553	157	-13	13	4553	157	-13	13	4553	157	-13	13	4553	157	-13	13	4553	157	-13	13	4553	157	-13	13	4553	157	-13	13	4553	157	-13	13	4553	157	-13	13	4553	157	-13	13	4553
158	-134	35	4588	158	-134	35	4588	158	-134	35	4588	158	-134	35	4588	158	-134	35	4588	158	-134	35	4588	158	-134	35	4588	158	-134	35	4588	158	-134	35	4588	158	-134	35	4588	158	-134	35	4588	158	-134	35	4588	158	-134	35	4588	158	-134	35	4588	158	-134	35	4588	158	-134	35	4588	158	-134	35	4588	158	-134	35	4588	158	-134	35	4588	158	-134	35	4588	158	-134	35	4588	158	-134	35	4588	158	-134	35	4588	158	-134	35	4588	158	-134	35	4588
159	-226	28	4616	159	-226	28	4616	159	-226	28	4616	159	-226	28	4616	159	-226	28	4616	159	-226	28	4616	159	-226	28	4616	159	-226	28	4616	159	-226	28	4616	159	-226	28	4616	159	-226	28	4616	159	-226	28	4616	159	-226	28	4616	159	-226	28	4616	159	-226	28	4616	159	-226	28	4616	159	-226	28	4616	159	-226	28	4616	159	-226	28	4616	159	-226	28	4616	159	-226	28	4616	159	-226	28	4616	159	-226	28	4616	159	-226	28	4616	159	-226	28	4616
160	-15	15	4631	160	-15	15	4631	160	-15	15	4631	160	-15	15	4631	160	-15	15	4631	160	-15	15	4631	160	-15	15	4631	160	-15	15	4631	160	-15	15	4631	160	-15	15	4631	160	-15	15	4631	160	-15	15	4631	160	-15	15	4631	160	-15	15	4631	160	-15	15	4631	160	-15	15	4631	160	-15	15	4631	160	-15	15	4631	160	-15	15	4631	160	-15	15	4631	160	-15	15	4631	160	-15	15	4631	160	-15	15	4631	160	-15	15	4631	160	-15	15	4631
161	-13	13	4644	161	-13	13	4644	161	-13	13	4644	161	-13	13	4644	161	-13	13	4644	161	-13	13	4644	161	-13	13	4644	161	-13	13	4644	161	-13	13	4644	161	-13	13	4644	161	-13	13	4644	161	-13	13	4644	161	-13	13	4644	161	-13	13	4644	161	-13	13	4644	161	-13	13	4644	161	-13	13	4644	161	-13	13	4644	161	-13	13	4644	161	-13	13	4644	161	-13	13	4644	161	-13	13	4644	161	-13	13	4644	161	-13	13	4644	161	-13	13	4644
162	-15	15	4659	162	-15	15	4659	162	-15	15	4659	162	-15	15	4659	162	-15	15	4659	162	-15	15	4659	162	-15	15	4659	162	-15	15	4659	162	-15	15	4659	162	-15	15	4659	162	-15	15	4659	162	-15	15	4659	162	-15	15	4659	162	-15	15	4659	162	-15	15	4659	162	-15	15	4659	162	-15	15	4659	162	-15	15	4659	162	-15	15	4659	162	-15	15	4659	162	-15	15	4659	162	-15	15	4659	162	-15	15	4659	162	-15	15	4659	162	-15	15	4659
163	-15	15	4674	163	-15	15	4674	163	-15	15	4674	163	-15	15	4674	163	-15	15	4674	163	-15	15	4674	163	-15	15	4674	163	-15	15	4674	163	-15	15	4674	163	-15	15	4674	163	-15	15	4674	163	-15	15	4674	163	-15	15	4674	163	-15	15	4674	163	-15	15	4674	163	-15	15	4674	163	-15	15	4674	163	-15	15	4674	163	-15	15	4674	163	-15	15	4674	163	-15	15	4674	163	-15	15	4674	163	-15	15	4674	163	-15	15	4674	163	-15	15	4674
164	-116	17	4691	164	-116	17	4691	164	-116	17	4691	164	-116	17	4691	164	-116	17	4691	164	-116	17	4691	164	-116	17	4691	164	-116	17	4691	164	-116	17	4691	164	-116	17	4691	164	-116	17	4691	164	-116	17	4691	164	-116	17	4691	164	-116	17	4691	164	-116	17	4691	164	-116	17	4691	164	-116	17	4691	164	-116	17	4691	164	-116	17	4691	164	-116	17	4691	164	-116	17	4691	164	-116	17	4691	164	-116	17	4691	164	-116	17	4691	164	-116	17	4691
165	-125	26	4717	165	-125	26	4717	165	-125	26	4717	165	-125	26	4717	165	-125	26	4717	165	-125	26	4717	165	-125	26	4717	165	-125	26	4717	165	-125	26	4717	165	-125	26	4717	165	-125	26	4717	165	-125	26	4717	165	-125	26	4717	165	-125	26	4717	165	-125	26	4717	165	-125	26	4717	165	-125	26	4717	165	-125	26	4717	165	-125	26	4717	165	-125	26	4717	165	-125	26	4717	165	-125	26	4717	165	-125	26	4717	165	-125	26	4717	165	-125	26	4717
166	-16	16	4733	166	-16	16	4733	166	-16	16	4733	166	-16	16	4733	166	-16	16	4733	166	-16	16	4733	166	-16	16	4733	166	-16	16	4733	166	-16	16	4733	166	-16	16	4733	166	-16	16	4733	166	-16	16	4733	166	-16	16	4733	166	-16	16	4733	166	-16	16	4733	166	-16	16	4733	166	-16	16	4733	166	-16	16	4733	166	-16	16	4733	166	-16	16	4733	166	-16	16	4733	166	-16	16	4733	166	-16	16	4733	166	-16	16	4733	166	-16	16	4733
167	-13	13	4746	167	-13	13	4746	167	-13	13	4746	167	-13	13	4746	167	-13	13	4746	167	-13	13	4746	167	-13	13	4746	167	-13	13	4746	167	-13	13	4746	167	-13	13	4746	167	-13	13	4746	167	-13	13	4746	167	-13	13	4746	167	-13	13	4746	167	-13	13	4746	167	-13	13	4746	167	-13	13	4746	167	-13	13	4746	167	-13	13	4746	167	-13	13	4746	167	-13	13	4746	167	-13	13	4746	167	-13	13	4746	167	-13	13	4746	167	-13	13	4746
168	-13	13	4759	168	-13	13	4759	168	-13	13	4759	168	-13	13	4759	168	-13	13	4759	168	-13	13	4759	168	-13	13	4759	168	-13	13	4759	168	-13	13	4759	168	-13	13	4759	168	-13	13	4759	168	-13	13	4759	168	-13	13	4759	168	-13	13	4759	168	-13	13	4759	168	-13	13	4759	168	-13	13	4759	168	-13	13	4759	168	-13	13	4759	168	-13	13	4759	168	-13	13	4759	168	-13	13	4759	168	-13	13	4759	168	-13	13	4759	168	-13	13	4759
169	-120	21	4780	169	-120	21	4780	169	-120	21	4780	169	-120	21	4780	169	-120	21	4780	169	-120	21	4780	169	-120	21	4780	169	-120	21	4780	169	-120	21	4780	169	-120	21	4780	169	-120	21	4780	169	-120	21	4780	169	-120	21	4780	169	-120	21	4780	169	-120	21	4780	169	-120	21	4780	169	-120	21	4780	169	-120	21	4780	169	-120	21	4780	169	-120	21	4780	169	-120	21	4780	169	-120	21	4780	169	-120	21	4780	169	-120	21	4780	169	-120	21	4780
170	-17	17	4797	170	-17	17	4797	170	-17	17	4797	170	-17	17	4797	170	-17	17	4797	170	-17	17	4797	170	-17	17	4797	170	-17	17	4797	170	-17	17	4797	170	-17	17	4797	170	-17	17	4797	170	-17	17	4797	170	-17	17	4797	170	-17	17	4797	170	-17	17	4797	170	-17	17	4797	170	-17	17	4797	170	-17	17	4797	170	-17	17	4797	170	-17	17	4797	170	-17	17	4797	170	-17	17	4797	170	-17	17	4797	170	-17	17	4797	170	-17	17	4797
171	-13	13	4810	171	-13	13	4810	171	-13	13	4810	171	-13	13	4810	171	-13	13	4810	171	-13	13	4810	171	-13	13	4810	171	-13	13	4810	171	-13	13	4810	171	-13	13	4810	171	-13	13	4810	171	-13	13	4810	171	-13	13	4810	171	-13	13	4810	171	-13	13	4810	171	-13	13	4810	171	-13	13	4810	171	-13	13	4810	171	-13	13	4810	171	-13	13	4810	171	-13	13	4810	171	-13	13	4810	171	-13	13	4810	171	-13	13	4810	171	-13	13	4810
172	-120	21	4831	172	-120	21	4831	172	-120	21	4831	172	-120	21	4831	172	-120	21	4831	172	-120	21	4831	172	-120	21	4831	172	-120	21	4831	172	-120	21	4831	172	-120	21	4831	172	-120	21	4831	172	-120	21	4831	172	-120	21	4831	172	-120	21	4831	172	-120	21	4831	172	-120	21	4831	172	-120	21	4831	172	-120	21	4831	172	-120	21	4831	172	-120	21	4831	172	-120	21	4831	172	-120	21	4831	172	-120	21	4831	172	-120	21	4831	172	-120	21	4831
173	-13	13	4844	173	-13	13	4844	173	-13	13	4844	173	-13	13	4844	173	-13	13	4844	173	-13	13	4844	173	-13	13	4844	173	-13	13	4844	173	-13	13	4844	173	-13	13	4844	173	-13	13	4844	173	-13	13	4844	173	-13	13	4844	173	-13	13	4844	173	-13	13	4844	173	-13	13	4844	173	-13	13	4844	173	-13	13	4844	173	-13	13	4844	173	-13	13	4844	173	-13	13	4844	173	-13	13	4844	173	-13	13	4844	173	-13	13	4844	173	-13	13	4844
174	-13	13	4857	174	-13	13	4857	174	-13	13	4857	174	-13	13	4857	174	-13	13	4857	174	-13	13	4857	174	-13	13	4857	174	-13	13	4857	174	-13	13	4857	174	-13	13	4857	174	-13	13	4857	174	-13	13	4857	174	-13	13	4857	174	-13	13	4857	174	-13	13	4857	174	-13	13	4857	174	-13	13	4857	174	-13	13	4857	174	-13	13	4857	174	-13	13	4857	174	-13	13	4857	174	-13	13	4857	174	-13	13	4857	174	-13	13	4857	174	-13	13	4857
175	-13	13	4870	175	-13	13	4870	175	-13	13	4870	175	-13	13	4870	175	-13	13	4870	175	-13	13	4870	175	-13	13	4870	175	-13	13	4870	175	-13	13	4870	175	-13	13	4870	175	-13	13	4870	175	-13	13	4870	175	-13	13	4870	175	-13	13	4870	175	-13	13	4870	175	-13	13	4870	175	-13	13	4870	175	-13	13	4870	175	-13	13	4870	175	-13	13	4870	175	-13	13	4870	175	-13	13	4870	175	-13	13	4870	175	-13	13	4870	175	-13	13	4870
176	-13	13	4883	176	-13	13	4883	176	-13	13	4883	176	-13	13	4883	176	-13	13	4883	176	-13	13	4883	176	-13	13	4883	176	-13	13	4883	176	-13	13	4883	176	-13	13	4883	176	-13	13	4883	176	-13	13	4883	176	-13	13	4883	176	-13	13	4883	176	-13	13	4883	176	-13	13	4883	176	-13	13	4883	176	-13	13	4883	176	-13	13	4883	176	-13	13	4883	176	-13	13	4883	176	-13	13	4883	176	-13	13	4883	176	-13	13	4883	176	-13	13	4883
177	-13	13	4896	177	-13	13	4896	177	-13	13	4896	177	-13	13	4896	177	-13	13	4896	177	-13	13	4896	177	-13	13	4896	177	-13	13	4896	177	-13	13	4896	177	-13	13	4896	177	-13	13	4896	177	-13	13	4896	177	-13	13	4896	177	-13	13	4896	177	-13	13	4896	177	-13	13	4896	177	-13	13	4896	177	-13	13	4896	177	-13	13	4896	177	-13	13	4896	177	-13	13	4896	177	-13	13	4896	177	-13	13	4896	177	-13	13	4896	177	-13	13	4896
178	-13	13	4909	178	-13	13	4909	178	-13	13	4909	178	-13	13	4909	178	-13	13	4909	178	-13	13	4909	178	-13	13	4909	178	-13	13	4909	178	-13	13	4909	178	-13	13	4909	178	-13	13	4909	178	-13	13	4909	178	-13	13	4909	178	-13	13	4909	178	-13	13	4909	178	-13	13	4909	178	-13	13	4909	178	-13	13	4909	178	-13	13	4909	178	-13	13	4909	178	-13	13	4909	178	-13	13	4909	178	-13	13	4909	178	-13	13	4909	178	-13	13	4909
179	-15	15	4924	179	-15	15	4924	179	-15	15	4924	179	-15	15	4924	179	-15	15	4924	179	-15	15	4924	179	-15	15	4924	179	-15	15	4924	179	-15	15	4924	179	-15	15	4924	179	-15	15	4924	179	-15	15	4924	179	-15	15	4924	179	-15	15	4924	179	-15	15	4924	179	-15	15	4924	179	-15	15	4924	179	-15	15	4924	179	-15	15	4924	179	-15	15	4924	179	-15	15	4924	179	-15	15	4924	179	-15	15	4924	179	-15	15	4924	179	-15	15	4924
180	-14	14	4938	180	-14	14	4938	180	-14	14	4938	180	-14	14	4938	180	-14	14	4938	180	-14	14	4938	180	-14	14	4938	180	-14	14	4938	180	-14	14	4938	180	-14	14	4938	180	-14	14	4938	180	-14	14	4938	180	-14	14	4938	180	-14	14	4938	180	-14	14	4938	180	-14	14	4938	180	-14	14	4938	180	-14	14	4938	180	-14	14	4938	180	-14	14	4938	180	-14	14	4938	180	-14	14	4938	180	-14	14	4938	180	-14	14	4938	180	-14	14	4938
181	-13	13	4951	181	-13	13	4951	181	-13	13	4951	181	-13	13	4951	181	-13	13	4951	181	-13	13	4951	181	-13	13	4951	181	-13	13	4951	181	-13	13	4951	181	-13	13	4951	181	-13	13	4951	181	-13	13	4951	181	-13	13	4951	181	-13	13	4951	181	-13	13	4951	181	-13	13	4951	181	-13	13	4951	181	-13	13	4951	181	-13	13	4951	181	-13	13	4951	181	-13	13	4951	181	-13	13	4951	181	-13	13	4951	181	-13	13	4951	181	-13	13	4951
182	-123	24	4975	182	-123	24	4975	182	-123	24	4975	182	-123	24	4975	182	-123	24	4975	182	-123	24	4975	182	-123	24	4975	182	-123	24	4975	182	-123	24	4975	182	-123	24	4975	182	-123	24	4975	182	-123	24	4975	182	-123	24	4975	182	-123	24	4975	182	-123	24	4975	182	-123	24	4975	182	-123	24	4975	182	-123	24	4975	182	-123	24	4975	182	-123	24	4975	182	-123	24	4975	182	-123	24	4975	182	-123	24	4975	182	-123	24	4975	182	-123	24	4975
183	-117	18	4993	183	-117	18	4993	183	-117	18	4993	183	-117	18	4993	183	-117	18	4993	183	-117	18	4993	183	-117	18	4993	183	-117	18	4993	183	-117	18	4993	183	-117	18	4993	183	-117	18	4993	183	-117	18	4993	183	-117	18	4993	183	-117	18	4993	183	-117	18	4993	183	-117	18	4993	183	-117	18	4993	183	-117	18	4993	183	-117	18	4993	183	-117	18	4993	183	-117	18	4993	183	-117	18	4993	183	-117	18	4993	183	-117	18	4993	183	-117	18	4993
184	-13	13	5006	184	-13	13	5006	184	-13	13	5006	184	-13	13	5006	184	-13	13	5006	184	-13	13	5006	184	-13	13	5006	184	-13	13	5006	184	-13	13	5006	184	-13	13	5006	184	-13	13	5006	184	-13	13	5006	184	-13	13	5006	184	-13	13	5006	184	-13	13	5006	184	-13	13	5006	184	-13	13	5006	184	-13	13	5006	184	-13	13	5006	184	-13	13	5006	184	-13	13	5006	184	-13	13	5006	184	-13	13	5006	184	-13	13	5006	184	-13	13	5006
185	-15	15	5021	185	-15	15	5021	185	-15	15	5021	185	-15	15	5021	185	-15	15	5021	185	-15	15	5021	185	-15	15	5021	185	-15	15	5021	185	-15	15	5021	185	-15	15	5021	185	-15	15	5021	185	-15	15	5021	185	-15	15	5021	185	-15	15	5021	185	-15	15	5021	185	-15	15	5021	185	-15	15	5021	185	-15	15	5021	185	-15	15	5021	185	-15	15	5021	185	-15	15	5021	185	-15	15	5021	185	-15	15	5021	185	-15	15	5021	185	-15	15	5021
186	-15	15	5036	186	-15	15	5036	186	-15	15	5036	186	-15	15	5036	186	-15	15	5036	186	-15	15	5036	186	-15	15	5036	186	-15	15	5036	186	-15	15	5036	186	-15	15	5036	186	-15	15	5036	186	-15	15	5036	186	-15	15	5036	186	-15	15	5036	186	-15	15	5036	186	-15	15	5036	186	-15	15	5036	186	-15	15	5036	186	-15	15	5036	186	-15	15	5036	186	-15	15	5036	186	-15	15	5036	186	-15	15	5036	186	-15	15	5036	186	-15	15	5036
187	-13	13	5049	187	-13	13	5049	187	-13	13	5049	187	-13	13	5049	187	-13	13	5049	187	-13	13	5049	187	-13	13	5049	187	-13	13	5049	187	-13	13	5049	187	-13	13	5049	187	-13	13	5049	187	-13	13	5049	187	-13	13	5049	187	-13	13	5049	187	-13	13	5049	187	-13	13	5049	187	-13	13	5049	187	-13	13	5049	187	-13	13	5049	187	-13	13	5049	187	-13	13	5049	187	-13	13	5049	187	-13	13	5049	187	-13	13	5049	187	-13	13	5049
188	-13	13	5062	188	-13	13	5062	188	-13	13	5062	188	-13	13	5062	188	-13	13	5062	188	-13	13	5062	188	-13	13	5062	188	-13	13	5062	188	-13	13	5062	188	-13	13	5062	188	-13	13	5062	188	-13	13	5062	188	-13	13	5062	188	-13	13	5062	188	-13	13	5062	188	-13	13	5062	188	-13	13	5062	188	-13	13	5062	188	-13	13	5062	188	-13	13	5062	188	-13	13	5062	188	-13	13	5062	188	-13	13	5062	188	-13	13	5062	188	-13	13	5062
189	-13	13	5075	189	-13	13	5075	189	-13	13	5075	189	-13	13	5075	189	-13	13	5075	189	-13	13	5075	189	-13	13	5075	189	-13	13	5075	189	-13	13	5075	189	-13	13	5075	189	-13	13	5075	189	-13	13	5075	189	-13	13	5075	189	-13	13	5075	189	-13	13	5075	189	-13	13	5075	189	-13	13	5075	189	-13	13	5075	189	-13	13	5075	189	-13	13	5075	189	-13	13	5075	189	-13	13	5075	189	-13	13	5075	189	-13	13	5075	189	-13	13	5075
190	-16	16	5091	190	-16	16	5091	190	-16	16	5091	190	-16	16	5091	190	-16	16	5091	190	-16	16	5091	190	-16	16	5091	190	-16	16	5091	190	-16	16	5091	190	-16	16	5091	190	-16	16	5091	190	-16	16	5091	190	-16	16	5091	190	-16	16	5091	190	-16	16	5091	190	-16	16	5091	190	-16	16	5091	190	-16	16	5091	190	-16	16	5091	190	-16	16	5091	190	-16	16	5091	190	-16	16	5091	190	-16	16	5091	190	-16	16	5091	190	-16	16	5091
191	-13	13	5104	191	-13	13	5104	191	-13	13	5104	191	-13	13	5104	191	-13	13	5104	191	-13	13	5104	191	-13	13	5104	191	-13	13	5104	191	-13	13	5104	191	-13	13	5104	191	-13	13	5104	191	-13	13	5104	191	-13	13	5104	191	-13	13	5104	191	-13	13	5104	191	-13	13	5104	191	-13	13	5104	191	-13	13	5104	191	-13	13	5104	191	-13	13	5104	191	-13	13	5104	191	-13	13	5104	191	-13	13	5104	191	-13	13	5104	191	-13	13	5104
192	-14	14	5118	192	-14	14	5118	192	-14	14	5118	192	-14	14	5118	192	-14	14	5118	192	-14	14	5118	192	-14	14	5118	192	-14	14	5118	192	-14	14	5118	192	-14	14	5118	192	-14	14	5118	192	-14	14	5118	192	-14	14	5118	192	-14	14	5118	192	-14	14	5118	192	-14	14	5118	192	-14	14	5118	192	-14	14	5118	192	-14	14	5118	192	-14	14	5118	192	-14	14	5118	192	-14	14	5118	192	-14	14	5118	192	-14	14	5118	192	-14	14	5118
193	-13	13	5131	193	-13	13	5131	193	-13	13	5131	193	-13	13	5131	193	-13	13	5131	193	-13	13	5131	193	-13	13	5131	193	-13	13	5131	193	-13	13	5131	193	-13	13	5131	193	-13	13	5131	193	-13	13	5131	193	-13	13	5131	193	-13	13	5131	193	-13	13	5131	193	-13	13	5131	193	-13	13	5131	193	-13	13	5131	193	-13	13	5131	193	-13	13	5131	193	-13	13	5131	193	-13	13	5131	193	-13	13	5131	193	-13	13	5131	193	-13	13	5131
194	-121	22	5153	194	-121	22	5153	194	-121	22	5153	194	-121	22	5153	194	-121	22	5153	194	-121	22	5153	194	-121	22	5153	194	-121	22	5153	194	-121	22	5153	194	-121	22	5153	194	-121	22	5153	194	-121	22	5153	194	-121	22	5153	194	-121	22	5153	194	-121	22	5153	194	-121	22	5153	194	-121	22	5153	194	-121	22	5153	194	-121	22	5153	194	-121	22	5153	194	-121	22	5153	194	-121	22	5153	194	-121	22	5153	194	-121	22	5153	194	-121	22	5153
195	-13	13	5166	195	-13	13	5166	195	-13	13	5166	195	-13	13	5166	195	-13	13	5166	195	-13	13	5166	195	-13	13	5166	195	-13	13	5166	195	-13	13	5166	195	-13	13	5166	195	-13	13	5166	195	-13	13	5166	195	-13	13	5166	195	-13	13	5166	195	-13	13	5166	195	-13	13	5166	195	-13	13	5166	195	-13	13	5166	195	-13	13	5166	195	-13	13	5166	195	-13	13	5166	195	-13	13	5166	195	-13	13	5166	195	-13	13	5166	195	-13	13	5166
196	-13	13	5179	196	-13	13	5179	196	-13	13	5179	196	-13	13	5179	196	-13	13	5179	196	-13	13	5179	196	-13	13	5179	196	-13	13	5179	196	-13	13	5179	196	-13	13	5179	196	-13	13	5179	196	-13	13	5179	196	-13	13	5179	196	-13	13	5179	196	-13	13	5179	196	-13	13	5179	196	-13	13	5179	196	-13	13	5179	196	-13	13	5179	196	-13	13	5179	196	-13	13	5179	196	-13	13	5179	196	-13	13	5179	196	-13	13	5179	196	-13	13	5179
197	-115	16	5195	197	-115	16	5195	197	-115	16	5195	197	-115	16	5195	197	-115	16	5195	197	-115	16	5195	197	-115	16	5195	197	-115	16	5195	197	-115	16	5195	197	-115	16	5195	197	-115	16	5195	197	-115	16	5195	197	-115	16	5195	197	-115	16	5195	197	-115	16	5195	197	-115	16	5195	197	-115	16	5195	197	-115	16	5195	197	-115	16	5195	197	-115	16	5195	197	-115	16	5195	197	-115	16	5195	197	-115	16	5195	197	-115	16	5195	197	-115	16	5195
198	-120	21	5216	198	-120	21	5216	198	-120	21	5216	198	-120	21	5216	198	-120	21	5216	198	-120	21	5216	198	-120	21	5216	198	-120	21	5216	198	-120	21	5216	198	-120	21	5216	198	-120	21	5216	198	-120	21	5216	198	-120	21	5216	198	-120	21	5216	198	-120	21	5216	198	-120	21	5216	198	-120	21	5216	198	-120	21	5216	198	-120	21	5216	198	-120	21	5216	198	-120	21	5216	198	-120	21	5216	198	-120	21	5216	198	-120	21	5216	198	-120	21	5216
199	-13	13	5229	199	-13	13	5229	199	-13	13	5229	199	-13	13	5229	199	-13	13	5229	199	-13	13	5229	199	-13	13	5229	199	-13	13	5229	199	-13	13	5229	199	-13	13	5229	199	-13	13	5229	199	-13	13	5229	199	-13	13	5229	199	-13	13	5229	199	-13	13	5229	199	-13	13	5229	199	-13	13	5229	199	-13	13	5229	199	-13	13	5229	199	-13	13	5229	199	-13	13	5229	199	-13	13	5229	199	-13	13	5229	199	-13	13	5229	199	-13	13	5229
