Episode	Accumulated Reward	Length	Steps	Episode	Accumulated Reward	Length	Steps	Episode	Accumulated Reward	Length	Steps
0	-19	19	19	0	-19	19	19	0	-19	19	19
1	-129	30	49	1	-129	30	49	1	-129	30	49
2	-17	17	66	2	-17	17	66	2	-17	17	66
3	-18	18	84	3	-18	18	84	3	-18	18	84
4	-18	18	102	4	-18	18	102	4	-18	18	102
5	-41	41	143	5	-41	41	143	5	-41	41	143
6	-24	24	167	6	-24	24	167	6	-24	24	167
7	-21	21	188	7	-21	21	188	7	-21	21	188
8	-20	20	208	8	-20	20	208	8	-20	20	208
9	-17	17	225	9	-17	17	225	9	-17	17	225
10	-20	20	245	10	-20	20	245	10	-20	20	245
11	-23	23	268	11	-23	23	268	11	-23	23	268
12	-20	20	288	12	-20	20	288	12	-20	20	288
13	-22	22	310	13	-22	22	310	13	-22	22	310
14	-21	21	331	14	-21	21	331	14	-21	21	331
15	-17	17	348	15	-17	17	348	15	-17	17	348
16	-19	19	367	16	-19	19	367	16	-19	19	367
17	-17	17	384	17	-17	17	384	17	-17	17	384
18	-20	20	404	18	-20	20	404	18	-20	20	404
19	-17	17	421	19	-17	17	421	19	-17	17	421
20	-21	21	442	20	-21	21	442	20	-21	21	442
21	-17	17	459	21	-17	17	459	21	-17	17	459
22	-19	19	478	22	-19	19	478	22	-19	19	478
23	-19	19	497	23	-19	19	497	23	-19	19	497
24	-18	18	515	24	-18	18	515	24	-18	18	515
25	-20	20	535	25	-20	20	535	25	-20	20	535
26	-25	25	560	26	-25	25	560	26	-25	25	560
27	-18	18	578	27	-18	18	578	27	-18	18	578
28	-17	17	595	28	-17	17	595	28	-17	17	595
29	-19	19	614	29	-19	19	614	29	-19	19	614
30	-17	17	631	30	-17	17	631	30	-17	17	631
31	-23	23	654	31	-23	23	654	31	-23	23	654
32	-17	17	671	32	-17	17	671	32	-17	17	671
33	-17	17	688	33	-17	17	688	33	-17	17	688
34	-19	19	707	34	-19	19	707	34	-19	19	707
35	-140	41	748	35	-140	41	748	35	-140	41	748
36	-19	19	767	36	-19	19	767	36	-19	19	767
37	-19	19	786	37	-19	19	786	37	-19	19	786
38	-19	19	805	38	-19	19	805	38	-19	19	805
39	-17	17	822	39	-17	17	822	39	-17	17	822
40	-21	21	843	40	-21	21	843	40	-21	21	843
41	-17	17	860	41	-17	17	860	41	-17	17	860
42	-20	20	880	42	-20	20	880	42	-20	20	880
43	-17	17	897	43	-17	17	897	43	-17	17	897
44	-25	25	922	44	-25	25	922	44	-25	25	922
45	-17	17	939	45	-17	17	939	45	-17	17	939
46	-19	19	958	46	-19	19	958	46	-19	19	958
47	-21	21	979	47	-21	21	979	47	-21	21	979
48	-19	19	998	48	-19	19	998	48	-19	19	998
49	-119	20	1018	49	-119	20	1018	49	-119	20	1018
50	-23	23	1041	50	-23	23	1041	50	-23	23	1041
51	-19	19	1060	51	-19	19	1060	51	-19	19	1060
52	-21	21	1081	52	-21	21	1081	52	-21	21	1081
53	-889	790	1871	53	-889	790	1871	53	-889	790	1871
54	-150	150	2021	54	-150	150	2021	54	-150	150	2021
55	-84	84	2105	55	-84	84	2105	55	-84	84	2105
56	-35	35	2140	56	-35	35	2140	56	-35	35	2140
57	-252	153	2293	57	-252	153	2293	57	-252	153	2293
58	-1440	1044	3337	58	-1440	1044	3337	58	-1440	1044	3337
59	-456	258	3595	59	-456	258	3595	59	-456	258	3595
60	-59	59	3654	60	-59	59	3654	60	-59	59	3654
61	-43	43	3697	61	-43	43	3697	61	-43	43	3697
62	-65	65	3762	62	-65	65	3762	62	-65	65	3762
63	-74	74	3836	63	-74	74	3836	63	-74	74	3836
64	-24	24	3860	64	-24	24	3860	64	-24	24	3860
65	-34	34	3894	65	-34	34	3894	65	-34	34	3894
66	-36	36	3930	66	-36	36	3930	66	-36	36	3930
67	-33	33	3963	67	-33	33	3963	67	-33	33	3963
68	-19	19	3982	68	-19	19	3982	68	-19	19	3982
69	-38	38	4020	69	-38	38	4020	69	-38	38	4020
70	-41	41	4061	70	-41	41	4061	70	-41	41	4061
71	-39	39	4100	71	-39	39	4100	71	-39	39	4100
72	-28	28	4128	72	-28	28	4128	72	-28	28	4128
73	-25	25	4153	73	-25	25	4153	73	-25	25	4153
74	-120	21	4174	74	-120	21	4174	74	-120	21	4174
75	-17	17	4191	75	-17	17	4191	75	-17	17	4191
76	-17	17	4208	76	-17	17	4208	76	-17	17	4208
77	-15	15	4223	77	-15	15	4223	77	-15	15	4223
78	-15	15	4238	78	-15	15	4238	78	-15	15	4238
79	-16	16	4254	79	-16	16	4254	79	-16	16	4254
80	-19	19	4273	80	-19	19	4273	80	-19	19	4273
81	-25	25	4298	81	-25	25	4298	81	-25	25	4298
82	-15	15	4313	82	-15	15	4313	82	-15	15	4313
83	-18	18	4331	83	-18	18	4331	83	-18	18	4331
84	-15	15	4346	84	-15	15	4346	84	-15	15	4346
85	-15	15	4361	85	-15	15	4361	85	-15	15	4361
86	-18	18	4379	86	-18	18	4379	86	-18	18	4379
87	-23	23	4402	87	-23	23	4402	87	-23	23	4402
88	-17	17	4419	88	-17	17	4419	88	-17	17	4419
89	-159	60	4479	89	-159	60	4479	89	-159	60	4479
90	-17	17	4496	90	-17	17	4496	90	-17	17	4496
91	-131	32	4528	91	-131	32	4528	91	-131	32	4528
92	-17	17	4545	92	-17	17	4545	92	-17	17	4545
93	-21	21	4566	93	-21	21	4566	93	-21	21	4566
94	-19	19	4585	94	-19	19	4585	94	-19	19	4585
95	-22	22	4607	95	-22	22	4607	95	-22	22	4607
96	-19	19	4626	96	-19	19	4626	96	-19	19	4626
97	-17	17	4643	97	-17	17	4643	97	-17	17	4643
98	-23	23	4666	98	-23	23	4666	98	-23	23	4666
99	-20	20	4686	99	-20	20	4686	99	-20	20	4686
100	-21	21	4707	100	-21	21	4707	100	-21	21	4707
101	-22	22	4729	101	-22	22	4729	101	-22	22	4729
102	-21	21	4750	102	-21	21	4750	102	-21	21	4750
103	-117	18	4768	103	-117	18	4768	103	-117	18	4768
104	-17	17	4785	104	-17	17	4785	104	-17	17	4785
105	-17	17	4802	105	-17	17	4802	105	-17	17	4802
106	-20	20	4822	106	-20	20	4822	106	-20	20	4822
107	-17	17	4839	107	-17	17	4839	107	-17	17	4839
108	-17	17	4856	108	-17	17	4856	108	-17	17	4856
109	-19	19	4875	109	-19	19	4875	109	-19	19	4875
110	-19	19	4894	110	-19	19	4894	110	-19	19	4894
111	-22	22	4916	111	-22	22	4916	111	-22	22	4916
112	-118	19	4935	112	-118	19	4935	112	-118	19	4935
113	-22	22	4957	113	-22	22	4957	113	-22	22	4957
114	-19	19	4976	114	-19	19	4976	114	-19	19	4976
115	-20	20	4996	115	-20	20	4996	115	-20	20	4996
116	-19	19	5015	116	-19	19	5015	116	-19	19	5015
117	-17	17	5032	117	-17	17	5032	117	-17	17	5032
118	-19	19	5051	118	-19	19	5051	118	-19	19	5051
119	-24	24	5075	119	-24	24	5075	119	-24	24	5075
120	-22	22	5097	120	-22	22	5097	120	-22	22	5097
121	-20	20	5117	121	-20	20	5117	121	-20	20	5117
122	-17	17	5134	122	-17	17	5134	122	-17	17	5134
123	-17	17	5151	123	-17	17	5151	123	-17	17	5151
124	-21	21	5172	124	-21	21	5172	124	-21	21	5172
125	-21	21	5193	125	-21	21	5193	125	-21	21	5193
126	-19	19	5212	126	-19	19	5212	126	-19	19	5212
127	-23	23	5235	127	-23	23	5235	127	-23	23	5235
128	-17	17	5252	128	-17	17	5252	128	-17	17	5252
129	-17	17	5269	129	-17	17	5269	129	-17	17	5269
130	-21	21	5290	130	-21	21	5290	130	-21	21	5290
131	-17	17	5307	131	-17	17	5307	131	-17	17	5307
132	-18	18	5325	132	-18	18	5325	132	-18	18	5325
133	-17	17	5342	133	-17	17	5342	133	-17	17	5342
134	-17	17	5359	134	-17	17	5359	134	-17	17	5359
135	-17	17	5376	135	-17	17	5376	135	-17	17	5376
136	-21	21	5397	136	-21	21	5397	136	-21	21	5397
137	-44	44	5441	137	-44	44	5441	137	-44	44	5441
138	-21	21	5462	138	-21	21	5462	138	-21	21	5462
139	-161	62	5524	139	-161	62	5524	139	-161	62	5524
140	-17	17	5541	140	-17	17	5541	140	-17	17	5541
141	-17	17	5558	141	-17	17	5558	141	-17	17	5558
142	-19	19	5577	142	-19	19	5577	142	-19	19	5577
143	-17	17	5594	143	-17	17	5594	143	-17	17	5594
144	-27	27	5621	144	-27	27	5621	144	-27	27	5621
145	-19	19	5640	145	-19	19	5640	145	-19	19	5640
146	-83	83	5723	146	-83	83	5723	146	-83	83	5723
147	-22	22	5745	147	-22	22	5745	147	-22	22	5745
148	-28	28	5773	148	-28	28	5773	148	-28	28	5773
149	-18	18	5791	149	-18	18	5791	149	-18	18	5791
150	-33	33	5824	150	-33	33	5824	150	-33	33	5824
151	-17	17	5841	151	-17	17	5841	151	-17	17	5841
152	-116	116	5957	152	-116	116	5957	152	-116	116	5957
153	-60	60	6017	153	-60	60	6017	153	-60	60	6017
154	-23	23	6040	154	-23	23	6040	154	-23	23	6040
155	-33	33	6073	155	-33	33	6073	155	-33	33	6073
156	-29	29	6102	156	-29	29	6102	156	-29	29	6102
157	-21	21	6123	157	-21	21	6123	157	-21	21	6123
158	-20	20	6143	158	-20	20	6143	158	-20	20	6143
159	-33	33	6176	159	-33	33	6176	159	-33	33	6176
160	-39	39	6215	160	-39	39	6215	160	-39	39	6215
161	-27	27	6242	161	-27	27	6242	161	-27	27	6242
162	-21	21	6263	162	-21	21	6263	162	-21	21	6263
163	-19	19	6282	163	-19	19	6282	163	-19	19	6282
164	-23	23	6305	164	-23	23	6305	164	-23	23	6305
165	-24	24	6329	165	-24	24	6329	165	-24	24	6329
166	-19	19	6348	166	-19	19	6348	166	-19	19	6348
167	-17	17	6365	167	-17	17	6365	167	-17	17	6365
168	-18	18	6383	168	-18	18	6383	168	-18	18	6383
169	-19	19	6402	169	-19	19	6402	169	-19	19	6402
170	-19	19	6421	170	-19	19	6421	170	-19	19	6421
171	-17	17	6438	171	-17	17	6438	171	-17	17	6438
172	-21	21	6459	172	-21	21	6459	172	-21	21	6459
173	-17	17	6476	173	-17	17	6476	173	-17	17	6476
174	-25	25	6501	174	-25	25	6501	174	-25	25	6501
175	-36	36	6537	175	-36	36	6537	175	-36	36	6537
176	-17	17	6554	176	-17	17	6554	176	-17	17	6554
177	-25	25	6579	177	-25	25	6579	177	-25	25	6579
178	-27	27	6606	178	-27	27	6606	178	-27	27	6606
179	-24	24	6630	179	-24	24	6630	179	-24	24	6630
180	-17	17	6647	180	-17	17	6647	180	-17	17	6647
181	-17	17	6664	181	-17	17	6664	181	-17	17	6664
182	-19	19	6683	182	-19	19	6683	182	-19	19	6683
183	-27	27	6710	183	-27	27	6710	183	-27	27	6710
184	-18	18	6728	184	-18	18	6728	184	-18	18	6728
185	-21	21	6749	185	-21	21	6749	185	-21	21	6749
186	-132	33	6782	186	-132	33	6782	186	-132	33	6782
187	-21	21	6803	187	-21	21	6803	187	-21	21	6803
188	-17	17	6820	188	-17	17	6820	188	-17	17	6820
189	-27	27	6847	189	-27	27	6847	189	-27	27	6847
190	-17	17	6864	190	-17	17	6864	190	-17	17	6864
191	-125	26	6890	191	-125	26	6890	191	-125	26	6890
192	-17	17	6907	192	-17	17	6907	192	-17	17	6907
193	-19	19	6926	193	-19	19	6926	193	-19	19	6926
194	-19	19	6945	194	-19	19	6945	194	-19	19	6945
195	-17	17	6962	195	-17	17	6962	195	-17	17	6962
196	-21	21	6983	196	-21	21	6983	196	-21	21	6983
197	-20	20	7003	197	-20	20	7003	197	-20	20	7003
198	-17	17	7020	198	-17	17	7020	198	-17	17	7020
199	-20	20	7040	199	-20	20	7040	199	-20	20	7040
