Episode	Accumulated Reward	Length	Steps	Episode	Accumulated Reward	Length	Steps	Episode	Accumulated Reward	Length	Steps	Episode	Accumulated Reward	Length	Steps	Episode	Accumulated Reward	Length	Steps	Episode	Accumulated Reward	Length	Steps	Episode	Accumulated Reward	Length	Steps	Episode	Accumulated Reward	Length	Steps	Episode	Accumulated Reward	Length	Steps	Episode	Accumulated Reward	Length	Steps
0	-500.0	500	500	0	-500.0	500	500	0	-500.0	500	500	0	-500.0	500	500	0	-500.0	500	500	0	-500.0	500	500	0	-500.0	500	500	0	-500.0	500	500	0	-500.0	500	500	0	-500.0	500	500
1	-500.0	500	1000	1	-500.0	500	1000	1	-500.0	500	1000	1	-500.0	500	1000	1	-500.0	500	1000	1	-500.0	500	1000	1	-500.0	500	1000	1	-500.0	500	1000	1	-500.0	500	1000	1	-500.0	500	1000
2	-500.0	500	1500	2	-500.0	500	1500	2	-500.0	500	1500	2	-500.0	500	1500	2	-500.0	500	1500	2	-500.0	500	1500	2	-500.0	500	1500	2	-500.0	500	1500	2	-500.0	500	1500	2	-500.0	500	1500
3	-281.0	281	1781	3	-281.0	281	1781	3	-281.0	281	1781	3	-281.0	281	1781	3	-281.0	281	1781	3	-281.0	281	1781	3	-281.0	281	1781	3	-281.0	281	1781	3	-281.0	281	1781	3	-281.0	281	1781
4	-398.0	398	2179	4	-398.0	398	2179	4	-398.0	398	2179	4	-398.0	398	2179	4	-398.0	398	2179	4	-398.0	398	2179	4	-398.0	398	2179	4	-398.0	398	2179	4	-398.0	398	2179	4	-398.0	398	2179
5	-500.0	500	2679	5	-500.0	500	2679	5	-500.0	500	2679	5	-500.0	500	2679	5	-500.0	500	2679	5	-500.0	500	2679	5	-500.0	500	2679	5	-500.0	500	2679	5	-500.0	500	2679	5	-500.0	500	2679
6	-231.0	231	2910	6	-231.0	231	2910	6	-231.0	231	2910	6	-231.0	231	2910	6	-231.0	231	2910	6	-231.0	231	2910	6	-231.0	231	2910	6	-231.0	231	2910	6	-231.0	231	2910	6	-231.0	231	2910
7	-434.0	434	3344	7	-434.0	434	3344	7	-434.0	434	3344	7	-434.0	434	3344	7	-434.0	434	3344	7	-434.0	434	3344	7	-434.0	434	3344	7	-434.0	434	3344	7	-434.0	434	3344	7	-434.0	434	3344
8	-231.0	231	3575	8	-231.0	231	3575	8	-231.0	231	3575	8	-231.0	231	3575	8	-231.0	231	3575	8	-231.0	231	3575	8	-231.0	231	3575	8	-231.0	231	3575	8	-231.0	231	3575	8	-231.0	231	3575
9	-272.0	272	3847	9	-272.0	272	3847	9	-272.0	272	3847	9	-272.0	272	3847	9	-272.0	272	3847	9	-272.0	272	3847	9	-272.0	272	3847	9	-272.0	272	3847	9	-272.0	272	3847	9	-272.0	272	3847
10	-228.0	228	4075	10	-228.0	228	4075	10	-228.0	228	4075	10	-228.0	228	4075	10	-228.0	228	4075	10	-228.0	228	4075	10	-228.0	228	4075	10	-228.0	228	4075	10	-228.0	228	4075	10	-228.0	228	4075
11	-202.0	202	4277	11	-202.0	202	4277	11	-202.0	202	4277	11	-202.0	202	4277	11	-202.0	202	4277	11	-202.0	202	4277	11	-202.0	202	4277	11	-202.0	202	4277	11	-202.0	202	4277	11	-202.0	202	4277
12	-293.0	293	4570	12	-293.0	293	4570	12	-293.0	293	4570	12	-293.0	293	4570	12	-293.0	293	4570	12	-293.0	293	4570	12	-293.0	293	4570	12	-293.0	293	4570	12	-293.0	293	4570	12	-293.0	293	4570
13	-302.0	302	4872	13	-302.0	302	4872	13	-302.0	302	4872	13	-302.0	302	4872	13	-302.0	302	4872	13	-302.0	302	4872	13	-302.0	302	4872	13	-302.0	302	4872	13	-302.0	302	4872	13	-302.0	302	4872
14	-230.0	230	5102	14	-230.0	230	5102	14	-230.0	230	5102	14	-230.0	230	5102	14	-230.0	230	5102	14	-230.0	230	5102	14	-230.0	230	5102	14	-230.0	230	5102	14	-230.0	230	5102	14	-230.0	230	5102
15	-226.0	226	5328	15	-226.0	226	5328	15	-226.0	226	5328	15	-226.0	226	5328	15	-226.0	226	5328	15	-226.0	226	5328	15	-226.0	226	5328	15	-226.0	226	5328	15	-226.0	226	5328	15	-226.0	226	5328
16	-221.0	221	5549	16	-221.0	221	5549	16	-221.0	221	5549	16	-221.0	221	5549	16	-221.0	221	5549	16	-221.0	221	5549	16	-221.0	221	5549	16	-221.0	221	5549	16	-221.0	221	5549	16	-221.0	221	5549
17	-213.0	213	5762	17	-213.0	213	5762	17	-213.0	213	5762	17	-213.0	213	5762	17	-213.0	213	5762	17	-213.0	213	5762	17	-213.0	213	5762	17	-213.0	213	5762	17	-213.0	213	5762	17	-213.0	213	5762
18	-309.0	309	6071	18	-309.0	309	6071	18	-309.0	309	6071	18	-309.0	309	6071	18	-309.0	309	6071	18	-309.0	309	6071	18	-309.0	309	6071	18	-309.0	309	6071	18	-309.0	309	6071	18	-309.0	309	6071
19	-221.0	221	6292	19	-221.0	221	6292	19	-221.0	221	6292	19	-221.0	221	6292	19	-221.0	221	6292	19	-221.0	221	6292	19	-221.0	221	6292	19	-221.0	221	6292	19	-221.0	221	6292	19	-221.0	221	6292
20	-185.0	185	6477	20	-185.0	185	6477	20	-185.0	185	6477	20	-185.0	185	6477	20	-185.0	185	6477	20	-185.0	185	6477	20	-185.0	185	6477	20	-185.0	185	6477	20	-185.0	185	6477	20	-185.0	185	6477
21	-187.0	187	6664	21	-187.0	187	6664	21	-187.0	187	6664	21	-187.0	187	6664	21	-187.0	187	6664	21	-187.0	187	6664	21	-187.0	187	6664	21	-187.0	187	6664	21	-187.0	187	6664	21	-187.0	187	6664
22	-159.0	159	6823	22	-159.0	159	6823	22	-159.0	159	6823	22	-159.0	159	6823	22	-159.0	159	6823	22	-159.0	159	6823	22	-159.0	159	6823	22	-159.0	159	6823	22	-159.0	159	6823	22	-159.0	159	6823
23	-183.0	183	7006	23	-183.0	183	7006	23	-183.0	183	7006	23	-183.0	183	7006	23	-183.0	183	7006	23	-183.0	183	7006	23	-183.0	183	7006	23	-183.0	183	7006	23	-183.0	183	7006	23	-183.0	183	7006
24	-240.0	240	7246	24	-240.0	240	7246	24	-240.0	240	7246	24	-240.0	240	7246	24	-240.0	240	7246	24	-240.0	240	7246	24	-240.0	240	7246	24	-240.0	240	7246	24	-240.0	240	7246	24	-240.0	240	7246
25	-173.0	173	7419	25	-173.0	173	7419	25	-173.0	173	7419	25	-173.0	173	7419	25	-173.0	173	7419	25	-173.0	173	7419	25	-173.0	173	7419	25	-173.0	173	7419	25	-173.0	173	7419	25	-173.0	173	7419
26	-127.0	127	7546	26	-127.0	127	7546	26	-127.0	127	7546	26	-127.0	127	7546	26	-127.0	127	7546	26	-127.0	127	7546	26	-127.0	127	7546	26	-127.0	127	7546	26	-127.0	127	7546	26	-127.0	127	7546
27	-155.0	155	7701	27	-155.0	155	7701	27	-155.0	155	7701	27	-155.0	155	7701	27	-155.0	155	7701	27	-155.0	155	7701	27	-155.0	155	7701	27	-155.0	155	7701	27	-155.0	155	7701	27	-155.0	155	7701
28	-228.0	228	7929	28	-228.0	228	7929	28	-228.0	228	7929	28	-228.0	228	7929	28	-228.0	228	7929	28	-228.0	228	7929	28	-228.0	228	7929	28	-228.0	228	7929	28	-228.0	228	7929	28	-228.0	228	7929
29	-144.0	144	8073	29	-144.0	144	8073	29	-144.0	144	8073	29	-144.0	144	8073	29	-144.0	144	8073	29	-144.0	144	8073	29	-144.0	144	8073	29	-144.0	144	8073	29	-144.0	144	8073	29	-144.0	144	8073
30	-139.0	139	8212	30	-139.0	139	8212	30	-139.0	139	8212	30	-139.0	139	8212	30	-139.0	139	8212	30	-139.0	139	8212	30	-139.0	139	8212	30	-139.0	139	8212	30	-139.0	139	8212	30	-139.0	139	8212
31	-152.0	152	8364	31	-152.0	152	8364	31	-152.0	152	8364	31	-152.0	152	8364	31	-152.0	152	8364	31	-152.0	152	8364	31	-152.0	152	8364	31	-152.0	152	8364	31	-152.0	152	8364	31	-152.0	152	8364
32	-118.0	118	8482	32	-118.0	118	8482	32	-118.0	118	8482	32	-118.0	118	8482	32	-118.0	118	8482	32	-118.0	118	8482	32	-118.0	118	8482	32	-118.0	118	8482	32	-118.0	118	8482	32	-118.0	118	8482
33	-159.0	159	8641	33	-159.0	159	8641	33	-159.0	159	8641	33	-159.0	159	8641	33	-159.0	159	8641	33	-159.0	159	8641	33	-159.0	159	8641	33	-159.0	159	8641	33	-159.0	159	8641	33	-159.0	159	8641
34	-132.0	132	8773	34	-132.0	132	8773	34	-132.0	132	8773	34	-132.0	132	8773	34	-132.0	132	8773	34	-132.0	132	8773	34	-132.0	132	8773	34	-132.0	132	8773	34	-132.0	132	8773	34	-132.0	132	8773
35	-172.0	172	8945	35	-172.0	172	8945	35	-172.0	172	8945	35	-172.0	172	8945	35	-172.0	172	8945	35	-172.0	172	8945	35	-172.0	172	8945	35	-172.0	172	8945	35	-172.0	172	8945	35	-172.0	172	8945
36	-150.0	150	9095	36	-150.0	150	9095	36	-150.0	150	9095	36	-150.0	150	9095	36	-150.0	150	9095	36	-150.0	150	9095	36	-150.0	150	9095	36	-150.0	150	9095	36	-150.0	150	9095	36	-150.0	150	9095
37	-143.0	143	9238	37	-143.0	143	9238	37	-143.0	143	9238	37	-143.0	143	9238	37	-143.0	143	9238	37	-143.0	143	9238	37	-143.0	143	9238	37	-143.0	143	9238	37	-143.0	143	9238	37	-143.0	143	9238
38	-140.0	140	9378	38	-140.0	140	9378	38	-140.0	140	9378	38	-140.0	140	9378	38	-140.0	140	9378	38	-140.0	140	9378	38	-140.0	140	9378	38	-140.0	140	9378	38	-140.0	140	9378	38	-140.0	140	9378
39	-157.0	157	9535	39	-157.0	157	9535	39	-157.0	157	9535	39	-157.0	157	9535	39	-157.0	157	9535	39	-157.0	157	9535	39	-157.0	157	9535	39	-157.0	157	9535	39	-157.0	157	9535	39	-157.0	157	9535
40	-137.0	137	9672	40	-137.0	137	9672	40	-137.0	137	9672	40	-137.0	137	9672	40	-137.0	137	9672	40	-137.0	137	9672	40	-137.0	137	9672	40	-137.0	137	9672	40	-137.0	137	9672	40	-137.0	137	9672
41	-141.0	141	9813	41	-141.0	141	9813	41	-141.0	141	9813	41	-141.0	141	9813	41	-141.0	141	9813	41	-141.0	141	9813	41	-141.0	141	9813	41	-141.0	141	9813	41	-141.0	141	9813	41	-141.0	141	9813
42	-153.0	153	9966	42	-153.0	153	9966	42	-153.0	153	9966	42	-153.0	153	9966	42	-153.0	153	9966	42	-153.0	153	9966	42	-153.0	153	9966	42	-153.0	153	9966	42	-153.0	153	9966	42	-153.0	153	9966
43	-153.0	153	10119	43	-153.0	153	10119	43	-153.0	153	10119	43	-153.0	153	10119	43	-153.0	153	10119	43	-153.0	153	10119	43	-153.0	153	10119	43	-153.0	153	10119	43	-153.0	153	10119	43	-153.0	153	10119
44	-157.0	157	10276	44	-157.0	157	10276	44	-157.0	157	10276	44	-157.0	157	10276	44	-157.0	157	10276	44	-157.0	157	10276	44	-157.0	157	10276	44	-157.0	157	10276	44	-157.0	157	10276	44	-157.0	157	10276
45	-153.0	153	10429	45	-153.0	153	10429	45	-153.0	153	10429	45	-153.0	153	10429	45	-153.0	153	10429	45	-153.0	153	10429	45	-153.0	153	10429	45	-153.0	153	10429	45	-153.0	153	10429	45	-153.0	153	10429
46	-154.0	154	10583	46	-154.0	154	10583	46	-154.0	154	10583	46	-154.0	154	10583	46	-154.0	154	10583	46	-154.0	154	10583	46	-154.0	154	10583	46	-154.0	154	10583	46	-154.0	154	10583	46	-154.0	154	10583
47	-144.0	144	10727	47	-144.0	144	10727	47	-144.0	144	10727	47	-144.0	144	10727	47	-144.0	144	10727	47	-144.0	144	10727	47	-144.0	144	10727	47	-144.0	144	10727	47	-144.0	144	10727	47	-144.0	144	10727
48	-139.0	139	10866	48	-139.0	139	10866	48	-139.0	139	10866	48	-139.0	139	10866	48	-139.0	139	10866	48	-139.0	139	10866	48	-139.0	139	10866	48	-139.0	139	10866	48	-139.0	139	10866	48	-139.0	139	10866
49	-138.0	138	11004	49	-138.0	138	11004	49	-138.0	138	11004	49	-138.0	138	11004	49	-138.0	138	11004	49	-138.0	138	11004	49	-138.0	138	11004	49	-138.0	138	11004	49	-138.0	138	11004	49	-138.0	138	11004
50	-145.0	145	11149	50	-145.0	145	11149	50	-145.0	145	11149	50	-145.0	145	11149	50	-145.0	145	11149	50	-145.0	145	11149	50	-145.0	145	11149	50	-145.0	145	11149	50	-145.0	145	11149	50	-145.0	145	11149
51	-139.0	139	11288	51	-139.0	139	11288	51	-139.0	139	11288	51	-139.0	139	11288	51	-139.0	139	11288	51	-139.0	139	11288	51	-139.0	139	11288	51	-139.0	139	11288	51	-139.0	139	11288	51	-139.0	139	11288
52	-138.0	138	11426	52	-138.0	138	11426	52	-138.0	138	11426	52	-138.0	138	11426	52	-138.0	138	11426	52	-138.0	138	11426	52	-138.0	138	11426	52	-138.0	138	11426	52	-138.0	138	11426	52	-138.0	138	11426
53	-135.0	135	11561	53	-135.0	135	11561	53	-135.0	135	11561	53	-135.0	135	11561	53	-135.0	135	11561	53	-135.0	135	11561	53	-135.0	135	11561	53	-135.0	135	11561	53	-135.0	135	11561	53	-135.0	135	11561
54	-199.0	199	11760	54	-199.0	199	11760	54	-199.0	199	11760	54	-199.0	199	11760	54	-199.0	199	11760	54	-199.0	199	11760	54	-199.0	199	11760	54	-199.0	199	11760	54	-199.0	199	11760	54	-199.0	199	11760
55	-146.0	146	11906	55	-146.0	146	11906	55	-146.0	146	11906	55	-146.0	146	11906	55	-146.0	146	11906	55	-146.0	146	11906	55	-146.0	146	11906	55	-146.0	146	11906	55	-146.0	146	11906	55	-146.0	146	11906
56	-149.0	149	12055	56	-149.0	149	12055	56	-149.0	149	12055	56	-149.0	149	12055	56	-149.0	149	12055	56	-149.0	149	12055	56	-149.0	149	12055	56	-149.0	149	12055	56	-149.0	149	12055	56	-149.0	149	12055
57	-147.0	147	12202	57	-147.0	147	12202	57	-147.0	147	12202	57	-147.0	147	12202	57	-147.0	147	12202	57	-147.0	147	12202	57	-147.0	147	12202	57	-147.0	147	12202	57	-147.0	147	12202	57	-147.0	147	12202
58	-141.0	141	12343	58	-141.0	141	12343	58	-141.0	141	12343	58	-141.0	141	12343	58	-141.0	141	12343	58	-141.0	141	12343	58	-141.0	141	12343	58	-141.0	141	12343	58	-141.0	141	12343	58	-141.0	141	12343
59	-140.0	140	12483	59	-140.0	140	12483	59	-140.0	140	12483	59	-140.0	140	12483	59	-140.0	140	12483	59	-140.0	140	12483	59	-140.0	140	12483	59	-140.0	140	12483	59	-140.0	140	12483	59	-140.0	140	12483
60	-207.0	207	12690	60	-207.0	207	12690	60	-207.0	207	12690	60	-207.0	207	12690	60	-207.0	207	12690	60	-207.0	207	12690	60	-207.0	207	12690	60	-207.0	207	12690	60	-207.0	207	12690	60	-207.0	207	12690
61	-150.0	150	12840	61	-150.0	150	12840	61	-150.0	150	12840	61	-150.0	150	12840	61	-150.0	150	12840	61	-150.0	150	12840	61	-150.0	150	12840	61	-150.0	150	12840	61	-150.0	150	12840	61	-150.0	150	12840
62	-149.0	149	12989	62	-149.0	149	12989	62	-149.0	149	12989	62	-149.0	149	12989	62	-149.0	149	12989	62	-149.0	149	12989	62	-149.0	149	12989	62	-149.0	149	12989	62	-149.0	149	12989	62	-149.0	149	12989
63	-196.0	196	13185	63	-196.0	196	13185	63	-196.0	196	13185	63	-196.0	196	13185	63	-196.0	196	13185	63	-196.0	196	13185	63	-196.0	196	13185	63	-196.0	196	13185	63	-196.0	196	13185	63	-196.0	196	13185
64	-140.0	140	13325	64	-140.0	140	13325	64	-140.0	140	13325	64	-140.0	140	13325	64	-140.0	140	13325	64	-140.0	140	13325	64	-140.0	140	13325	64	-140.0	140	13325	64	-140.0	140	13325	64	-140.0	140	13325
65	-182.0	182	13507	65	-182.0	182	13507	65	-182.0	182	13507	65	-182.0	182	13507	65	-182.0	182	13507	65	-182.0	182	13507	65	-182.0	182	13507	65	-182.0	182	13507	65	-182.0	182	13507	65	-182.0	182	13507
66	-177.0	177	13684	66	-177.0	177	13684	66	-177.0	177	13684	66	-177.0	177	13684	66	-177.0	177	13684	66	-177.0	177	13684	66	-177.0	177	13684	66	-177.0	177	13684	66	-177.0	177	13684	66	-177.0	177	13684
67	-150.0	150	13834	67	-150.0	150	13834	67	-150.0	150	13834	67	-150.0	150	13834	67	-150.0	150	13834	67	-150.0	150	13834	67	-150.0	150	13834	67	-150.0	150	13834	67	-150.0	150	13834	67	-150.0	150	13834
68	-180.0	180	14014	68	-180.0	180	14014	68	-180.0	180	14014	68	-180.0	180	14014	68	-180.0	180	14014	68	-180.0	180	14014	68	-180.0	180	14014	68	-180.0	180	14014	68	-180.0	180	14014	68	-180.0	180	14014
69	-193.0	193	14207	69	-193.0	193	14207	69	-193.0	193	14207	69	-193.0	193	14207	69	-193.0	193	14207	69	-193.0	193	14207	69	-193.0	193	14207	69	-193.0	193	14207	69	-193.0	193	14207	69	-193.0	193	14207
70	-118.0	118	14325	70	-118.0	118	14325	70	-118.0	118	14325	70	-118.0	118	14325	70	-118.0	118	14325	70	-118.0	118	14325	70	-118.0	118	14325	70	-118.0	118	14325	70	-118.0	118	14325	70	-118.0	118	14325
71	-123.0	123	14448	71	-123.0	123	14448	71	-123.0	123	14448	71	-123.0	123	14448	71	-123.0	123	14448	71	-123.0	123	14448	71	-123.0	123	14448	71	-123.0	123	14448	71	-123.0	123	14448	71	-123.0	123	14448
72	-112.0	112	14560	72	-112.0	112	14560	72	-112.0	112	14560	72	-112.0	112	14560	72	-112.0	112	14560	72	-112.0	112	14560	72	-112.0	112	14560	72	-112.0	112	14560	72	-112.0	112	14560	72	-112.0	112	14560
73	-157.0	157	14717	73	-157.0	157	14717	73	-157.0	157	14717	73	-157.0	157	14717	73	-157.0	157	14717	73	-157.0	157	14717	73	-157.0	157	14717	73	-157.0	157	14717	73	-157.0	157	14717	73	-157.0	157	14717
74	-165.0	165	14882	74	-165.0	165	14882	74	-165.0	165	14882	74	-165.0	165	14882	74	-165.0	165	14882	74	-165.0	165	14882	74	-165.0	165	14882	74	-165.0	165	14882	74	-165.0	165	14882	74	-165.0	165	14882
75	-151.0	151	15033	75	-151.0	151	15033	75	-151.0	151	15033	75	-151.0	151	15033	75	-151.0	151	15033	75	-151.0	151	15033	75	-151.0	151	15033	75	-151.0	151	15033	75	-151.0	151	15033	75	-151.0	151	15033
76	-141.0	141	15174	76	-141.0	141	15174	76	-141.0	141	15174	76	-141.0	141	15174	76	-141.0	141	15174	76	-141.0	141	15174	76	-141.0	141	15174	76	-141.0	141	15174	76	-141.0	141	15174	76	-141.0	141	15174
77	-156.0	156	15330	77	-156.0	156	15330	77	-156.0	156	15330	77	-156.0	156	15330	77	-156.0	156	15330	77	-156.0	156	15330	77	-156.0	156	15330	77	-156.0	156	15330	77	-156.0	156	15330	77	-156.0	156	15330
78	-133.0	133	15463	78	-133.0	133	15463	78	-133.0	133	15463	78	-133.0	133	15463	78	-133.0	133	15463	78	-133.0	133	15463	78	-133.0	133	15463	78	-133.0	133	15463	78	-133.0	133	15463	78	-133.0	133	15463
79	-132.0	132	15595	79	-132.0	132	15595	79	-132.0	132	15595	79	-132.0	132	15595	79	-132.0	132	15595	79	-132.0	132	15595	79	-132.0	132	15595	79	-132.0	132	15595	79	-132.0	132	15595	79	-132.0	132	15595
80	-116.0	116	15711	80	-116.0	116	15711	80	-116.0	116	15711	80	-116.0	116	15711	80	-116.0	116	15711	80	-116.0	116	15711	80	-116.0	116	15711	80	-116.0	116	15711	80	-116.0	116	15711	80	-116.0	116	15711
81	-111.0	111	15822	81	-111.0	111	15822	81	-111.0	111	15822	81	-111.0	111	15822	81	-111.0	111	15822	81	-111.0	111	15822	81	-111.0	111	15822	81	-111.0	111	15822	81	-111.0	111	15822	81	-111.0	111	15822
82	-149.0	149	15971	82	-149.0	149	15971	82	-149.0	149	15971	82	-149.0	149	15971	82	-149.0	149	15971	82	-149.0	149	15971	82	-149.0	149	15971	82	-149.0	149	15971	82	-149.0	149	15971	82	-149.0	149	15971
83	-108.0	108	16079	83	-108.0	108	16079	83	-108.0	108	16079	83	-108.0	108	16079	83	-108.0	108	16079	83	-108.0	108	16079	83	-108.0	108	16079	83	-108.0	108	16079	83	-108.0	108	16079	83	-108.0	108	16079
84	-135.0	135	16214	84	-135.0	135	16214	84	-135.0	135	16214	84	-135.0	135	16214	84	-135.0	135	16214	84	-135.0	135	16214	84	-135.0	135	16214	84	-135.0	135	16214	84	-135.0	135	16214	84	-135.0	135	16214
85	-107.0	107	16321	85	-107.0	107	16321	85	-107.0	107	16321	85	-107.0	107	16321	85	-107.0	107	16321	85	-107.0	107	16321	85	-107.0	107	16321	85	-107.0	107	16321	85	-107.0	107	16321	85	-107.0	107	16321
86	-126.0	126	16447	86	-126.0	126	16447	86	-126.0	126	16447	86	-126.0	126	16447	86	-126.0	126	16447	86	-126.0	126	16447	86	-126.0	126	16447	86	-126.0	126	16447	86	-126.0	126	16447	86	-126.0	126	16447
87	-173.0	173	16620	87	-173.0	173	16620	87	-173.0	173	16620	87	-173.0	173	16620	87	-173.0	173	16620	87	-173.0	173	16620	87	-173.0	173	16620	87	-173.0	173	16620	87	-173.0	173	16620	87	-173.0	173	16620
88	-137.0	137	16757	88	-137.0	137	16757	88	-137.0	137	16757	88	-137.0	137	16757	88	-137.0	137	16757	88	-137.0	137	16757	88	-137.0	137	16757	88	-137.0	137	16757	88	-137.0	137	16757	88	-137.0	137	16757
89	-135.0	135	16892	89	-135.0	135	16892	89	-135.0	135	16892	89	-135.0	135	16892	89	-135.0	135	16892	89	-135.0	135	16892	89	-135.0	135	16892	89	-135.0	135	16892	89	-135.0	135	16892	89	-135.0	135	16892
90	-134.0	134	17026	90	-134.0	134	17026	90	-134.0	134	17026	90	-134.0	134	17026	90	-134.0	134	17026	90	-134.0	134	17026	90	-134.0	134	17026	90	-134.0	134	17026	90	-134.0	134	17026	90	-134.0	134	17026
91	-135.0	135	17161	91	-135.0	135	17161	91	-135.0	135	17161	91	-135.0	135	17161	91	-135.0	135	17161	91	-135.0	135	17161	91	-135.0	135	17161	91	-135.0	135	17161	91	-135.0	135	17161	91	-135.0	135	17161
92	-133.0	133	17294	92	-133.0	133	17294	92	-133.0	133	17294	92	-133.0	133	17294	92	-133.0	133	17294	92	-133.0	133	17294	92	-133.0	133	17294	92	-133.0	133	17294	92	-133.0	133	17294	92	-133.0	133	17294
93	-134.0	134	17428	93	-134.0	134	17428	93	-134.0	134	17428	93	-134.0	134	17428	93	-134.0	134	17428	93	-134.0	134	17428	93	-134.0	134	17428	93	-134.0	134	17428	93	-134.0	134	17428	93	-134.0	134	17428
94	-140.0	140	17568	94	-140.0	140	17568	94	-140.0	140	17568	94	-140.0	140	17568	94	-140.0	140	17568	94	-140.0	140	17568	94	-140.0	140	17568	94	-140.0	140	17568	94	-140.0	140	17568	94	-140.0	140	17568
95	-140.0	140	17708	95	-140.0	140	17708	95	-140.0	140	17708	95	-140.0	140	17708	95	-140.0	140	17708	95	-140.0	140	17708	95	-140.0	140	17708	95	-140.0	140	17708	95	-140.0	140	17708	95	-140.0	140	17708
96	-144.0	144	17852	96	-144.0	144	17852	96	-144.0	144	17852	96	-144.0	144	17852	96	-144.0	144	17852	96	-144.0	144	17852	96	-144.0	144	17852	96	-144.0	144	17852	96	-144.0	144	17852	96	-144.0	144	17852
97	-139.0	139	17991	97	-139.0	139	17991	97	-139.0	139	17991	97	-139.0	139	17991	97	-139.0	139	17991	97	-139.0	139	17991	97	-139.0	139	17991	97	-139.0	139	17991	97	-139.0	139	17991	97	-139.0	139	17991
98	-145.0	145	18136	98	-145.0	145	18136	98	-145.0	145	18136	98	-145.0	145	18136	98	-145.0	145	18136	98	-145.0	145	18136	98	-145.0	145	18136	98	-145.0	145	18136	98	-145.0	145	18136	98	-145.0	145	18136
99	-144.0	144	18280	99	-144.0	144	18280	99	-144.0	144	18280	99	-144.0	144	18280	99	-144.0	144	18280	99	-144.0	144	18280	99	-144.0	144	18280	99	-144.0	144	18280	99	-144.0	144	18280	99	-144.0	144	18280
100	-149.0	149	18429	100	-149.0	149	18429	100	-149.0	149	18429	100	-149.0	149	18429	100	-149.0	149	18429	100	-149.0	149	18429	100	-149.0	149	18429	100	-149.0	149	18429	100	-149.0	149	18429	100	-149.0	149	18429
101	-143.0	143	18572	101	-143.0	143	18572	101	-143.0	143	18572	101	-143.0	143	18572	101	-143.0	143	18572	101	-143.0	143	18572	101	-143.0	143	18572	101	-143.0	143	18572	101	-143.0	143	18572	101	-143.0	143	18572
102	-193.0	193	18765	102	-193.0	193	18765	102	-193.0	193	18765	102	-193.0	193	18765	102	-193.0	193	18765	102	-193.0	193	18765	102	-193.0	193	18765	102	-193.0	193	18765	102	-193.0	193	18765	102	-193.0	193	18765
103	-182.0	182	18947	103	-182.0	182	18947	103	-182.0	182	18947	103	-182.0	182	18947	103	-182.0	182	18947	103	-182.0	182	18947	103	-182.0	182	18947	103	-182.0	182	18947	103	-182.0	182	18947	103	-182.0	182	18947
104	-142.0	142	19089	104	-142.0	142	19089	104	-142.0	142	19089	104	-142.0	142	19089	104	-142.0	142	19089	104	-142.0	142	19089	104	-142.0	142	19089	104	-142.0	142	19089	104	-142.0	142	19089	104	-142.0	142	19089
105	-142.0	142	19231	105	-142.0	142	19231	105	-142.0	142	19231	105	-142.0	142	19231	105	-142.0	142	19231	105	-142.0	142	19231	105	-142.0	142	19231	105	-142.0	142	19231	105	-142.0	142	19231	105	-142.0	142	19231
106	-143.0	143	19374	106	-143.0	143	19374	106	-143.0	143	19374	106	-143.0	143	19374	106	-143.0	143	19374	106	-143.0	143	19374	106	-143.0	143	19374	106	-143.0	143	19374	106	-143.0	143	19374	106	-143.0	143	19374
107	-147.0	147	19521	107	-147.0	147	19521	107	-147.0	147	19521	107	-147.0	147	19521	107	-147.0	147	19521	107	-147.0	147	19521	107	-147.0	147	19521	107	-147.0	147	19521	107	-147.0	147	19521	107	-147.0	147	19521
108	-143.0	143	19664	108	-143.0	143	19664	108	-143.0	143	19664	108	-143.0	143	19664	108	-143.0	143	19664	108	-143.0	143	19664	108	-143.0	143	19664	108	-143.0	143	19664	108	-143.0	143	19664	108	-143.0	143	19664
109	-135.0	135	19799	109	-135.0	135	19799	109	-135.0	135	19799	109	-135.0	135	19799	109	-135.0	135	19799	109	-135.0	135	19799	109	-135.0	135	19799	109	-135.0	135	19799	109	-135.0	135	19799	109	-135.0	135	19799
110	-200.0	200	19999	110	-200.0	200	19999	110	-200.0	200	19999	110	-200.0	200	19999	110	-200.0	200	19999	110	-200.0	200	19999	110	-200.0	200	19999	110	-200.0	200	19999	110	-200.0	200	19999	110	-200.0	200	19999
111	-139.0	139	20138	111	-139.0	139	20138	111	-139.0	139	20138	111	-139.0	139	20138	111	-139.0	139	20138	111	-139.0	139	20138	111	-139.0	139	20138	111	-139.0	139	20138	111	-139.0	139	20138	111	-139.0	139	20138
112	-140.0	140	20278	112	-140.0	140	20278	112	-140.0	140	20278	112	-140.0	140	20278	112	-140.0	140	20278	112	-140.0	140	20278	112	-140.0	140	20278	112	-140.0	140	20278	112	-140.0	140	20278	112	-140.0	140	20278
113	-137.0	137	20415	113	-137.0	137	20415	113	-137.0	137	20415	113	-137.0	137	20415	113	-137.0	137	20415	113	-137.0	137	20415	113	-137.0	137	20415	113	-137.0	137	20415	113	-137.0	137	20415	113	-137.0	137	20415
114	-140.0	140	20555	114	-140.0	140	20555	114	-140.0	140	20555	114	-140.0	140	20555	114	-140.0	140	20555	114	-140.0	140	20555	114	-140.0	140	20555	114	-140.0	140	20555	114	-140.0	140	20555	114	-140.0	140	20555
115	-141.0	141	20696	115	-141.0	141	20696	115	-141.0	141	20696	115	-141.0	141	20696	115	-141.0	141	20696	115	-141.0	141	20696	115	-141.0	141	20696	115	-141.0	141	20696	115	-141.0	141	20696	115	-141.0	141	20696
116	-200.0	200	20896	116	-200.0	200	20896	116	-200.0	200	20896	116	-200.0	200	20896	116	-200.0	200	20896	116	-200.0	200	20896	116	-200.0	200	20896	116	-200.0	200	20896	116	-200.0	200	20896	116	-200.0	200	20896
117	-177.0	177	21073	117	-177.0	177	21073	117	-177.0	177	21073	117	-177.0	177	21073	117	-177.0	177	21073	117	-177.0	177	21073	117	-177.0	177	21073	117	-177.0	177	21073	117	-177.0	177	21073	117	-177.0	177	21073
118	-108.0	108	21181	118	-108.0	108	21181	118	-108.0	108	21181	118	-108.0	108	21181	118	-108.0	108	21181	118	-108.0	108	21181	118	-108.0	108	21181	118	-108.0	108	21181	118	-108.0	108	21181	118	-108.0	108	21181
119	-109.0	109	21290	119	-109.0	109	21290	119	-109.0	109	21290	119	-109.0	109	21290	119	-109.0	109	21290	119	-109.0	109	21290	119	-109.0	109	21290	119	-109.0	109	21290	119	-109.0	109	21290	119	-109.0	109	21290
120	-107.0	107	21397	120	-107.0	107	21397	120	-107.0	107	21397	120	-107.0	107	21397	120	-107.0	107	21397	120	-107.0	107	21397	120	-107.0	107	21397	120	-107.0	107	21397	120	-107.0	107	21397	120	-107.0	107	21397
121	-195.0	195	21592	121	-195.0	195	21592	121	-195.0	195	21592	121	-195.0	195	21592	121	-195.0	195	21592	121	-195.0	195	21592	121	-195.0	195	21592	121	-195.0	195	21592	121	-195.0	195	21592	121	-195.0	195	21592
122	-156.0	156	21748	122	-156.0	156	21748	122	-156.0	156	21748	122	-156.0	156	21748	122	-156.0	156	21748	122	-156.0	156	21748	122	-156.0	156	21748	122	-156.0	156	21748	122	-156.0	156	21748	122	-156.0	156	21748
123	-107.0	107	21855	123	-107.0	107	21855	123	-107.0	107	21855	123	-107.0	107	21855	123	-107.0	107	21855	123	-107.0	107	21855	123	-107.0	107	21855	123	-107.0	107	21855	123	-107.0	107	21855	123	-107.0	107	21855
124	-173.0	173	22028	124	-173.0	173	22028	124	-173.0	173	22028	124	-173.0	173	22028	124	-173.0	173	22028	124	-173.0	173	22028	124	-173.0	173	22028	124	-173.0	173	22028	124	-173.0	173	22028	124	-173.0	173	22028
125	-142.0	142	22170	125	-142.0	142	22170	125	-142.0	142	22170	125	-142.0	142	22170	125	-142.0	142	22170	125	-142.0	142	22170	125	-142.0	142	22170	125	-142.0	142	22170	125	-142.0	142	22170	125	-142.0	142	22170
126	-141.0	141	22311	126	-141.0	141	22311	126	-141.0	141	22311	126	-141.0	141	22311	126	-141.0	141	22311	126	-141.0	141	22311	126	-141.0	141	22311	126	-141.0	141	22311	126	-141.0	141	22311	126	-141.0	141	22311
127	-182.0	182	22493	127	-182.0	182	22493	127	-182.0	182	22493	127	-182.0	182	22493	127	-182.0	182	22493	127	-182.0	182	22493	127	-182.0	182	22493	127	-182.0	182	22493	127	-182.0	182	22493	127	-182.0	182	22493
128	-135.0	135	22628	128	-135.0	135	22628	128	-135.0	135	22628	128	-135.0	135	22628	128	-135.0	135	22628	128	-135.0	135	22628	128	-135.0	135	22628	128	-135.0	135	22628	128	-135.0	135	22628	128	-135.0	135	22628
129	-166.0	166	22794	129	-166.0	166	22794	129	-166.0	166	22794	129	-166.0	166	22794	129	-166.0	166	22794	129	-166.0	166	22794	129	-166.0	166	22794	129	-166.0	166	22794	129	-166.0	166	22794	129	-166.0	166	22794
130	-209.0	209	23003	130	-209.0	209	23003	130	-209.0	209	23003	130	-209.0	209	23003	130	-209.0	209	23003	130	-209.0	209	23003	130	-209.0	209	23003	130	-209.0	209	23003	130	-209.0	209	23003	130	-209.0	209	23003
131	-139.0	139	23142	131	-139.0	139	23142	131	-139.0	139	23142	131	-139.0	139	23142	131	-139.0	139	23142	131	-139.0	139	23142	131	-139.0	139	23142	131	-139.0	139	23142	131	-139.0	139	23142	131	-139.0	139	23142
132	-194.0	194	23336	132	-194.0	194	23336	132	-194.0	194	23336	132	-194.0	194	23336	132	-194.0	194	23336	132	-194.0	194	23336	132	-194.0	194	23336	132	-194.0	194	23336	132	-194.0	194	23336	132	-194.0	194	23336
133	-146.0	146	23482	133	-146.0	146	23482	133	-146.0	146	23482	133	-146.0	146	23482	133	-146.0	146	23482	133	-146.0	146	23482	133	-146.0	146	23482	133	-146.0	146	23482	133	-146.0	146	23482	133	-146.0	146	23482
134	-180.0	180	23662	134	-180.0	180	23662	134	-180.0	180	23662	134	-180.0	180	23662	134	-180.0	180	23662	134	-180.0	180	23662	134	-180.0	180	23662	134	-180.0	180	23662	134	-180.0	180	23662	134	-180.0	180	23662
135	-141.0	141	23803	135	-141.0	141	23803	135	-141.0	141	23803	135	-141.0	141	23803	135	-141.0	141	23803	135	-141.0	141	23803	135	-141.0	141	23803	135	-141.0	141	23803	135	-141.0	141	23803	135	-141.0	141	23803
136	-173.0	173	23976	136	-173.0	173	23976	136	-173.0	173	23976	136	-173.0	173	23976	136	-173.0	173	23976	136	-173.0	173	23976	136	-173.0	173	23976	136	-173.0	173	23976	136	-173.0	173	23976	136	-173.0	173	23976
137	-175.0	175	24151	137	-175.0	175	24151	137	-175.0	175	24151	137	-175.0	175	24151	137	-175.0	175	24151	137	-175.0	175	24151	137	-175.0	175	24151	137	-175.0	175	24151	137	-175.0	175	24151	137	-175.0	175	24151
138	-180.0	180	24331	138	-180.0	180	24331	138	-180.0	180	24331	138	-180.0	180	24331	138	-180.0	180	24331	138	-180.0	180	24331	138	-180.0	180	24331	138	-180.0	180	24331	138	-180.0	180	24331	138	-180.0	180	24331
139	-183.0	183	24514	139	-183.0	183	24514	139	-183.0	183	24514	139	-183.0	183	24514	139	-183.0	183	24514	139	-183.0	183	24514	139	-183.0	183	24514	139	-183.0	183	24514	139	-183.0	183	24514	139	-183.0	183	24514
140	-170.0	170	24684	140	-170.0	170	24684	140	-170.0	170	24684	140	-170.0	170	24684	140	-170.0	170	24684	140	-170.0	170	24684	140	-170.0	170	24684	140	-170.0	170	24684	140	-170.0	170	24684	140	-170.0	170	24684
141	-141.0	141	24825	141	-141.0	141	24825	141	-141.0	141	24825	141	-141.0	141	24825	141	-141.0	141	24825	141	-141.0	141	24825	141	-141.0	141	24825	141	-141.0	141	24825	141	-141.0	141	24825	141	-141.0	141	24825
142	-138.0	138	24963	142	-138.0	138	24963	142	-138.0	138	24963	142	-138.0	138	24963	142	-138.0	138	24963	142	-138.0	138	24963	142	-138.0	138	24963	142	-138.0	138	24963	142	-138.0	138	24963	142	-138.0	138	24963
143	-195.0	195	25158	143	-195.0	195	25158	143	-195.0	195	25158	143	-195.0	195	25158	143	-195.0	195	25158	143	-195.0	195	25158	143	-195.0	195	25158	143	-195.0	195	25158	143	-195.0	195	25158	143	-195.0	195	25158
144	-175.0	175	25333	144	-175.0	175	25333	144	-175.0	175	25333	144	-175.0	175	25333	144	-175.0	175	25333	144	-175.0	175	25333	144	-175.0	175	25333	144	-175.0	175	25333	144	-175.0	175	25333	144	-175.0	175	25333
145	-171.0	171	25504	145	-171.0	171	25504	145	-171.0	171	25504	145	-171.0	171	25504	145	-171.0	171	25504	145	-171.0	171	25504	145	-171.0	171	25504	145	-171.0	171	25504	145	-171.0	171	25504	145	-171.0	171	25504
146	-137.0	137	25641	146	-137.0	137	25641	146	-137.0	137	25641	146	-137.0	137	25641	146	-137.0	137	25641	146	-137.0	137	25641	146	-137.0	137	25641	146	-137.0	137	25641	146	-137.0	137	25641	146	-137.0	137	25641
147	-135.0	135	25776	147	-135.0	135	25776	147	-135.0	135	25776	147	-135.0	135	25776	147	-135.0	135	25776	147	-135.0	135	25776	147	-135.0	135	25776	147	-135.0	135	25776	147	-135.0	135	25776	147	-135.0	135	25776
148	-211.0	211	25987	148	-211.0	211	25987	148	-211.0	211	25987	148	-211.0	211	25987	148	-211.0	211	25987	148	-211.0	211	25987	148	-211.0	211	25987	148	-211.0	211	25987	148	-211.0	211	25987	148	-211.0	211	25987
149	-171.0	171	26158	149	-171.0	171	26158	149	-171.0	171	26158	149	-171.0	171	26158	149	-171.0	171	26158	149	-171.0	171	26158	149	-171.0	171	26158	149	-171.0	171	26158	149	-171.0	171	26158	149	-171.0	171	26158
150	-165.0	165	26323	150	-165.0	165	26323	150	-165.0	165	26323	150	-165.0	165	26323	150	-165.0	165	26323	150	-165.0	165	26323	150	-165.0	165	26323	150	-165.0	165	26323	150	-165.0	165	26323	150	-165.0	165	26323
151	-196.0	196	26519	151	-196.0	196	26519	151	-196.0	196	26519	151	-196.0	196	26519	151	-196.0	196	26519	151	-196.0	196	26519	151	-196.0	196	26519	151	-196.0	196	26519	151	-196.0	196	26519	151	-196.0	196	26519
152	-160.0	160	26679	152	-160.0	160	26679	152	-160.0	160	26679	152	-160.0	160	26679	152	-160.0	160	26679	152	-160.0	160	26679	152	-160.0	160	26679	152	-160.0	160	26679	152	-160.0	160	26679	152	-160.0	160	26679
153	-169.0	169	26848	153	-169.0	169	26848	153	-169.0	169	26848	153	-169.0	169	26848	153	-169.0	169	26848	153	-169.0	169	26848	153	-169.0	169	26848	153	-169.0	169	26848	153	-169.0	169	26848	153	-169.0	169	26848
154	-141.0	141	26989	154	-141.0	141	26989	154	-141.0	141	26989	154	-141.0	141	26989	154	-141.0	141	26989	154	-141.0	141	26989	154	-141.0	141	26989	154	-141.0	141	26989	154	-141.0	141	26989	154	-141.0	141	26989
155	-180.0	180	27169	155	-180.0	180	27169	155	-180.0	180	27169	155	-180.0	180	27169	155	-180.0	180	27169	155	-180.0	180	27169	155	-180.0	180	27169	155	-180.0	180	27169	155	-180.0	180	27169	155	-180.0	180	27169
156	-135.0	135	27304	156	-135.0	135	27304	156	-135.0	135	27304	156	-135.0	135	27304	156	-135.0	135	27304	156	-135.0	135	27304	156	-135.0	135	27304	156	-135.0	135	27304	156	-135.0	135	27304	156	-135.0	135	27304
157	-137.0	137	27441	157	-137.0	137	27441	157	-137.0	137	27441	157	-137.0	137	27441	157	-137.0	137	27441	157	-137.0	137	27441	157	-137.0	137	27441	157	-137.0	137	27441	157	-137.0	137	27441	157	-137.0	137	27441
158	-137.0	137	27578	158	-137.0	137	27578	158	-137.0	137	27578	158	-137.0	137	27578	158	-137.0	137	27578	158	-137.0	137	27578	158	-137.0	137	27578	158	-137.0	137	27578	158	-137.0	137	27578	158	-137.0	137	27578
159	-116.0	116	27694	159	-116.0	116	27694	159	-116.0	116	27694	159	-116.0	116	27694	159	-116.0	116	27694	159	-116.0	116	27694	159	-116.0	116	27694	159	-116.0	116	27694	159	-116.0	116	27694	159	-116.0	116	27694
160	-137.0	137	27831	160	-137.0	137	27831	160	-137.0	137	27831	160	-137.0	137	27831	160	-137.0	137	27831	160	-137.0	137	27831	160	-137.0	137	27831	160	-137.0	137	27831	160	-137.0	137	27831	160	-137.0	137	27831
161	-130.0	130	27961	161	-130.0	130	27961	161	-130.0	130	27961	161	-130.0	130	27961	161	-130.0	130	27961	161	-130.0	130	27961	161	-130.0	130	27961	161	-130.0	130	27961	161	-130.0	130	27961	161	-130.0	130	27961
162	-113.0	113	28074	162	-113.0	113	28074	162	-113.0	113	28074	162	-113.0	113	28074	162	-113.0	113	28074	162	-113.0	113	28074	162	-113.0	113	28074	162	-113.0	113	28074	162	-113.0	113	28074	162	-113.0	113	28074
163	-142.0	142	28216	163	-142.0	142	28216	163	-142.0	142	28216	163	-142.0	142	28216	163	-142.0	142	28216	163	-142.0	142	28216	163	-142.0	142	28216	163	-142.0	142	28216	163	-142.0	142	28216	163	-142.0	142	28216
164	-113.0	113	28329	164	-113.0	113	28329	164	-113.0	113	28329	164	-113.0	113	28329	164	-113.0	113	28329	164	-113.0	113	28329	164	-113.0	113	28329	164	-113.0	113	28329	164	-113.0	113	28329	164	-113.0	113	28329
165	-88.0	88	28417	165	-88.0	88	28417	165	-88.0	88	28417	165	-88.0	88	28417	165	-88.0	88	28417	165	-88.0	88	28417	165	-88.0	88	28417	165	-88.0	88	28417	165	-88.0	88	28417	165	-88.0	88	28417
166	-109.0	109	28526	166	-109.0	109	28526	166	-109.0	109	28526	166	-109.0	109	28526	166	-109.0	109	28526	166	-109.0	109	28526	166	-109.0	109	28526	166	-109.0	109	28526	166	-109.0	109	28526	166	-109.0	109	28526
167	-88.0	88	28614	167	-88.0	88	28614	167	-88.0	88	28614	167	-88.0	88	28614	167	-88.0	88	28614	167	-88.0	88	28614	167	-88.0	88	28614	167	-88.0	88	28614	167	-88.0	88	28614	167	-88.0	88	28614
168	-88.0	88	28702	168	-88.0	88	28702	168	-88.0	88	28702	168	-88.0	88	28702	168	-88.0	88	28702	168	-88.0	88	28702	168	-88.0	88	28702	168	-88.0	88	28702	168	-88.0	88	28702	168	-88.0	88	28702
169	-106.0	106	28808	169	-106.0	106	28808	169	-106.0	106	28808	169	-106.0	106	28808	169	-106.0	106	28808	169	-106.0	106	28808	169	-106.0	106	28808	169	-106.0	106	28808	169	-106.0	106	28808	169	-106.0	106	28808
170	-153.0	153	28961	170	-153.0	153	28961	170	-153.0	153	28961	170	-153.0	153	28961	170	-153.0	153	28961	170	-153.0	153	28961	170	-153.0	153	28961	170	-153.0	153	28961	170	-153.0	153	28961	170	-153.0	153	28961
171	-109.0	109	29070	171	-109.0	109	29070	171	-109.0	109	29070	171	-109.0	109	29070	171	-109.0	109	29070	171	-109.0	109	29070	171	-109.0	109	29070	171	-109.0	109	29070	171	-109.0	109	29070	171	-109.0	109	29070
172	-112.0	112	29182	172	-112.0	112	29182	172	-112.0	112	29182	172	-112.0	112	29182	172	-112.0	112	29182	172	-112.0	112	29182	172	-112.0	112	29182	172	-112.0	112	29182	172	-112.0	112	29182	172	-112.0	112	29182
173	-160.0	160	29342	173	-160.0	160	29342	173	-160.0	160	29342	173	-160.0	160	29342	173	-160.0	160	29342	173	-160.0	160	29342	173	-160.0	160	29342	173	-160.0	160	29342	173	-160.0	160	29342	173	-160.0	160	29342
174	-183.0	183	29525	174	-183.0	183	29525	174	-183.0	183	29525	174	-183.0	183	29525	174	-183.0	183	29525	174	-183.0	183	29525	174	-183.0	183	29525	174	-183.0	183	29525	174	-183.0	183	29525	174	-183.0	183	29525
175	-194.0	194	29719	175	-194.0	194	29719	175	-194.0	194	29719	175	-194.0	194	29719	175	-194.0	194	29719	175	-194.0	194	29719	175	-194.0	194	29719	175	-194.0	194	29719	175	-194.0	194	29719	175	-194.0	194	29719
176	-167.0	167	29886	176	-167.0	167	29886	176	-167.0	167	29886	176	-167.0	167	29886	176	-167.0	167	29886	176	-167.0	167	29886	176	-167.0	167	29886	176	-167.0	167	29886	176	-167.0	167	29886	176	-167.0	167	29886
177	-158.0	158	30044	177	-158.0	158	30044	177	-158.0	158	30044	177	-158.0	158	30044	177	-158.0	158	30044	177	-158.0	158	30044	177	-158.0	158	30044	177	-158.0	158	30044	177	-158.0	158	30044	177	-158.0	158	30044
178	-159.0	159	30203	178	-159.0	159	30203	178	-159.0	159	30203	178	-159.0	159	30203	178	-159.0	159	30203	178	-159.0	159	30203	178	-159.0	159	30203	178	-159.0	159	30203	178	-159.0	159	30203	178	-159.0	159	30203
179	-136.0	136	30339	179	-136.0	136	30339	179	-136.0	136	30339	179	-136.0	136	30339	179	-136.0	136	30339	179	-136.0	136	30339	179	-136.0	136	30339	179	-136.0	136	30339	179	-136.0	136	30339	179	-136.0	136	30339
180	-135.0	135	30474	180	-135.0	135	30474	180	-135.0	135	30474	180	-135.0	135	30474	180	-135.0	135	30474	180	-135.0	135	30474	180	-135.0	135	30474	180	-135.0	135	30474	180	-135.0	135	30474	180	-135.0	135	30474
181	-135.0	135	30609	181	-135.0	135	30609	181	-135.0	135	30609	181	-135.0	135	30609	181	-135.0	135	30609	181	-135.0	135	30609	181	-135.0	135	30609	181	-135.0	135	30609	181	-135.0	135	30609	181	-135.0	135	30609
182	-133.0	133	30742	182	-133.0	133	30742	182	-133.0	133	30742	182	-133.0	133	30742	182	-133.0	133	30742	182	-133.0	133	30742	182	-133.0	133	30742	182	-133.0	133	30742	182	-133.0	133	30742	182	-133.0	133	30742
183	-139.0	139	30881	183	-139.0	139	30881	183	-139.0	139	30881	183	-139.0	139	30881	183	-139.0	139	30881	183	-139.0	139	30881	183	-139.0	139	30881	183	-139.0	139	30881	183	-139.0	139	30881	183	-139.0	139	30881
184	-136.0	136	31017	184	-136.0	136	31017	184	-136.0	136	31017	184	-136.0	136	31017	184	-136.0	136	31017	184	-136.0	136	31017	184	-136.0	136	31017	184	-136.0	136	31017	184	-136.0	136	31017	184	-136.0	136	31017
185	-135.0	135	31152	185	-135.0	135	31152	185	-135.0	135	31152	185	-135.0	135	31152	185	-135.0	135	31152	185	-135.0	135	31152	185	-135.0	135	31152	185	-135.0	135	31152	185	-135.0	135	31152	185	-135.0	135	31152
186	-134.0	134	31286	186	-134.0	134	31286	186	-134.0	134	31286	186	-134.0	134	31286	186	-134.0	134	31286	186	-134.0	134	31286	186	-134.0	134	31286	186	-134.0	134	31286	186	-134.0	134	31286	186	-134.0	134	31286
187	-126.0	126	31412	187	-126.0	126	31412	187	-126.0	126	31412	187	-126.0	126	31412	187	-126.0	126	31412	187	-126.0	126	31412	187	-126.0	126	31412	187	-126.0	126	31412	187	-126.0	126	31412	187	-126.0	126	31412
188	-122.0	122	31534	188	-122.0	122	31534	188	-122.0	122	31534	188	-122.0	122	31534	188	-122.0	122	31534	188	-122.0	122	31534	188	-122.0	122	31534	188	-122.0	122	31534	188	-122.0	122	31534	188	-122.0	122	31534
189	-108.0	108	31642	189	-108.0	108	31642	189	-108.0	108	31642	189	-108.0	108	31642	189	-108.0	108	31642	189	-108.0	108	31642	189	-108.0	108	31642	189	-108.0	108	31642	189	-108.0	108	31642	189	-108.0	108	31642
190	-137.0	137	31779	190	-137.0	137	31779	190	-137.0	137	31779	190	-137.0	137	31779	190	-137.0	137	31779	190	-137.0	137	31779	190	-137.0	137	31779	190	-137.0	137	31779	190	-137.0	137	31779	190	-137.0	137	31779
191	-109.0	109	31888	191	-109.0	109	31888	191	-109.0	109	31888	191	-109.0	109	31888	191	-109.0	109	31888	191	-109.0	109	31888	191	-109.0	109	31888	191	-109.0	109	31888	191	-109.0	109	31888	191	-109.0	109	31888
192	-109.0	109	31997	192	-109.0	109	31997	192	-109.0	109	31997	192	-109.0	109	31997	192	-109.0	109	31997	192	-109.0	109	31997	192	-109.0	109	31997	192	-109.0	109	31997	192	-109.0	109	31997	192	-109.0	109	31997
193	-174.0	174	32171	193	-174.0	174	32171	193	-174.0	174	32171	193	-174.0	174	32171	193	-174.0	174	32171	193	-174.0	174	32171	193	-174.0	174	32171	193	-174.0	174	32171	193	-174.0	174	32171	193	-174.0	174	32171
194	-112.0	112	32283	194	-112.0	112	32283	194	-112.0	112	32283	194	-112.0	112	32283	194	-112.0	112	32283	194	-112.0	112	32283	194	-112.0	112	32283	194	-112.0	112	32283	194	-112.0	112	32283	194	-112.0	112	32283
195	-107.0	107	32390	195	-107.0	107	32390	195	-107.0	107	32390	195	-107.0	107	32390	195	-107.0	107	32390	195	-107.0	107	32390	195	-107.0	107	32390	195	-107.0	107	32390	195	-107.0	107	32390	195	-107.0	107	32390
196	-146.0	146	32536	196	-146.0	146	32536	196	-146.0	146	32536	196	-146.0	146	32536	196	-146.0	146	32536	196	-146.0	146	32536	196	-146.0	146	32536	196	-146.0	146	32536	196	-146.0	146	32536	196	-146.0	146	32536
197	-111.0	111	32647	197	-111.0	111	32647	197	-111.0	111	32647	197	-111.0	111	32647	197	-111.0	111	32647	197	-111.0	111	32647	197	-111.0	111	32647	197	-111.0	111	32647	197	-111.0	111	32647	197	-111.0	111	32647
198	-134.0	134	32781	198	-134.0	134	32781	198	-134.0	134	32781	198	-134.0	134	32781	198	-134.0	134	32781	198	-134.0	134	32781	198	-134.0	134	32781	198	-134.0	134	32781	198	-134.0	134	32781	198	-134.0	134	32781
199	-157.0	157	32938	199	-157.0	157	32938	199	-157.0	157	32938	199	-157.0	157	32938	199	-157.0	157	32938	199	-157.0	157	32938	199	-157.0	157	32938	199	-157.0	157	32938	199	-157.0	157	32938	199	-157.0	157	32938
200	-138.0	138	33076	200	-138.0	138	33076	200	-138.0	138	33076	200	-138.0	138	33076	200	-138.0	138	33076	200	-138.0	138	33076	200	-138.0	138	33076	200	-138.0	138	33076	200	-138.0	138	33076	200	-138.0	138	33076
201	-136.0	136	33212	201	-136.0	136	33212	201	-136.0	136	33212	201	-136.0	136	33212	201	-136.0	136	33212	201	-136.0	136	33212	201	-136.0	136	33212	201	-136.0	136	33212	201	-136.0	136	33212	201	-136.0	136	33212
202	-138.0	138	33350	202	-138.0	138	33350	202	-138.0	138	33350	202	-138.0	138	33350	202	-138.0	138	33350	202	-138.0	138	33350	202	-138.0	138	33350	202	-138.0	138	33350	202	-138.0	138	33350	202	-138.0	138	33350
203	-137.0	137	33487	203	-137.0	137	33487	203	-137.0	137	33487	203	-137.0	137	33487	203	-137.0	137	33487	203	-137.0	137	33487	203	-137.0	137	33487	203	-137.0	137	33487	203	-137.0	137	33487	203	-137.0	137	33487
204	-110.0	110	33597	204	-110.0	110	33597	204	-110.0	110	33597	204	-110.0	110	33597	204	-110.0	110	33597	204	-110.0	110	33597	204	-110.0	110	33597	204	-110.0	110	33597	204	-110.0	110	33597	204	-110.0	110	33597
205	-137.0	137	33734	205	-137.0	137	33734	205	-137.0	137	33734	205	-137.0	137	33734	205	-137.0	137	33734	205	-137.0	137	33734	205	-137.0	137	33734	205	-137.0	137	33734	205	-137.0	137	33734	205	-137.0	137	33734
206	-110.0	110	33844	206	-110.0	110	33844	206	-110.0	110	33844	206	-110.0	110	33844	206	-110.0	110	33844	206	-110.0	110	33844	206	-110.0	110	33844	206	-110.0	110	33844	206	-110.0	110	33844	206	-110.0	110	33844
207	-113.0	113	33957	207	-113.0	113	33957	207	-113.0	113	33957	207	-113.0	113	33957	207	-113.0	113	33957	207	-113.0	113	33957	207	-113.0	113	33957	207	-113.0	113	33957	207	-113.0	113	33957	207	-113.0	113	33957
208	-115.0	115	34072	208	-115.0	115	34072	208	-115.0	115	34072	208	-115.0	115	34072	208	-115.0	115	34072	208	-115.0	115	34072	208	-115.0	115	34072	208	-115.0	115	34072	208	-115.0	115	34072	208	-115.0	115	34072
209	-164.0	164	34236	209	-164.0	164	34236	209	-164.0	164	34236	209	-164.0	164	34236	209	-164.0	164	34236	209	-164.0	164	34236	209	-164.0	164	34236	209	-164.0	164	34236	209	-164.0	164	34236	209	-164.0	164	34236
210	-118.0	118	34354	210	-118.0	118	34354	210	-118.0	118	34354	210	-118.0	118	34354	210	-118.0	118	34354	210	-118.0	118	34354	210	-118.0	118	34354	210	-118.0	118	34354	210	-118.0	118	34354	210	-118.0	118	34354
211	-138.0	138	34492	211	-138.0	138	34492	211	-138.0	138	34492	211	-138.0	138	34492	211	-138.0	138	34492	211	-138.0	138	34492	211	-138.0	138	34492	211	-138.0	138	34492	211	-138.0	138	34492	211	-138.0	138	34492
212	-136.0	136	34628	212	-136.0	136	34628	212	-136.0	136	34628	212	-136.0	136	34628	212	-136.0	136	34628	212	-136.0	136	34628	212	-136.0	136	34628	212	-136.0	136	34628	212	-136.0	136	34628	212	-136.0	136	34628
213	-153.0	153	34781	213	-153.0	153	34781	213	-153.0	153	34781	213	-153.0	153	34781	213	-153.0	153	34781	213	-153.0	153	34781	213	-153.0	153	34781	213	-153.0	153	34781	213	-153.0	153	34781	213	-153.0	153	34781
214	-134.0	134	34915	214	-134.0	134	34915	214	-134.0	134	34915	214	-134.0	134	34915	214	-134.0	134	34915	214	-134.0	134	34915	214	-134.0	134	34915	214	-134.0	134	34915	214	-134.0	134	34915	214	-134.0	134	34915
215	-138.0	138	35053	215	-138.0	138	35053	215	-138.0	138	35053	215	-138.0	138	35053	215	-138.0	138	35053	215	-138.0	138	35053	215	-138.0	138	35053	215	-138.0	138	35053	215	-138.0	138	35053	215	-138.0	138	35053
216	-135.0	135	35188	216	-135.0	135	35188	216	-135.0	135	35188	216	-135.0	135	35188	216	-135.0	135	35188	216	-135.0	135	35188	216	-135.0	135	35188	216	-135.0	135	35188	216	-135.0	135	35188	216	-135.0	135	35188
217	-111.0	111	35299	217	-111.0	111	35299	217	-111.0	111	35299	217	-111.0	111	35299	217	-111.0	111	35299	217	-111.0	111	35299	217	-111.0	111	35299	217	-111.0	111	35299	217	-111.0	111	35299	217	-111.0	111	35299
218	-135.0	135	35434	218	-135.0	135	35434	218	-135.0	135	35434	218	-135.0	135	35434	218	-135.0	135	35434	218	-135.0	135	35434	218	-135.0	135	35434	218	-135.0	135	35434	218	-135.0	135	35434	218	-135.0	135	35434
219	-136.0	136	35570	219	-136.0	136	35570	219	-136.0	136	35570	219	-136.0	136	35570	219	-136.0	136	35570	219	-136.0	136	35570	219	-136.0	136	35570	219	-136.0	136	35570	219	-136.0	136	35570	219	-136.0	136	35570
220	-135.0	135	35705	220	-135.0	135	35705	220	-135.0	135	35705	220	-135.0	135	35705	220	-135.0	135	35705	220	-135.0	135	35705	220	-135.0	135	35705	220	-135.0	135	35705	220	-135.0	135	35705	220	-135.0	135	35705
221	-145.0	145	35850	221	-145.0	145	35850	221	-145.0	145	35850	221	-145.0	145	35850	221	-145.0	145	35850	221	-145.0	145	35850	221	-145.0	145	35850	221	-145.0	145	35850	221	-145.0	145	35850	221	-145.0	145	35850
222	-135.0	135	35985	222	-135.0	135	35985	222	-135.0	135	35985	222	-135.0	135	35985	222	-135.0	135	35985	222	-135.0	135	35985	222	-135.0	135	35985	222	-135.0	135	35985	222	-135.0	135	35985	222	-135.0	135	35985
223	-134.0	134	36119	223	-134.0	134	36119	223	-134.0	134	36119	223	-134.0	134	36119	223	-134.0	134	36119	223	-134.0	134	36119	223	-134.0	134	36119	223	-134.0	134	36119	223	-134.0	134	36119	223	-134.0	134	36119
224	-137.0	137	36256	224	-137.0	137	36256	224	-137.0	137	36256	224	-137.0	137	36256	224	-137.0	137	36256	224	-137.0	137	36256	224	-137.0	137	36256	224	-137.0	137	36256	224	-137.0	137	36256	224	-137.0	137	36256
225	-108.0	108	36364	225	-108.0	108	36364	225	-108.0	108	36364	225	-108.0	108	36364	225	-108.0	108	36364	225	-108.0	108	36364	225	-108.0	108	36364	225	-108.0	108	36364	225	-108.0	108	36364	225	-108.0	108	36364
226	-141.0	141	36505	226	-141.0	141	36505	226	-141.0	141	36505	226	-141.0	141	36505	226	-141.0	141	36505	226	-141.0	141	36505	226	-141.0	141	36505	226	-141.0	141	36505	226	-141.0	141	36505	226	-141.0	141	36505
227	-106.0	106	36611	227	-106.0	106	36611	227	-106.0	106	36611	227	-106.0	106	36611	227	-106.0	106	36611	227	-106.0	106	36611	227	-106.0	106	36611	227	-106.0	106	36611	227	-106.0	106	36611	227	-106.0	106	36611
228	-134.0	134	36745	228	-134.0	134	36745	228	-134.0	134	36745	228	-134.0	134	36745	228	-134.0	134	36745	228	-134.0	134	36745	228	-134.0	134	36745	228	-134.0	134	36745	228	-134.0	134	36745	228	-134.0	134	36745
229	-134.0	134	36879	229	-134.0	134	36879	229	-134.0	134	36879	229	-134.0	134	36879	229	-134.0	134	36879	229	-134.0	134	36879	229	-134.0	134	36879	229	-134.0	134	36879	229	-134.0	134	36879	229	-134.0	134	36879
230	-135.0	135	37014	230	-135.0	135	37014	230	-135.0	135	37014	230	-135.0	135	37014	230	-135.0	135	37014	230	-135.0	135	37014	230	-135.0	135	37014	230	-135.0	135	37014	230	-135.0	135	37014	230	-135.0	135	37014
231	-113.0	113	37127	231	-113.0	113	37127	231	-113.0	113	37127	231	-113.0	113	37127	231	-113.0	113	37127	231	-113.0	113	37127	231	-113.0	113	37127	231	-113.0	113	37127	231	-113.0	113	37127	231	-113.0	113	37127
232	-134.0	134	37261	232	-134.0	134	37261	232	-134.0	134	37261	232	-134.0	134	37261	232	-134.0	134	37261	232	-134.0	134	37261	232	-134.0	134	37261	232	-134.0	134	37261	232	-134.0	134	37261	232	-134.0	134	37261
233	-134.0	134	37395	233	-134.0	134	37395	233	-134.0	134	37395	233	-134.0	134	37395	233	-134.0	134	37395	233	-134.0	134	37395	233	-134.0	134	37395	233	-134.0	134	37395	233	-134.0	134	37395	233	-134.0	134	37395
234	-204.0	204	37599	234	-204.0	204	37599	234	-204.0	204	37599	234	-204.0	204	37599	234	-204.0	204	37599	234	-204.0	204	37599	234	-204.0	204	37599	234	-204.0	204	37599	234	-204.0	204	37599	234	-204.0	204	37599
235	-137.0	137	37736	235	-137.0	137	37736	235	-137.0	137	37736	235	-137.0	137	37736	235	-137.0	137	37736	235	-137.0	137	37736	235	-137.0	137	37736	235	-137.0	137	37736	235	-137.0	137	37736	235	-137.0	137	37736
236	-111.0	111	37847	236	-111.0	111	37847	236	-111.0	111	37847	236	-111.0	111	37847	236	-111.0	111	37847	236	-111.0	111	37847	236	-111.0	111	37847	236	-111.0	111	37847	236	-111.0	111	37847	236	-111.0	111	37847
237	-167.0	167	38014	237	-167.0	167	38014	237	-167.0	167	38014	237	-167.0	167	38014	237	-167.0	167	38014	237	-167.0	167	38014	237	-167.0	167	38014	237	-167.0	167	38014	237	-167.0	167	38014	237	-167.0	167	38014
238	-141.0	141	38155	238	-141.0	141	38155	238	-141.0	141	38155	238	-141.0	141	38155	238	-141.0	141	38155	238	-141.0	141	38155	238	-141.0	141	38155	238	-141.0	141	38155	238	-141.0	141	38155	238	-141.0	141	38155
239	-174.0	174	38329	239	-174.0	174	38329	239	-174.0	174	38329	239	-174.0	174	38329	239	-174.0	174	38329	239	-174.0	174	38329	239	-174.0	174	38329	239	-174.0	174	38329	239	-174.0	174	38329	239	-174.0	174	38329
240	-143.0	143	38472	240	-143.0	143	38472	240	-143.0	143	38472	240	-143.0	143	38472	240	-143.0	143	38472	240	-143.0	143	38472	240	-143.0	143	38472	240	-143.0	143	38472	240	-143.0	143	38472	240	-143.0	143	38472
241	-130.0	130	38602	241	-130.0	130	38602	241	-130.0	130	38602	241	-130.0	130	38602	241	-130.0	130	38602	241	-130.0	130	38602	241	-130.0	130	38602	241	-130.0	130	38602	241	-130.0	130	38602	241	-130.0	130	38602
242	-130.0	130	38732	242	-130.0	130	38732	242	-130.0	130	38732	242	-130.0	130	38732	242	-130.0	130	38732	242	-130.0	130	38732	242	-130.0	130	38732	242	-130.0	130	38732	242	-130.0	130	38732	242	-130.0	130	38732
243	-131.0	131	38863	243	-131.0	131	38863	243	-131.0	131	38863	243	-131.0	131	38863	243	-131.0	131	38863	243	-131.0	131	38863	243	-131.0	131	38863	243	-131.0	131	38863	243	-131.0	131	38863	243	-131.0	131	38863
244	-135.0	135	38998	244	-135.0	135	38998	244	-135.0	135	38998	244	-135.0	135	38998	244	-135.0	135	38998	244	-135.0	135	38998	244	-135.0	135	38998	244	-135.0	135	38998	244	-135.0	135	38998	244	-135.0	135	38998
245	-136.0	136	39134	245	-136.0	136	39134	245	-136.0	136	39134	245	-136.0	136	39134	245	-136.0	136	39134	245	-136.0	136	39134	245	-136.0	136	39134	245	-136.0	136	39134	245	-136.0	136	39134	245	-136.0	136	39134
246	-133.0	133	39267	246	-133.0	133	39267	246	-133.0	133	39267	246	-133.0	133	39267	246	-133.0	133	39267	246	-133.0	133	39267	246	-133.0	133	39267	246	-133.0	133	39267	246	-133.0	133	39267	246	-133.0	133	39267
247	-137.0	137	39404	247	-137.0	137	39404	247	-137.0	137	39404	247	-137.0	137	39404	247	-137.0	137	39404	247	-137.0	137	39404	247	-137.0	137	39404	247	-137.0	137	39404	247	-137.0	137	39404	247	-137.0	137	39404
248	-137.0	137	39541	248	-137.0	137	39541	248	-137.0	137	39541	248	-137.0	137	39541	248	-137.0	137	39541	248	-137.0	137	39541	248	-137.0	137	39541	248	-137.0	137	39541	248	-137.0	137	39541	248	-137.0	137	39541
249	-137.0	137	39678	249	-137.0	137	39678	249	-137.0	137	39678	249	-137.0	137	39678	249	-137.0	137	39678	249	-137.0	137	39678	249	-137.0	137	39678	249	-137.0	137	39678	249	-137.0	137	39678	249	-137.0	137	39678
250	-155.0	155	39833	250	-155.0	155	39833	250	-155.0	155	39833	250	-155.0	155	39833	250	-155.0	155	39833	250	-155.0	155	39833	250	-155.0	155	39833	250	-155.0	155	39833	250	-155.0	155	39833	250	-155.0	155	39833
251	-186.0	186	40019	251	-186.0	186	40019	251	-186.0	186	40019	251	-186.0	186	40019	251	-186.0	186	40019	251	-186.0	186	40019	251	-186.0	186	40019	251	-186.0	186	40019	251	-186.0	186	40019	251	-186.0	186	40019
252	-139.0	139	40158	252	-139.0	139	40158	252	-139.0	139	40158	252	-139.0	139	40158	252	-139.0	139	40158	252	-139.0	139	40158	252	-139.0	139	40158	252	-139.0	139	40158	252	-139.0	139	40158	252	-139.0	139	40158
253	-134.0	134	40292	253	-134.0	134	40292	253	-134.0	134	40292	253	-134.0	134	40292	253	-134.0	134	40292	253	-134.0	134	40292	253	-134.0	134	40292	253	-134.0	134	40292	253	-134.0	134	40292	253	-134.0	134	40292
254	-138.0	138	40430	254	-138.0	138	40430	254	-138.0	138	40430	254	-138.0	138	40430	254	-138.0	138	40430	254	-138.0	138	40430	254	-138.0	138	40430	254	-138.0	138	40430	254	-138.0	138	40430	254	-138.0	138	40430
255	-214.0	214	40644	255	-214.0	214	40644	255	-214.0	214	40644	255	-214.0	214	40644	255	-214.0	214	40644	255	-214.0	214	40644	255	-214.0	214	40644	255	-214.0	214	40644	255	-214.0	214	40644	255	-214.0	214	40644
256	-143.0	143	40787	256	-143.0	143	40787	256	-143.0	143	40787	256	-143.0	143	40787	256	-143.0	143	40787	256	-143.0	143	40787	256	-143.0	143	40787	256	-143.0	143	40787	256	-143.0	143	40787	256	-143.0	143	40787
257	-141.0	141	40928	257	-141.0	141	40928	257	-141.0	141	40928	257	-141.0	141	40928	257	-141.0	141	40928	257	-141.0	141	40928	257	-141.0	141	40928	257	-141.0	141	40928	257	-141.0	141	40928	257	-141.0	141	40928
258	-139.0	139	41067	258	-139.0	139	41067	258	-139.0	139	41067	258	-139.0	139	41067	258	-139.0	139	41067	258	-139.0	139	41067	258	-139.0	139	41067	258	-139.0	139	41067	258	-139.0	139	41067	258	-139.0	139	41067
259	-186.0	186	41253	259	-186.0	186	41253	259	-186.0	186	41253	259	-186.0	186	41253	259	-186.0	186	41253	259	-186.0	186	41253	259	-186.0	186	41253	259	-186.0	186	41253	259	-186.0	186	41253	259	-186.0	186	41253
260	-107.0	107	41360	260	-107.0	107	41360	260	-107.0	107	41360	260	-107.0	107	41360	260	-107.0	107	41360	260	-107.0	107	41360	260	-107.0	107	41360	260	-107.0	107	41360	260	-107.0	107	41360	260	-107.0	107	41360
261	-136.0	136	41496	261	-136.0	136	41496	261	-136.0	136	41496	261	-136.0	136	41496	261	-136.0	136	41496	261	-136.0	136	41496	261	-136.0	136	41496	261	-136.0	136	41496	261	-136.0	136	41496	261	-136.0	136	41496
262	-107.0	107	41603	262	-107.0	107	41603	262	-107.0	107	41603	262	-107.0	107	41603	262	-107.0	107	41603	262	-107.0	107	41603	262	-107.0	107	41603	262	-107.0	107	41603	262	-107.0	107	41603	262	-107.0	107	41603
263	-108.0	108	41711	263	-108.0	108	41711	263	-108.0	108	41711	263	-108.0	108	41711	263	-108.0	108	41711	263	-108.0	108	41711	263	-108.0	108	41711	263	-108.0	108	41711	263	-108.0	108	41711	263	-108.0	108	41711
264	-136.0	136	41847	264	-136.0	136	41847	264	-136.0	136	41847	264	-136.0	136	41847	264	-136.0	136	41847	264	-136.0	136	41847	264	-136.0	136	41847	264	-136.0	136	41847	264	-136.0	136	41847	264	-136.0	136	41847
265	-137.0	137	41984	265	-137.0	137	41984	265	-137.0	137	41984	265	-137.0	137	41984	265	-137.0	137	41984	265	-137.0	137	41984	265	-137.0	137	41984	265	-137.0	137	41984	265	-137.0	137	41984	265	-137.0	137	41984
266	-108.0	108	42092	266	-108.0	108	42092	266	-108.0	108	42092	266	-108.0	108	42092	266	-108.0	108	42092	266	-108.0	108	42092	266	-108.0	108	42092	266	-108.0	108	42092	266	-108.0	108	42092	266	-108.0	108	42092
267	-111.0	111	42203	267	-111.0	111	42203	267	-111.0	111	42203	267	-111.0	111	42203	267	-111.0	111	42203	267	-111.0	111	42203	267	-111.0	111	42203	267	-111.0	111	42203	267	-111.0	111	42203	267	-111.0	111	42203
268	-109.0	109	42312	268	-109.0	109	42312	268	-109.0	109	42312	268	-109.0	109	42312	268	-109.0	109	42312	268	-109.0	109	42312	268	-109.0	109	42312	268	-109.0	109	42312	268	-109.0	109	42312	268	-109.0	109	42312
269	-109.0	109	42421	269	-109.0	109	42421	269	-109.0	109	42421	269	-109.0	109	42421	269	-109.0	109	42421	269	-109.0	109	42421	269	-109.0	109	42421	269	-109.0	109	42421	269	-109.0	109	42421	269	-109.0	109	42421
270	-108.0	108	42529	270	-108.0	108	42529	270	-108.0	108	42529	270	-108.0	108	42529	270	-108.0	108	42529	270	-108.0	108	42529	270	-108.0	108	42529	270	-108.0	108	42529	270	-108.0	108	42529	270	-108.0	108	42529
271	-108.0	108	42637	271	-108.0	108	42637	271	-108.0	108	42637	271	-108.0	108	42637	271	-108.0	108	42637	271	-108.0	108	42637	271	-108.0	108	42637	271	-108.0	108	42637	271	-108.0	108	42637	271	-108.0	108	42637
272	-108.0	108	42745	272	-108.0	108	42745	272	-108.0	108	42745	272	-108.0	108	42745	272	-108.0	108	42745	272	-108.0	108	42745	272	-108.0	108	42745	272	-108.0	108	42745	272	-108.0	108	42745	272	-108.0	108	42745
273	-108.0	108	42853	273	-108.0	108	42853	273	-108.0	108	42853	273	-108.0	108	42853	273	-108.0	108	42853	273	-108.0	108	42853	273	-108.0	108	42853	273	-108.0	108	42853	273	-108.0	108	42853	273	-108.0	108	42853
274	-108.0	108	42961	274	-108.0	108	42961	274	-108.0	108	42961	274	-108.0	108	42961	274	-108.0	108	42961	274	-108.0	108	42961	274	-108.0	108	42961	274	-108.0	108	42961	274	-108.0	108	42961	274	-108.0	108	42961
275	-137.0	137	43098	275	-137.0	137	43098	275	-137.0	137	43098	275	-137.0	137	43098	275	-137.0	137	43098	275	-137.0	137	43098	275	-137.0	137	43098	275	-137.0	137	43098	275	-137.0	137	43098	275	-137.0	137	43098
276	-111.0	111	43209	276	-111.0	111	43209	276	-111.0	111	43209	276	-111.0	111	43209	276	-111.0	111	43209	276	-111.0	111	43209	276	-111.0	111	43209	276	-111.0	111	43209	276	-111.0	111	43209	276	-111.0	111	43209
277	-144.0	144	43353	277	-144.0	144	43353	277	-144.0	144	43353	277	-144.0	144	43353	277	-144.0	144	43353	277	-144.0	144	43353	277	-144.0	144	43353	277	-144.0	144	43353	277	-144.0	144	43353	277	-144.0	144	43353
278	-132.0	132	43485	278	-132.0	132	43485	278	-132.0	132	43485	278	-132.0	132	43485	278	-132.0	132	43485	278	-132.0	132	43485	278	-132.0	132	43485	278	-132.0	132	43485	278	-132.0	132	43485	278	-132.0	132	43485
279	-113.0	113	43598	279	-113.0	113	43598	279	-113.0	113	43598	279	-113.0	113	43598	279	-113.0	113	43598	279	-113.0	113	43598	279	-113.0	113	43598	279	-113.0	113	43598	279	-113.0	113	43598	279	-113.0	113	43598
280	-138.0	138	43736	280	-138.0	138	43736	280	-138.0	138	43736	280	-138.0	138	43736	280	-138.0	138	43736	280	-138.0	138	43736	280	-138.0	138	43736	280	-138.0	138	43736	280	-138.0	138	43736	280	-138.0	138	43736
281	-138.0	138	43874	281	-138.0	138	43874	281	-138.0	138	43874	281	-138.0	138	43874	281	-138.0	138	43874	281	-138.0	138	43874	281	-138.0	138	43874	281	-138.0	138	43874	281	-138.0	138	43874	281	-138.0	138	43874
282	-106.0	106	43980	282	-106.0	106	43980	282	-106.0	106	43980	282	-106.0	106	43980	282	-106.0	106	43980	282	-106.0	106	43980	282	-106.0	106	43980	282	-106.0	106	43980	282	-106.0	106	43980	282	-106.0	106	43980
283	-141.0	141	44121	283	-141.0	141	44121	283	-141.0	141	44121	283	-141.0	141	44121	283	-141.0	141	44121	283	-141.0	141	44121	283	-141.0	141	44121	283	-141.0	141	44121	283	-141.0	141	44121	283	-141.0	141	44121
284	-141.0	141	44262	284	-141.0	141	44262	284	-141.0	141	44262	284	-141.0	141	44262	284	-141.0	141	44262	284	-141.0	141	44262	284	-141.0	141	44262	284	-141.0	141	44262	284	-141.0	141	44262	284	-141.0	141	44262
285	-138.0	138	44400	285	-138.0	138	44400	285	-138.0	138	44400	285	-138.0	138	44400	285	-138.0	138	44400	285	-138.0	138	44400	285	-138.0	138	44400	285	-138.0	138	44400	285	-138.0	138	44400	285	-138.0	138	44400
286	-116.0	116	44516	286	-116.0	116	44516	286	-116.0	116	44516	286	-116.0	116	44516	286	-116.0	116	44516	286	-116.0	116	44516	286	-116.0	116	44516	286	-116.0	116	44516	286	-116.0	116	44516	286	-116.0	116	44516
287	-109.0	109	44625	287	-109.0	109	44625	287	-109.0	109	44625	287	-109.0	109	44625	287	-109.0	109	44625	287	-109.0	109	44625	287	-109.0	109	44625	287	-109.0	109	44625	287	-109.0	109	44625	287	-109.0	109	44625
288	-114.0	114	44739	288	-114.0	114	44739	288	-114.0	114	44739	288	-114.0	114	44739	288	-114.0	114	44739	288	-114.0	114	44739	288	-114.0	114	44739	288	-114.0	114	44739	288	-114.0	114	44739	288	-114.0	114	44739
289	-114.0	114	44853	289	-114.0	114	44853	289	-114.0	114	44853	289	-114.0	114	44853	289	-114.0	114	44853	289	-114.0	114	44853	289	-114.0	114	44853	289	-114.0	114	44853	289	-114.0	114	44853	289	-114.0	114	44853
290	-110.0	110	44963	290	-110.0	110	44963	290	-110.0	110	44963	290	-110.0	110	44963	290	-110.0	110	44963	290	-110.0	110	44963	290	-110.0	110	44963	290	-110.0	110	44963	290	-110.0	110	44963	290	-110.0	110	44963
291	-111.0	111	45074	291	-111.0	111	45074	291	-111.0	111	45074	291	-111.0	111	45074	291	-111.0	111	45074	291	-111.0	111	45074	291	-111.0	111	45074	291	-111.0	111	45074	291	-111.0	111	45074	291	-111.0	111	45074
292	-137.0	137	45211	292	-137.0	137	45211	292	-137.0	137	45211	292	-137.0	137	45211	292	-137.0	137	45211	292	-137.0	137	45211	292	-137.0	137	45211	292	-137.0	137	45211	292	-137.0	137	45211	292	-137.0	137	45211
293	-212.0	212	45423	293	-212.0	212	45423	293	-212.0	212	45423	293	-212.0	212	45423	293	-212.0	212	45423	293	-212.0	212	45423	293	-212.0	212	45423	293	-212.0	212	45423	293	-212.0	212	45423	293	-212.0	212	45423
294	-137.0	137	45560	294	-137.0	137	45560	294	-137.0	137	45560	294	-137.0	137	45560	294	-137.0	137	45560	294	-137.0	137	45560	294	-137.0	137	45560	294	-137.0	137	45560	294	-137.0	137	45560	294	-137.0	137	45560
295	-110.0	110	45670	295	-110.0	110	45670	295	-110.0	110	45670	295	-110.0	110	45670	295	-110.0	110	45670	295	-110.0	110	45670	295	-110.0	110	45670	295	-110.0	110	45670	295	-110.0	110	45670	295	-110.0	110	45670
296	-113.0	113	45783	296	-113.0	113	45783	296	-113.0	113	45783	296	-113.0	113	45783	296	-113.0	113	45783	296	-113.0	113	45783	296	-113.0	113	45783	296	-113.0	113	45783	296	-113.0	113	45783	296	-113.0	113	45783
297	-111.0	111	45894	297	-111.0	111	45894	297	-111.0	111	45894	297	-111.0	111	45894	297	-111.0	111	45894	297	-111.0	111	45894	297	-111.0	111	45894	297	-111.0	111	45894	297	-111.0	111	45894	297	-111.0	111	45894
298	-110.0	110	46004	298	-110.0	110	46004	298	-110.0	110	46004	298	-110.0	110	46004	298	-110.0	110	46004	298	-110.0	110	46004	298	-110.0	110	46004	298	-110.0	110	46004	298	-110.0	110	46004	298	-110.0	110	46004
299	-109.0	109	46113	299	-109.0	109	46113	299	-109.0	109	46113	299	-109.0	109	46113	299	-109.0	109	46113	299	-109.0	109	46113	299	-109.0	109	46113	299	-109.0	109	46113	299	-109.0	109	46113	299	-109.0	109	46113
