Episode	Accumulated Reward	Length	Steps	Episode	Accumulated Reward	Length	Steps	Episode	Accumulated Reward	Length	Steps
0	-500.0	500	500	0	-500.0	500	500	0	-500.0	500	500
1	-500.0	500	1000	1	-500.0	500	1000	1	-500.0	500	1000
2	-500.0	500	1500	2	-500.0	500	1500	2	-500.0	500	1500
3	-428.0	428	1928	3	-428.0	428	1928	3	-428.0	428	1928
4	-390.0	390	2318	4	-390.0	390	2318	4	-390.0	390	2318
5	-329.0	329	2647	5	-329.0	329	2647	5	-329.0	329	2647
6	-375.0	375	3022	6	-375.0	375	3022	6	-375.0	375	3022
7	-404.0	404	3426	7	-404.0	404	3426	7	-404.0	404	3426
8	-162.0	162	3588	8	-162.0	162	3588	8	-162.0	162	3588
9	-411.0	411	3999	9	-411.0	411	3999	9	-411.0	411	3999
10	-239.0	239	4238	10	-239.0	239	4238	10	-239.0	239	4238
11	-194.0	194	4432	11	-194.0	194	4432	11	-194.0	194	4432
12	-243.0	243	4675	12	-243.0	243	4675	12	-243.0	243	4675
13	-245.0	245	4920	13	-245.0	245	4920	13	-245.0	245	4920
14	-194.0	194	5114	14	-194.0	194	5114	14	-194.0	194	5114
15	-193.0	193	5307	15	-193.0	193	5307	15	-193.0	193	5307
16	-218.0	218	5525	16	-218.0	218	5525	16	-218.0	218	5525
17	-187.0	187	5712	17	-187.0	187	5712	17	-187.0	187	5712
18	-160.0	160	5872	18	-160.0	160	5872	18	-160.0	160	5872
19	-236.0	236	6108	19	-236.0	236	6108	19	-236.0	236	6108
20	-201.0	201	6309	20	-201.0	201	6309	20	-201.0	201	6309
21	-154.0	154	6463	21	-154.0	154	6463	21	-154.0	154	6463
22	-178.0	178	6641	22	-178.0	178	6641	22	-178.0	178	6641
23	-247.0	247	6888	23	-247.0	247	6888	23	-247.0	247	6888
24	-175.0	175	7063	24	-175.0	175	7063	24	-175.0	175	7063
25	-216.0	216	7279	25	-216.0	216	7279	25	-216.0	216	7279
26	-155.0	155	7434	26	-155.0	155	7434	26	-155.0	155	7434
27	-145.0	145	7579	27	-145.0	145	7579	27	-145.0	145	7579
28	-145.0	145	7724	28	-145.0	145	7724	28	-145.0	145	7724
29	-227.0	227	7951	29	-227.0	227	7951	29	-227.0	227	7951
30	-175.0	175	8126	30	-175.0	175	8126	30	-175.0	175	8126
31	-151.0	151	8277	31	-151.0	151	8277	31	-151.0	151	8277
32	-156.0	156	8433	32	-156.0	156	8433	32	-156.0	156	8433
33	-154.0	154	8587	33	-154.0	154	8587	33	-154.0	154	8587
34	-146.0	146	8733	34	-146.0	146	8733	34	-146.0	146	8733
35	-219.0	219	8952	35	-219.0	219	8952	35	-219.0	219	8952
36	-181.0	181	9133	36	-181.0	181	9133	36	-181.0	181	9133
37	-115.0	115	9248	37	-115.0	115	9248	37	-115.0	115	9248
38	-112.0	112	9360	38	-112.0	112	9360	38	-112.0	112	9360
39	-147.0	147	9507	39	-147.0	147	9507	39	-147.0	147	9507
40	-145.0	145	9652	40	-145.0	145	9652	40	-145.0	145	9652
41	-153.0	153	9805	41	-153.0	153	9805	41	-153.0	153	9805
42	-109.0	109	9914	42	-109.0	109	9914	42	-109.0	109	9914
43	-147.0	147	10061	43	-147.0	147	10061	43	-147.0	147	10061
44	-145.0	145	10206	44	-145.0	145	10206	44	-145.0	145	10206
45	-147.0	147	10353	45	-147.0	147	10353	45	-147.0	147	10353
46	-145.0	145	10498	46	-145.0	145	10498	46	-145.0	145	10498
47	-150.0	150	10648	47	-150.0	150	10648	47	-150.0	150	10648
48	-145.0	145	10793	48	-145.0	145	10793	48	-145.0	145	10793
49	-146.0	146	10939	49	-146.0	146	10939	49	-146.0	146	10939
50	-146.0	146	11085	50	-146.0	146	11085	50	-146.0	146	11085
51	-140.0	140	11225	51	-140.0	140	11225	51	-140.0	140	11225
52	-186.0	186	11411	52	-186.0	186	11411	52	-186.0	186	11411
53	-117.0	117	11528	53	-117.0	117	11528	53	-117.0	117	11528
54	-148.0	148	11676	54	-148.0	148	11676	54	-148.0	148	11676
55	-176.0	176	11852	55	-176.0	176	11852	55	-176.0	176	11852
56	-137.0	137	11989	56	-137.0	137	11989	56	-137.0	137	11989
57	-145.0	145	12134	57	-145.0	145	12134	57	-145.0	145	12134
58	-112.0	112	12246	58	-112.0	112	12246	58	-112.0	112	12246
59	-186.0	186	12432	59	-186.0	186	12432	59	-186.0	186	12432
60	-145.0	145	12577	60	-145.0	145	12577	60	-145.0	145	12577
61	-150.0	150	12727	61	-150.0	150	12727	61	-150.0	150	12727
62	-126.0	126	12853	62	-126.0	126	12853	62	-126.0	126	12853
63	-119.0	119	12972	63	-119.0	119	12972	63	-119.0	119	12972
64	-109.0	109	13081	64	-109.0	109	13081	64	-109.0	109	13081
65	-109.0	109	13190	65	-109.0	109	13190	65	-109.0	109	13190
66	-164.0	164	13354	66	-164.0	164	13354	66	-164.0	164	13354
67	-109.0	109	13463	67	-109.0	109	13463	67	-109.0	109	13463
68	-106.0	106	13569	68	-106.0	106	13569	68	-106.0	106	13569
69	-108.0	108	13677	69	-108.0	108	13677	69	-108.0	108	13677
70	-108.0	108	13785	70	-108.0	108	13785	70	-108.0	108	13785
71	-142.0	142	13927	71	-142.0	142	13927	71	-142.0	142	13927
72	-142.0	142	14069	72	-142.0	142	14069	72	-142.0	142	14069
73	-156.0	156	14225	73	-156.0	156	14225	73	-156.0	156	14225
74	-135.0	135	14360	74	-135.0	135	14360	74	-135.0	135	14360
75	-140.0	140	14500	75	-140.0	140	14500	75	-140.0	140	14500
76	-105.0	105	14605	76	-105.0	105	14605	76	-105.0	105	14605
77	-140.0	140	14745	77	-140.0	140	14745	77	-140.0	140	14745
78	-132.0	132	14877	78	-132.0	132	14877	78	-132.0	132	14877
79	-144.0	144	15021	79	-144.0	144	15021	79	-144.0	144	15021
80	-123.0	123	15144	80	-123.0	123	15144	80	-123.0	123	15144
81	-143.0	143	15287	81	-143.0	143	15287	81	-143.0	143	15287
82	-143.0	143	15430	82	-143.0	143	15430	82	-143.0	143	15430
83	-145.0	145	15575	83	-145.0	145	15575	83	-145.0	145	15575
84	-135.0	135	15710	84	-135.0	135	15710	84	-135.0	135	15710
85	-109.0	109	15819	85	-109.0	109	15819	85	-109.0	109	15819
86	-132.0	132	15951	86	-132.0	132	15951	86	-132.0	132	15951
87	-173.0	173	16124	87	-173.0	173	16124	87	-173.0	173	16124
88	-134.0	134	16258	88	-134.0	134	16258	88	-134.0	134	16258
89	-185.0	185	16443	89	-185.0	185	16443	89	-185.0	185	16443
90	-151.0	151	16594	90	-151.0	151	16594	90	-151.0	151	16594
91	-116.0	116	16710	91	-116.0	116	16710	91	-116.0	116	16710
92	-107.0	107	16817	92	-107.0	107	16817	92	-107.0	107	16817
93	-150.0	150	16967	93	-150.0	150	16967	93	-150.0	150	16967
94	-148.0	148	17115	94	-148.0	148	17115	94	-148.0	148	17115
95	-132.0	132	17247	95	-132.0	132	17247	95	-132.0	132	17247
96	-136.0	136	17383	96	-136.0	136	17383	96	-136.0	136	17383
97	-153.0	153	17536	97	-153.0	153	17536	97	-153.0	153	17536
98	-145.0	145	17681	98	-145.0	145	17681	98	-145.0	145	17681
99	-141.0	141	17822	99	-141.0	141	17822	99	-141.0	141	17822
100	-139.0	139	17961	100	-139.0	139	17961	100	-139.0	139	17961
101	-143.0	143	18104	101	-143.0	143	18104	101	-143.0	143	18104
102	-181.0	181	18285	102	-181.0	181	18285	102	-181.0	181	18285
103	-150.0	150	18435	103	-150.0	150	18435	103	-150.0	150	18435
104	-210.0	210	18645	104	-210.0	210	18645	104	-210.0	210	18645
105	-182.0	182	18827	105	-182.0	182	18827	105	-182.0	182	18827
106	-160.0	160	18987	106	-160.0	160	18987	106	-160.0	160	18987
107	-155.0	155	19142	107	-155.0	155	19142	107	-155.0	155	19142
108	-107.0	107	19249	108	-107.0	107	19249	108	-107.0	107	19249
109	-105.0	105	19354	109	-105.0	105	19354	109	-105.0	105	19354
110	-147.0	147	19501	110	-147.0	147	19501	110	-147.0	147	19501
111	-143.0	143	19644	111	-143.0	143	19644	111	-143.0	143	19644
112	-167.0	167	19811	112	-167.0	167	19811	112	-167.0	167	19811
113	-193.0	193	20004	113	-193.0	193	20004	113	-193.0	193	20004
114	-175.0	175	20179	114	-175.0	175	20179	114	-175.0	175	20179
115	-140.0	140	20319	115	-140.0	140	20319	115	-140.0	140	20319
116	-167.0	167	20486	116	-167.0	167	20486	116	-167.0	167	20486
117	-143.0	143	20629	117	-143.0	143	20629	117	-143.0	143	20629
118	-145.0	145	20774	118	-145.0	145	20774	118	-145.0	145	20774
119	-185.0	185	20959	119	-185.0	185	20959	119	-185.0	185	20959
120	-174.0	174	21133	120	-174.0	174	21133	120	-174.0	174	21133
121	-135.0	135	21268	121	-135.0	135	21268	121	-135.0	135	21268
122	-142.0	142	21410	122	-142.0	142	21410	122	-142.0	142	21410
123	-190.0	190	21600	123	-190.0	190	21600	123	-190.0	190	21600
124	-208.0	208	21808	124	-208.0	208	21808	124	-208.0	208	21808
125	-141.0	141	21949	125	-141.0	141	21949	125	-141.0	141	21949
126	-141.0	141	22090	126	-141.0	141	22090	126	-141.0	141	22090
127	-130.0	130	22220	127	-130.0	130	22220	127	-130.0	130	22220
128	-206.0	206	22426	128	-206.0	206	22426	128	-206.0	206	22426
129	-186.0	186	22612	129	-186.0	186	22612	129	-186.0	186	22612
130	-161.0	161	22773	130	-161.0	161	22773	130	-161.0	161	22773
131	-119.0	119	22892	131	-119.0	119	22892	131	-119.0	119	22892
132	-116.0	116	23008	132	-116.0	116	23008	132	-116.0	116	23008
133	-111.0	111	23119	133	-111.0	111	23119	133	-111.0	111	23119
134	-105.0	105	23224	134	-105.0	105	23224	134	-105.0	105	23224
135	-152.0	152	23376	135	-152.0	152	23376	135	-152.0	152	23376
136	-87.0	87	23463	136	-87.0	87	23463	136	-87.0	87	23463
137	-90.0	90	23553	137	-90.0	90	23553	137	-90.0	90	23553
138	-86.0	86	23639	138	-86.0	86	23639	138	-86.0	86	23639
139	-141.0	141	23780	139	-141.0	141	23780	139	-141.0	141	23780
140	-148.0	148	23928	140	-148.0	148	23928	140	-148.0	148	23928
141	-111.0	111	24039	141	-111.0	111	24039	141	-111.0	111	24039
142	-151.0	151	24190	142	-151.0	151	24190	142	-151.0	151	24190
143	-139.0	139	24329	143	-139.0	139	24329	143	-139.0	139	24329
144	-150.0	150	24479	144	-150.0	150	24479	144	-150.0	150	24479
145	-104.0	104	24583	145	-104.0	104	24583	145	-104.0	104	24583
146	-133.0	133	24716	146	-133.0	133	24716	146	-133.0	133	24716
147	-120.0	120	24836	147	-120.0	120	24836	147	-120.0	120	24836
148	-108.0	108	24944	148	-108.0	108	24944	148	-108.0	108	24944
149	-138.0	138	25082	149	-138.0	138	25082	149	-138.0	138	25082
150	-129.0	129	25211	150	-129.0	129	25211	150	-129.0	129	25211
151	-132.0	132	25343	151	-132.0	132	25343	151	-132.0	132	25343
152	-201.0	201	25544	152	-201.0	201	25544	152	-201.0	201	25544
153	-131.0	131	25675	153	-131.0	131	25675	153	-131.0	131	25675
154	-140.0	140	25815	154	-140.0	140	25815	154	-140.0	140	25815
155	-139.0	139	25954	155	-139.0	139	25954	155	-139.0	139	25954
156	-140.0	140	26094	156	-140.0	140	26094	156	-140.0	140	26094
157	-112.0	112	26206	157	-112.0	112	26206	157	-112.0	112	26206
158	-152.0	152	26358	158	-152.0	152	26358	158	-152.0	152	26358
159	-144.0	144	26502	159	-144.0	144	26502	159	-144.0	144	26502
160	-153.0	153	26655	160	-153.0	153	26655	160	-153.0	153	26655
161	-139.0	139	26794	161	-139.0	139	26794	161	-139.0	139	26794
162	-153.0	153	26947	162	-153.0	153	26947	162	-153.0	153	26947
163	-153.0	153	27100	163	-153.0	153	27100	163	-153.0	153	27100
164	-109.0	109	27209	164	-109.0	109	27209	164	-109.0	109	27209
165	-86.0	86	27295	165	-86.0	86	27295	165	-86.0	86	27295
166	-86.0	86	27381	166	-86.0	86	27381	166	-86.0	86	27381
167	-86.0	86	27467	167	-86.0	86	27467	167	-86.0	86	27467
168	-142.0	142	27609	168	-142.0	142	27609	168	-142.0	142	27609
169	-87.0	87	27696	169	-87.0	87	27696	169	-87.0	87	27696
170	-147.0	147	27843	170	-147.0	147	27843	170	-147.0	147	27843
171	-168.0	168	28011	171	-168.0	168	28011	171	-168.0	168	28011
172	-159.0	159	28170	172	-159.0	159	28170	172	-159.0	159	28170
173	-140.0	140	28310	173	-140.0	140	28310	173	-140.0	140	28310
174	-136.0	136	28446	174	-136.0	136	28446	174	-136.0	136	28446
175	-137.0	137	28583	175	-137.0	137	28583	175	-137.0	137	28583
176	-133.0	133	28716	176	-133.0	133	28716	176	-133.0	133	28716
177	-87.0	87	28803	177	-87.0	87	28803	177	-87.0	87	28803
178	-124.0	124	28927	178	-124.0	124	28927	178	-124.0	124	28927
179	-109.0	109	29036	179	-109.0	109	29036	179	-109.0	109	29036
180	-111.0	111	29147	180	-111.0	111	29147	180	-111.0	111	29147
181	-143.0	143	29290	181	-143.0	143	29290	181	-143.0	143	29290
182	-139.0	139	29429	182	-139.0	139	29429	182	-139.0	139	29429
183	-105.0	105	29534	183	-105.0	105	29534	183	-105.0	105	29534
184	-133.0	133	29667	184	-133.0	133	29667	184	-133.0	133	29667
185	-209.0	209	29876	185	-209.0	209	29876	185	-209.0	209	29876
186	-134.0	134	30010	186	-134.0	134	30010	186	-134.0	134	30010
187	-154.0	154	30164	187	-154.0	154	30164	187	-154.0	154	30164
188	-165.0	165	30329	188	-165.0	165	30329	188	-165.0	165	30329
189	-136.0	136	30465	189	-136.0	136	30465	189	-136.0	136	30465
190	-143.0	143	30608	190	-143.0	143	30608	190	-143.0	143	30608
191	-140.0	140	30748	191	-140.0	140	30748	191	-140.0	140	30748
192	-138.0	138	30886	192	-138.0	138	30886	192	-138.0	138	30886
193	-160.0	160	31046	193	-160.0	160	31046	193	-160.0	160	31046
194	-141.0	141	31187	194	-141.0	141	31187	194	-141.0	141	31187
195	-158.0	158	31345	195	-158.0	158	31345	195	-158.0	158	31345
196	-139.0	139	31484	196	-139.0	139	31484	196	-139.0	139	31484
197	-139.0	139	31623	197	-139.0	139	31623	197	-139.0	139	31623
198	-139.0	139	31762	198	-139.0	139	31762	198	-139.0	139	31762
199	-149.0	149	31911	199	-149.0	149	31911	199	-149.0	149	31911
200	-136.0	136	32047	200	-136.0	136	32047	200	-136.0	136	32047
201	-201.0	201	32248	201	-201.0	201	32248	201	-201.0	201	32248
202	-137.0	137	32385	202	-137.0	137	32385	202	-137.0	137	32385
203	-139.0	139	32524	203	-139.0	139	32524	203	-139.0	139	32524
204	-142.0	142	32666	204	-142.0	142	32666	204	-142.0	142	32666
205	-164.0	164	32830	205	-164.0	164	32830	205	-164.0	164	32830
206	-143.0	143	32973	206	-143.0	143	32973	206	-143.0	143	32973
207	-140.0	140	33113	207	-140.0	140	33113	207	-140.0	140	33113
208	-154.0	154	33267	208	-154.0	154	33267	208	-154.0	154	33267
209	-152.0	152	33419	209	-152.0	152	33419	209	-152.0	152	33419
210	-198.0	198	33617	210	-198.0	198	33617	210	-198.0	198	33617
211	-149.0	149	33766	211	-149.0	149	33766	211	-149.0	149	33766
212	-141.0	141	33907	212	-141.0	141	33907	212	-141.0	141	33907
213	-163.0	163	34070	213	-163.0	163	34070	213	-163.0	163	34070
214	-141.0	141	34211	214	-141.0	141	34211	214	-141.0	141	34211
215	-146.0	146	34357	215	-146.0	146	34357	215	-146.0	146	34357
216	-135.0	135	34492	216	-135.0	135	34492	216	-135.0	135	34492
217	-145.0	145	34637	217	-145.0	145	34637	217	-145.0	145	34637
218	-142.0	142	34779	218	-142.0	142	34779	218	-142.0	142	34779
219	-139.0	139	34918	219	-139.0	139	34918	219	-139.0	139	34918
220	-143.0	143	35061	220	-143.0	143	35061	220	-143.0	143	35061
221	-135.0	135	35196	221	-135.0	135	35196	221	-135.0	135	35196
222	-143.0	143	35339	222	-143.0	143	35339	222	-143.0	143	35339
223	-150.0	150	35489	223	-150.0	150	35489	223	-150.0	150	35489
224	-111.0	111	35600	224	-111.0	111	35600	224	-111.0	111	35600
225	-136.0	136	35736	225	-136.0	136	35736	225	-136.0	136	35736
226	-145.0	145	35881	226	-145.0	145	35881	226	-145.0	145	35881
227	-144.0	144	36025	227	-144.0	144	36025	227	-144.0	144	36025
228	-113.0	113	36138	228	-113.0	113	36138	228	-113.0	113	36138
229	-176.0	176	36314	229	-176.0	176	36314	229	-176.0	176	36314
230	-113.0	113	36427	230	-113.0	113	36427	230	-113.0	113	36427
231	-109.0	109	36536	231	-109.0	109	36536	231	-109.0	109	36536
232	-114.0	114	36650	232	-114.0	114	36650	232	-114.0	114	36650
233	-111.0	111	36761	233	-111.0	111	36761	233	-111.0	111	36761
234	-142.0	142	36903	234	-142.0	142	36903	234	-142.0	142	36903
235	-113.0	113	37016	235	-113.0	113	37016	235	-113.0	113	37016
236	-112.0	112	37128	236	-112.0	112	37128	236	-112.0	112	37128
237	-147.0	147	37275	237	-147.0	147	37275	237	-147.0	147	37275
238	-111.0	111	37386	238	-111.0	111	37386	238	-111.0	111	37386
239	-109.0	109	37495	239	-109.0	109	37495	239	-109.0	109	37495
240	-109.0	109	37604	240	-109.0	109	37604	240	-109.0	109	37604
241	-113.0	113	37717	241	-113.0	113	37717	241	-113.0	113	37717
242	-106.0	106	37823	242	-106.0	106	37823	242	-106.0	106	37823
243	-154.0	154	37977	243	-154.0	154	37977	243	-154.0	154	37977
244	-141.0	141	38118	244	-141.0	141	38118	244	-141.0	141	38118
245	-153.0	153	38271	245	-153.0	153	38271	245	-153.0	153	38271
246	-112.0	112	38383	246	-112.0	112	38383	246	-112.0	112	38383
247	-119.0	119	38502	247	-119.0	119	38502	247	-119.0	119	38502
248	-142.0	142	38644	248	-142.0	142	38644	248	-142.0	142	38644
249	-112.0	112	38756	249	-112.0	112	38756	249	-112.0	112	38756
250	-139.0	139	38895	250	-139.0	139	38895	250	-139.0	139	38895
251	-142.0	142	39037	251	-142.0	142	39037	251	-142.0	142	39037
252	-136.0	136	39173	252	-136.0	136	39173	252	-136.0	136	39173
253	-136.0	136	39309	253	-136.0	136	39309	253	-136.0	136	39309
254	-135.0	135	39444	254	-135.0	135	39444	254	-135.0	135	39444
255	-128.0	128	39572	255	-128.0	128	39572	255	-128.0	128	39572
256	-141.0	141	39713	256	-141.0	141	39713	256	-141.0	141	39713
257	-132.0	132	39845	257	-132.0	132	39845	257	-132.0	132	39845
258	-141.0	141	39986	258	-141.0	141	39986	258	-141.0	141	39986
259	-134.0	134	40120	259	-134.0	134	40120	259	-134.0	134	40120
260	-132.0	132	40252	260	-132.0	132	40252	260	-132.0	132	40252
261	-141.0	141	40393	261	-141.0	141	40393	261	-141.0	141	40393
262	-118.0	118	40511	262	-118.0	118	40511	262	-118.0	118	40511
263	-165.0	165	40676	263	-165.0	165	40676	263	-165.0	165	40676
264	-139.0	139	40815	264	-139.0	139	40815	264	-139.0	139	40815
265	-140.0	140	40955	265	-140.0	140	40955	265	-140.0	140	40955
266	-142.0	142	41097	266	-142.0	142	41097	266	-142.0	142	41097
267	-141.0	141	41238	267	-141.0	141	41238	267	-141.0	141	41238
268	-166.0	166	41404	268	-166.0	166	41404	268	-166.0	166	41404
269	-108.0	108	41512	269	-108.0	108	41512	269	-108.0	108	41512
270	-142.0	142	41654	270	-142.0	142	41654	270	-142.0	142	41654
271	-140.0	140	41794	271	-140.0	140	41794	271	-140.0	140	41794
272	-107.0	107	41901	272	-107.0	107	41901	272	-107.0	107	41901
273	-105.0	105	42006	273	-105.0	105	42006	273	-105.0	105	42006
274	-110.0	110	42116	274	-110.0	110	42116	274	-110.0	110	42116
275	-100.0	100	42216	275	-100.0	100	42216	275	-100.0	100	42216
276	-161.0	161	42377	276	-161.0	161	42377	276	-161.0	161	42377
277	-110.0	110	42487	277	-110.0	110	42487	277	-110.0	110	42487
278	-107.0	107	42594	278	-107.0	107	42594	278	-107.0	107	42594
279	-108.0	108	42702	279	-108.0	108	42702	279	-108.0	108	42702
280	-106.0	106	42808	280	-106.0	106	42808	280	-106.0	106	42808
281	-85.0	85	42893	281	-85.0	85	42893	281	-85.0	85	42893
282	-163.0	163	43056	282	-163.0	163	43056	282	-163.0	163	43056
283	-85.0	85	43141	283	-85.0	85	43141	283	-85.0	85	43141
284	-90.0	90	43231	284	-90.0	90	43231	284	-90.0	90	43231
285	-133.0	133	43364	285	-133.0	133	43364	285	-133.0	133	43364
286	-106.0	106	43470	286	-106.0	106	43470	286	-106.0	106	43470
287	-136.0	136	43606	287	-136.0	136	43606	287	-136.0	136	43606
288	-147.0	147	43753	288	-147.0	147	43753	288	-147.0	147	43753
289	-108.0	108	43861	289	-108.0	108	43861	289	-108.0	108	43861
290	-111.0	111	43972	290	-111.0	111	43972	290	-111.0	111	43972
291	-129.0	129	44101	291	-129.0	129	44101	291	-129.0	129	44101
292	-128.0	128	44229	292	-128.0	128	44229	292	-128.0	128	44229
293	-140.0	140	44369	293	-140.0	140	44369	293	-140.0	140	44369
294	-144.0	144	44513	294	-144.0	144	44513	294	-144.0	144	44513
295	-109.0	109	44622	295	-109.0	109	44622	295	-109.0	109	44622
296	-113.0	113	44735	296	-113.0	113	44735	296	-113.0	113	44735
297	-133.0	133	44868	297	-133.0	133	44868	297	-133.0	133	44868
298	-136.0	136	45004	298	-136.0	136	45004	298	-136.0	136	45004
299	-192.0	192	45196	299	-192.0	192	45196	299	-192.0	192	45196
