Episode	Accumulated Reward	Length	Steps	Episode	Accumulated Reward	Length	Steps	Episode	Accumulated Reward	Length	Steps	Episode	Accumulated Reward	Length	Steps	Episode	Accumulated Reward	Length	Steps	Episode	Accumulated Reward	Length	Steps	Episode	Accumulated Reward	Length	Steps	Episode	Accumulated Reward	Length	Steps	Episode	Accumulated Reward	Length	Steps	Episode	Accumulated Reward	Length	Steps	Episode	Accumulated Reward	Length	Steps	Episode	Accumulated Reward	Length	Steps	Episode	Accumulated Reward	Length	Steps	Episode	Accumulated Reward	Length	Steps	Episode	Accumulated Reward	Length	Steps	Episode	Accumulated Reward	Length	Steps
0	-2044	559	559	0	-2044	559	559	0	-2044	559	559	0	-2044	559	559	0	-2044	559	559	0	-2044	559	559	0	-2044	559	559	0	-2044	559	559	0	-2044	559	559	0	-2044	559	559	0	-2044	559	559	0	-2044	559	559	0	-2044	559	559	0	-2044	559	559	0	-2044	559	559	0	-2044	559	559
1	-257	158	717	1	-257	158	717	1	-257	158	717	1	-257	158	717	1	-257	158	717	1	-257	158	717	1	-257	158	717	1	-257	158	717	1	-257	158	717	1	-257	158	717	1	-257	158	717	1	-257	158	717	1	-257	158	717	1	-257	158	717	1	-257	158	717	1	-257	158	717
2	-42	42	759	2	-42	42	759	2	-42	42	759	2	-42	42	759	2	-42	42	759	2	-42	42	759	2	-42	42	759	2	-42	42	759	2	-42	42	759	2	-42	42	759	2	-42	42	759	2	-42	42	759	2	-42	42	759	2	-42	42	759	2	-42	42	759	2	-42	42	759
3	-72	72	831	3	-72	72	831	3	-72	72	831	3	-72	72	831	3	-72	72	831	3	-72	72	831	3	-72	72	831	3	-72	72	831	3	-72	72	831	3	-72	72	831	3	-72	72	831	3	-72	72	831	3	-72	72	831	3	-72	72	831	3	-72	72	831	3	-72	72	831
4	-28	28	859	4	-28	28	859	4	-28	28	859	4	-28	28	859	4	-28	28	859	4	-28	28	859	4	-28	28	859	4	-28	28	859	4	-28	28	859	4	-28	28	859	4	-28	28	859	4	-28	28	859	4	-28	28	859	4	-28	28	859	4	-28	28	859	4	-28	28	859
5	-137	137	996	5	-137	137	996	5	-137	137	996	5	-137	137	996	5	-137	137	996	5	-137	137	996	5	-137	137	996	5	-137	137	996	5	-137	137	996	5	-137	137	996	5	-137	137	996	5	-137	137	996	5	-137	137	996	5	-137	137	996	5	-137	137	996	5	-137	137	996
6	-63	63	1059	6	-63	63	1059	6	-63	63	1059	6	-63	63	1059	6	-63	63	1059	6	-63	63	1059	6	-63	63	1059	6	-63	63	1059	6	-63	63	1059	6	-63	63	1059	6	-63	63	1059	6	-63	63	1059	6	-63	63	1059	6	-63	63	1059	6	-63	63	1059	6	-63	63	1059
7	-32	32	1091	7	-32	32	1091	7	-32	32	1091	7	-32	32	1091	7	-32	32	1091	7	-32	32	1091	7	-32	32	1091	7	-32	32	1091	7	-32	32	1091	7	-32	32	1091	7	-32	32	1091	7	-32	32	1091	7	-32	32	1091	7	-32	32	1091	7	-32	32	1091	7	-32	32	1091
8	-296	98	1189	8	-296	98	1189	8	-296	98	1189	8	-296	98	1189	8	-296	98	1189	8	-296	98	1189	8	-296	98	1189	8	-296	98	1189	8	-296	98	1189	8	-296	98	1189	8	-296	98	1189	8	-296	98	1189	8	-296	98	1189	8	-296	98	1189	8	-296	98	1189	8	-296	98	1189
9	-56	56	1245	9	-56	56	1245	9	-56	56	1245	9	-56	56	1245	9	-56	56	1245	9	-56	56	1245	9	-56	56	1245	9	-56	56	1245	9	-56	56	1245	9	-56	56	1245	9	-56	56	1245	9	-56	56	1245	9	-56	56	1245	9	-56	56	1245	9	-56	56	1245	9	-56	56	1245
10	-49	49	1294	10	-49	49	1294	10	-49	49	1294	10	-49	49	1294	10	-49	49	1294	10	-49	49	1294	10	-49	49	1294	10	-49	49	1294	10	-49	49	1294	10	-49	49	1294	10	-49	49	1294	10	-49	49	1294	10	-49	49	1294	10	-49	49	1294	10	-49	49	1294	10	-49	49	1294
11	-43	43	1337	11	-43	43	1337	11	-43	43	1337	11	-43	43	1337	11	-43	43	1337	11	-43	43	1337	11	-43	43	1337	11	-43	43	1337	11	-43	43	1337	11	-43	43	1337	11	-43	43	1337	11	-43	43	1337	11	-43	43	1337	11	-43	43	1337	11	-43	43	1337	11	-43	43	1337
12	-33	33	1370	12	-33	33	1370	12	-33	33	1370	12	-33	33	1370	12	-33	33	1370	12	-33	33	1370	12	-33	33	1370	12	-33	33	1370	12	-33	33	1370	12	-33	33	1370	12	-33	33	1370	12	-33	33	1370	12	-33	33	1370	12	-33	33	1370	12	-33	33	1370	12	-33	33	1370
13	-309	111	1481	13	-309	111	1481	13	-309	111	1481	13	-309	111	1481	13	-309	111	1481	13	-309	111	1481	13	-309	111	1481	13	-309	111	1481	13	-309	111	1481	13	-309	111	1481	13	-309	111	1481	13	-309	111	1481	13	-309	111	1481	13	-309	111	1481	13	-309	111	1481	13	-309	111	1481
14	-54	54	1535	14	-54	54	1535	14	-54	54	1535	14	-54	54	1535	14	-54	54	1535	14	-54	54	1535	14	-54	54	1535	14	-54	54	1535	14	-54	54	1535	14	-54	54	1535	14	-54	54	1535	14	-54	54	1535	14	-54	54	1535	14	-54	54	1535	14	-54	54	1535	14	-54	54	1535
15	-40	40	1575	15	-40	40	1575	15	-40	40	1575	15	-40	40	1575	15	-40	40	1575	15	-40	40	1575	15	-40	40	1575	15	-40	40	1575	15	-40	40	1575	15	-40	40	1575	15	-40	40	1575	15	-40	40	1575	15	-40	40	1575	15	-40	40	1575	15	-40	40	1575	15	-40	40	1575
16	-33	33	1608	16	-33	33	1608	16	-33	33	1608	16	-33	33	1608	16	-33	33	1608	16	-33	33	1608	16	-33	33	1608	16	-33	33	1608	16	-33	33	1608	16	-33	33	1608	16	-33	33	1608	16	-33	33	1608	16	-33	33	1608	16	-33	33	1608	16	-33	33	1608	16	-33	33	1608
17	-47	47	1655	17	-47	47	1655	17	-47	47	1655	17	-47	47	1655	17	-47	47	1655	17	-47	47	1655	17	-47	47	1655	17	-47	47	1655	17	-47	47	1655	17	-47	47	1655	17	-47	47	1655	17	-47	47	1655	17	-47	47	1655	17	-47	47	1655	17	-47	47	1655	17	-47	47	1655
18	-17	17	1672	18	-17	17	1672	18	-17	17	1672	18	-17	17	1672	18	-17	17	1672	18	-17	17	1672	18	-17	17	1672	18	-17	17	1672	18	-17	17	1672	18	-17	17	1672	18	-17	17	1672	18	-17	17	1672	18	-17	17	1672	18	-17	17	1672	18	-17	17	1672	18	-17	17	1672
19	-50	50	1722	19	-50	50	1722	19	-50	50	1722	19	-50	50	1722	19	-50	50	1722	19	-50	50	1722	19	-50	50	1722	19	-50	50	1722	19	-50	50	1722	19	-50	50	1722	19	-50	50	1722	19	-50	50	1722	19	-50	50	1722	19	-50	50	1722	19	-50	50	1722	19	-50	50	1722
20	-39	39	1761	20	-39	39	1761	20	-39	39	1761	20	-39	39	1761	20	-39	39	1761	20	-39	39	1761	20	-39	39	1761	20	-39	39	1761	20	-39	39	1761	20	-39	39	1761	20	-39	39	1761	20	-39	39	1761	20	-39	39	1761	20	-39	39	1761	20	-39	39	1761	20	-39	39	1761
21	-33	33	1794	21	-33	33	1794	21	-33	33	1794	21	-33	33	1794	21	-33	33	1794	21	-33	33	1794	21	-33	33	1794	21	-33	33	1794	21	-33	33	1794	21	-33	33	1794	21	-33	33	1794	21	-33	33	1794	21	-33	33	1794	21	-33	33	1794	21	-33	33	1794	21	-33	33	1794
22	-17	17	1811	22	-17	17	1811	22	-17	17	1811	22	-17	17	1811	22	-17	17	1811	22	-17	17	1811	22	-17	17	1811	22	-17	17	1811	22	-17	17	1811	22	-17	17	1811	22	-17	17	1811	22	-17	17	1811	22	-17	17	1811	22	-17	17	1811	22	-17	17	1811	22	-17	17	1811
23	-126	27	1838	23	-126	27	1838	23	-126	27	1838	23	-126	27	1838	23	-126	27	1838	23	-126	27	1838	23	-126	27	1838	23	-126	27	1838	23	-126	27	1838	23	-126	27	1838	23	-126	27	1838	23	-126	27	1838	23	-126	27	1838	23	-126	27	1838	23	-126	27	1838	23	-126	27	1838
24	-39	39	1877	24	-39	39	1877	24	-39	39	1877	24	-39	39	1877	24	-39	39	1877	24	-39	39	1877	24	-39	39	1877	24	-39	39	1877	24	-39	39	1877	24	-39	39	1877	24	-39	39	1877	24	-39	39	1877	24	-39	39	1877	24	-39	39	1877	24	-39	39	1877	24	-39	39	1877
25	-16	16	1893	25	-16	16	1893	25	-16	16	1893	25	-16	16	1893	25	-16	16	1893	25	-16	16	1893	25	-16	16	1893	25	-16	16	1893	25	-16	16	1893	25	-16	16	1893	25	-16	16	1893	25	-16	16	1893	25	-16	16	1893	25	-16	16	1893	25	-16	16	1893	25	-16	16	1893
26	-65	65	1958	26	-65	65	1958	26	-65	65	1958	26	-65	65	1958	26	-65	65	1958	26	-65	65	1958	26	-65	65	1958	26	-65	65	1958	26	-65	65	1958	26	-65	65	1958	26	-65	65	1958	26	-65	65	1958	26	-65	65	1958	26	-65	65	1958	26	-65	65	1958	26	-65	65	1958
27	-136	37	1995	27	-136	37	1995	27	-136	37	1995	27	-136	37	1995	27	-136	37	1995	27	-136	37	1995	27	-136	37	1995	27	-136	37	1995	27	-136	37	1995	27	-136	37	1995	27	-136	37	1995	27	-136	37	1995	27	-136	37	1995	27	-136	37	1995	27	-136	37	1995	27	-136	37	1995
28	-21	21	2016	28	-21	21	2016	28	-21	21	2016	28	-21	21	2016	28	-21	21	2016	28	-21	21	2016	28	-21	21	2016	28	-21	21	2016	28	-21	21	2016	28	-21	21	2016	28	-21	21	2016	28	-21	21	2016	28	-21	21	2016	28	-21	21	2016	28	-21	21	2016	28	-21	21	2016
29	-25	25	2041	29	-25	25	2041	29	-25	25	2041	29	-25	25	2041	29	-25	25	2041	29	-25	25	2041	29	-25	25	2041	29	-25	25	2041	29	-25	25	2041	29	-25	25	2041	29	-25	25	2041	29	-25	25	2041	29	-25	25	2041	29	-25	25	2041	29	-25	25	2041	29	-25	25	2041
30	-31	31	2072	30	-31	31	2072	30	-31	31	2072	30	-31	31	2072	30	-31	31	2072	30	-31	31	2072	30	-31	31	2072	30	-31	31	2072	30	-31	31	2072	30	-31	31	2072	30	-31	31	2072	30	-31	31	2072	30	-31	31	2072	30	-31	31	2072	30	-31	31	2072	30	-31	31	2072
31	-44	44	2116	31	-44	44	2116	31	-44	44	2116	31	-44	44	2116	31	-44	44	2116	31	-44	44	2116	31	-44	44	2116	31	-44	44	2116	31	-44	44	2116	31	-44	44	2116	31	-44	44	2116	31	-44	44	2116	31	-44	44	2116	31	-44	44	2116	31	-44	44	2116	31	-44	44	2116
32	-28	28	2144	32	-28	28	2144	32	-28	28	2144	32	-28	28	2144	32	-28	28	2144	32	-28	28	2144	32	-28	28	2144	32	-28	28	2144	32	-28	28	2144	32	-28	28	2144	32	-28	28	2144	32	-28	28	2144	32	-28	28	2144	32	-28	28	2144	32	-28	28	2144	32	-28	28	2144
33	-23	23	2167	33	-23	23	2167	33	-23	23	2167	33	-23	23	2167	33	-23	23	2167	33	-23	23	2167	33	-23	23	2167	33	-23	23	2167	33	-23	23	2167	33	-23	23	2167	33	-23	23	2167	33	-23	23	2167	33	-23	23	2167	33	-23	23	2167	33	-23	23	2167	33	-23	23	2167
34	-34	34	2201	34	-34	34	2201	34	-34	34	2201	34	-34	34	2201	34	-34	34	2201	34	-34	34	2201	34	-34	34	2201	34	-34	34	2201	34	-34	34	2201	34	-34	34	2201	34	-34	34	2201	34	-34	34	2201	34	-34	34	2201	34	-34	34	2201	34	-34	34	2201	34	-34	34	2201
35	-243	45	2246	35	-243	45	2246	35	-243	45	2246	35	-243	45	2246	35	-243	45	2246	35	-243	45	2246	35	-243	45	2246	35	-243	45	2246	35	-243	45	2246	35	-243	45	2246	35	-243	45	2246	35	-243	45	2246	35	-243	45	2246	35	-243	45	2246	35	-243	45	2246	35	-243	45	2246
36	-17	17	2263	36	-17	17	2263	36	-17	17	2263	36	-17	17	2263	36	-17	17	2263	36	-17	17	2263	36	-17	17	2263	36	-17	17	2263	36	-17	17	2263	36	-17	17	2263	36	-17	17	2263	36	-17	17	2263	36	-17	17	2263	36	-17	17	2263	36	-17	17	2263	36	-17	17	2263
37	-29	29	2292	37	-29	29	2292	37	-29	29	2292	37	-29	29	2292	37	-29	29	2292	37	-29	29	2292	37	-29	29	2292	37	-29	29	2292	37	-29	29	2292	37	-29	29	2292	37	-29	29	2292	37	-29	29	2292	37	-29	29	2292	37	-29	29	2292	37	-29	29	2292	37	-29	29	2292
38	-32	32	2324	38	-32	32	2324	38	-32	32	2324	38	-32	32	2324	38	-32	32	2324	38	-32	32	2324	38	-32	32	2324	38	-32	32	2324	38	-32	32	2324	38	-32	32	2324	38	-32	32	2324	38	-32	32	2324	38	-32	32	2324	38	-32	32	2324	38	-32	32	2324	38	-32	32	2324
39	-465	69	2393	39	-465	69	2393	39	-465	69	2393	39	-465	69	2393	39	-465	69	2393	39	-465	69	2393	39	-465	69	2393	39	-465	69	2393	39	-465	69	2393	39	-465	69	2393	39	-465	69	2393	39	-465	69	2393	39	-465	69	2393	39	-465	69	2393	39	-465	69	2393	39	-465	69	2393
40	-26	26	2419	40	-26	26	2419	40	-26	26	2419	40	-26	26	2419	40	-26	26	2419	40	-26	26	2419	40	-26	26	2419	40	-26	26	2419	40	-26	26	2419	40	-26	26	2419	40	-26	26	2419	40	-26	26	2419	40	-26	26	2419	40	-26	26	2419	40	-26	26	2419	40	-26	26	2419
41	-142	43	2462	41	-142	43	2462	41	-142	43	2462	41	-142	43	2462	41	-142	43	2462	41	-142	43	2462	41	-142	43	2462	41	-142	43	2462	41	-142	43	2462	41	-142	43	2462	41	-142	43	2462	41	-142	43	2462	41	-142	43	2462	41	-142	43	2462	41	-142	43	2462	41	-142	43	2462
42	-24	24	2486	42	-24	24	2486	42	-24	24	2486	42	-24	24	2486	42	-24	24	2486	42	-24	24	2486	42	-24	24	2486	42	-24	24	2486	42	-24	24	2486	42	-24	24	2486	42	-24	24	2486	42	-24	24	2486	42	-24	24	2486	42	-24	24	2486	42	-24	24	2486	42	-24	24	2486
43	-22	22	2508	43	-22	22	2508	43	-22	22	2508	43	-22	22	2508	43	-22	22	2508	43	-22	22	2508	43	-22	22	2508	43	-22	22	2508	43	-22	22	2508	43	-22	22	2508	43	-22	22	2508	43	-22	22	2508	43	-22	22	2508	43	-22	22	2508	43	-22	22	2508	43	-22	22	2508
44	-16	16	2524	44	-16	16	2524	44	-16	16	2524	44	-16	16	2524	44	-16	16	2524	44	-16	16	2524	44	-16	16	2524	44	-16	16	2524	44	-16	16	2524	44	-16	16	2524	44	-16	16	2524	44	-16	16	2524	44	-16	16	2524	44	-16	16	2524	44	-16	16	2524	44	-16	16	2524
45	-13	13	2537	45	-13	13	2537	45	-13	13	2537	45	-13	13	2537	45	-13	13	2537	45	-13	13	2537	45	-13	13	2537	45	-13	13	2537	45	-13	13	2537	45	-13	13	2537	45	-13	13	2537	45	-13	13	2537	45	-13	13	2537	45	-13	13	2537	45	-13	13	2537	45	-13	13	2537
46	-23	23	2560	46	-23	23	2560	46	-23	23	2560	46	-23	23	2560	46	-23	23	2560	46	-23	23	2560	46	-23	23	2560	46	-23	23	2560	46	-23	23	2560	46	-23	23	2560	46	-23	23	2560	46	-23	23	2560	46	-23	23	2560	46	-23	23	2560	46	-23	23	2560	46	-23	23	2560
47	-127	28	2588	47	-127	28	2588	47	-127	28	2588	47	-127	28	2588	47	-127	28	2588	47	-127	28	2588	47	-127	28	2588	47	-127	28	2588	47	-127	28	2588	47	-127	28	2588	47	-127	28	2588	47	-127	28	2588	47	-127	28	2588	47	-127	28	2588	47	-127	28	2588	47	-127	28	2588
48	-19	19	2607	48	-19	19	2607	48	-19	19	2607	48	-19	19	2607	48	-19	19	2607	48	-19	19	2607	48	-19	19	2607	48	-19	19	2607	48	-19	19	2607	48	-19	19	2607	48	-19	19	2607	48	-19	19	2607	48	-19	19	2607	48	-19	19	2607	48	-19	19	2607	48	-19	19	2607
49	-20	20	2627	49	-20	20	2627	49	-20	20	2627	49	-20	20	2627	49	-20	20	2627	49	-20	20	2627	49	-20	20	2627	49	-20	20	2627	49	-20	20	2627	49	-20	20	2627	49	-20	20	2627	49	-20	20	2627	49	-20	20	2627	49	-20	20	2627	49	-20	20	2627	49	-20	20	2627
50	-252	54	2681	50	-252	54	2681	50	-252	54	2681	50	-252	54	2681	50	-252	54	2681	50	-252	54	2681	50	-252	54	2681	50	-252	54	2681	50	-252	54	2681	50	-252	54	2681	50	-252	54	2681	50	-252	54	2681	50	-252	54	2681	50	-252	54	2681	50	-252	54	2681	50	-252	54	2681
51	-14	14	2695	51	-14	14	2695	51	-14	14	2695	51	-14	14	2695	51	-14	14	2695	51	-14	14	2695	51	-14	14	2695	51	-14	14	2695	51	-14	14	2695	51	-14	14	2695	51	-14	14	2695	51	-14	14	2695	51	-14	14	2695	51	-14	14	2695	51	-14	14	2695	51	-14	14	2695
52	-17	17	2712	52	-17	17	2712	52	-17	17	2712	52	-17	17	2712	52	-17	17	2712	52	-17	17	2712	52	-17	17	2712	52	-17	17	2712	52	-17	17	2712	52	-17	17	2712	52	-17	17	2712	52	-17	17	2712	52	-17	17	2712	52	-17	17	2712	52	-17	17	2712	52	-17	17	2712
53	-120	21	2733	53	-120	21	2733	53	-120	21	2733	53	-120	21	2733	53	-120	21	2733	53	-120	21	2733	53	-120	21	2733	53	-120	21	2733	53	-120	21	2733	53	-120	21	2733	53	-120	21	2733	53	-120	21	2733	53	-120	21	2733	53	-120	21	2733	53	-120	21	2733	53	-120	21	2733
54	-113	14	2747	54	-113	14	2747	54	-113	14	2747	54	-113	14	2747	54	-113	14	2747	54	-113	14	2747	54	-113	14	2747	54	-113	14	2747	54	-113	14	2747	54	-113	14	2747	54	-113	14	2747	54	-113	14	2747	54	-113	14	2747	54	-113	14	2747	54	-113	14	2747	54	-113	14	2747
55	-16	16	2763	55	-16	16	2763	55	-16	16	2763	55	-16	16	2763	55	-16	16	2763	55	-16	16	2763	55	-16	16	2763	55	-16	16	2763	55	-16	16	2763	55	-16	16	2763	55	-16	16	2763	55	-16	16	2763	55	-16	16	2763	55	-16	16	2763	55	-16	16	2763	55	-16	16	2763
56	-15	15	2778	56	-15	15	2778	56	-15	15	2778	56	-15	15	2778	56	-15	15	2778	56	-15	15	2778	56	-15	15	2778	56	-15	15	2778	56	-15	15	2778	56	-15	15	2778	56	-15	15	2778	56	-15	15	2778	56	-15	15	2778	56	-15	15	2778	56	-15	15	2778	56	-15	15	2778
57	-13	13	2791	57	-13	13	2791	57	-13	13	2791	57	-13	13	2791	57	-13	13	2791	57	-13	13	2791	57	-13	13	2791	57	-13	13	2791	57	-13	13	2791	57	-13	13	2791	57	-13	13	2791	57	-13	13	2791	57	-13	13	2791	57	-13	13	2791	57	-13	13	2791	57	-13	13	2791
58	-13	13	2804	58	-13	13	2804	58	-13	13	2804	58	-13	13	2804	58	-13	13	2804	58	-13	13	2804	58	-13	13	2804	58	-13	13	2804	58	-13	13	2804	58	-13	13	2804	58	-13	13	2804	58	-13	13	2804	58	-13	13	2804	58	-13	13	2804	58	-13	13	2804	58	-13	13	2804
59	-13	13	2817	59	-13	13	2817	59	-13	13	2817	59	-13	13	2817	59	-13	13	2817	59	-13	13	2817	59	-13	13	2817	59	-13	13	2817	59	-13	13	2817	59	-13	13	2817	59	-13	13	2817	59	-13	13	2817	59	-13	13	2817	59	-13	13	2817	59	-13	13	2817	59	-13	13	2817
60	-122	23	2840	60	-122	23	2840	60	-122	23	2840	60	-122	23	2840	60	-122	23	2840	60	-122	23	2840	60	-122	23	2840	60	-122	23	2840	60	-122	23	2840	60	-122	23	2840	60	-122	23	2840	60	-122	23	2840	60	-122	23	2840	60	-122	23	2840	60	-122	23	2840	60	-122	23	2840
61	-13	13	2853	61	-13	13	2853	61	-13	13	2853	61	-13	13	2853	61	-13	13	2853	61	-13	13	2853	61	-13	13	2853	61	-13	13	2853	61	-13	13	2853	61	-13	13	2853	61	-13	13	2853	61	-13	13	2853	61	-13	13	2853	61	-13	13	2853	61	-13	13	2853	61	-13	13	2853
62	-13	13	2866	62	-13	13	2866	62	-13	13	2866	62	-13	13	2866	62	-13	13	2866	62	-13	13	2866	62	-13	13	2866	62	-13	13	2866	62	-13	13	2866	62	-13	13	2866	62	-13	13	2866	62	-13	13	2866	62	-13	13	2866	62	-13	13	2866	62	-13	13	2866	62	-13	13	2866
63	-15	15	2881	63	-15	15	2881	63	-15	15	2881	63	-15	15	2881	63	-15	15	2881	63	-15	15	2881	63	-15	15	2881	63	-15	15	2881	63	-15	15	2881	63	-15	15	2881	63	-15	15	2881	63	-15	15	2881	63	-15	15	2881	63	-15	15	2881	63	-15	15	2881	63	-15	15	2881
64	-119	20	2901	64	-119	20	2901	64	-119	20	2901	64	-119	20	2901	64	-119	20	2901	64	-119	20	2901	64	-119	20	2901	64	-119	20	2901	64	-119	20	2901	64	-119	20	2901	64	-119	20	2901	64	-119	20	2901	64	-119	20	2901	64	-119	20	2901	64	-119	20	2901	64	-119	20	2901
65	-13	13	2914	65	-13	13	2914	65	-13	13	2914	65	-13	13	2914	65	-13	13	2914	65	-13	13	2914	65	-13	13	2914	65	-13	13	2914	65	-13	13	2914	65	-13	13	2914	65	-13	13	2914	65	-13	13	2914	65	-13	13	2914	65	-13	13	2914	65	-13	13	2914	65	-13	13	2914
66	-13	13	2927	66	-13	13	2927	66	-13	13	2927	66	-13	13	2927	66	-13	13	2927	66	-13	13	2927	66	-13	13	2927	66	-13	13	2927	66	-13	13	2927	66	-13	13	2927	66	-13	13	2927	66	-13	13	2927	66	-13	13	2927	66	-13	13	2927	66	-13	13	2927	66	-13	13	2927
67	-118	19	2946	67	-118	19	2946	67	-118	19	2946	67	-118	19	2946	67	-118	19	2946	67	-118	19	2946	67	-118	19	2946	67	-118	19	2946	67	-118	19	2946	67	-118	19	2946	67	-118	19	2946	67	-118	19	2946	67	-118	19	2946	67	-118	19	2946	67	-118	19	2946	67	-118	19	2946
68	-218	20	2966	68	-218	20	2966	68	-218	20	2966	68	-218	20	2966	68	-218	20	2966	68	-218	20	2966	68	-218	20	2966	68	-218	20	2966	68	-218	20	2966	68	-218	20	2966	68	-218	20	2966	68	-218	20	2966	68	-218	20	2966	68	-218	20	2966	68	-218	20	2966	68	-218	20	2966
69	-13	13	2979	69	-13	13	2979	69	-13	13	2979	69	-13	13	2979	69	-13	13	2979	69	-13	13	2979	69	-13	13	2979	69	-13	13	2979	69	-13	13	2979	69	-13	13	2979	69	-13	13	2979	69	-13	13	2979	69	-13	13	2979	69	-13	13	2979	69	-13	13	2979	69	-13	13	2979
70	-13	13	2992	70	-13	13	2992	70	-13	13	2992	70	-13	13	2992	70	-13	13	2992	70	-13	13	2992	70	-13	13	2992	70	-13	13	2992	70	-13	13	2992	70	-13	13	2992	70	-13	13	2992	70	-13	13	2992	70	-13	13	2992	70	-13	13	2992	70	-13	13	2992	70	-13	13	2992
71	-15	15	3007	71	-15	15	3007	71	-15	15	3007	71	-15	15	3007	71	-15	15	3007	71	-15	15	3007	71	-15	15	3007	71	-15	15	3007	71	-15	15	3007	71	-15	15	3007	71	-15	15	3007	71	-15	15	3007	71	-15	15	3007	71	-15	15	3007	71	-15	15	3007	71	-15	15	3007
72	-15	15	3022	72	-15	15	3022	72	-15	15	3022	72	-15	15	3022	72	-15	15	3022	72	-15	15	3022	72	-15	15	3022	72	-15	15	3022	72	-15	15	3022	72	-15	15	3022	72	-15	15	3022	72	-15	15	3022	72	-15	15	3022	72	-15	15	3022	72	-15	15	3022	72	-15	15	3022
73	-124	25	3047	73	-124	25	3047	73	-124	25	3047	73	-124	25	3047	73	-124	25	3047	73	-124	25	3047	73	-124	25	3047	73	-124	25	3047	73	-124	25	3047	73	-124	25	3047	73	-124	25	3047	73	-124	25	3047	73	-124	25	3047	73	-124	25	3047	73	-124	25	3047	73	-124	25	3047
74	-19	19	3066	74	-19	19	3066	74	-19	19	3066	74	-19	19	3066	74	-19	19	3066	74	-19	19	3066	74	-19	19	3066	74	-19	19	3066	74	-19	19	3066	74	-19	19	3066	74	-19	19	3066	74	-19	19	3066	74	-19	19	3066	74	-19	19	3066	74	-19	19	3066	74	-19	19	3066
75	-13	13	3079	75	-13	13	3079	75	-13	13	3079	75	-13	13	3079	75	-13	13	3079	75	-13	13	3079	75	-13	13	3079	75	-13	13	3079	75	-13	13	3079	75	-13	13	3079	75	-13	13	3079	75	-13	13	3079	75	-13	13	3079	75	-13	13	3079	75	-13	13	3079	75	-13	13	3079
76	-15	15	3094	76	-15	15	3094	76	-15	15	3094	76	-15	15	3094	76	-15	15	3094	76	-15	15	3094	76	-15	15	3094	76	-15	15	3094	76	-15	15	3094	76	-15	15	3094	76	-15	15	3094	76	-15	15	3094	76	-15	15	3094	76	-15	15	3094	76	-15	15	3094	76	-15	15	3094
77	-124	25	3119	77	-124	25	3119	77	-124	25	3119	77	-124	25	3119	77	-124	25	3119	77	-124	25	3119	77	-124	25	3119	77	-124	25	3119	77	-124	25	3119	77	-124	25	3119	77	-124	25	3119	77	-124	25	3119	77	-124	25	3119	77	-124	25	3119	77	-124	25	3119	77	-124	25	3119
78	-15	15	3134	78	-15	15	3134	78	-15	15	3134	78	-15	15	3134	78	-15	15	3134	78	-15	15	3134	78	-15	15	3134	78	-15	15	3134	78	-15	15	3134	78	-15	15	3134	78	-15	15	3134	78	-15	15	3134	78	-15	15	3134	78	-15	15	3134	78	-15	15	3134	78	-15	15	3134
79	-13	13	3147	79	-13	13	3147	79	-13	13	3147	79	-13	13	3147	79	-13	13	3147	79	-13	13	3147	79	-13	13	3147	79	-13	13	3147	79	-13	13	3147	79	-13	13	3147	79	-13	13	3147	79	-13	13	3147	79	-13	13	3147	79	-13	13	3147	79	-13	13	3147	79	-13	13	3147
80	-13	13	3160	80	-13	13	3160	80	-13	13	3160	80	-13	13	3160	80	-13	13	3160	80	-13	13	3160	80	-13	13	3160	80	-13	13	3160	80	-13	13	3160	80	-13	13	3160	80	-13	13	3160	80	-13	13	3160	80	-13	13	3160	80	-13	13	3160	80	-13	13	3160	80	-13	13	3160
81	-13	13	3173	81	-13	13	3173	81	-13	13	3173	81	-13	13	3173	81	-13	13	3173	81	-13	13	3173	81	-13	13	3173	81	-13	13	3173	81	-13	13	3173	81	-13	13	3173	81	-13	13	3173	81	-13	13	3173	81	-13	13	3173	81	-13	13	3173	81	-13	13	3173	81	-13	13	3173
82	-124	25	3198	82	-124	25	3198	82	-124	25	3198	82	-124	25	3198	82	-124	25	3198	82	-124	25	3198	82	-124	25	3198	82	-124	25	3198	82	-124	25	3198	82	-124	25	3198	82	-124	25	3198	82	-124	25	3198	82	-124	25	3198	82	-124	25	3198	82	-124	25	3198	82	-124	25	3198
83	-340	43	3241	83	-340	43	3241	83	-340	43	3241	83	-340	43	3241	83	-340	43	3241	83	-340	43	3241	83	-340	43	3241	83	-340	43	3241	83	-340	43	3241	83	-340	43	3241	83	-340	43	3241	83	-340	43	3241	83	-340	43	3241	83	-340	43	3241	83	-340	43	3241	83	-340	43	3241
84	-17	17	3258	84	-17	17	3258	84	-17	17	3258	84	-17	17	3258	84	-17	17	3258	84	-17	17	3258	84	-17	17	3258	84	-17	17	3258	84	-17	17	3258	84	-17	17	3258	84	-17	17	3258	84	-17	17	3258	84	-17	17	3258	84	-17	17	3258	84	-17	17	3258	84	-17	17	3258
85	-15	15	3273	85	-15	15	3273	85	-15	15	3273	85	-15	15	3273	85	-15	15	3273	85	-15	15	3273	85	-15	15	3273	85	-15	15	3273	85	-15	15	3273	85	-15	15	3273	85	-15	15	3273	85	-15	15	3273	85	-15	15	3273	85	-15	15	3273	85	-15	15	3273	85	-15	15	3273
86	-15	15	3288	86	-15	15	3288	86	-15	15	3288	86	-15	15	3288	86	-15	15	3288	86	-15	15	3288	86	-15	15	3288	86	-15	15	3288	86	-15	15	3288	86	-15	15	3288	86	-15	15	3288	86	-15	15	3288	86	-15	15	3288	86	-15	15	3288	86	-15	15	3288	86	-15	15	3288
87	-15	15	3303	87	-15	15	3303	87	-15	15	3303	87	-15	15	3303	87	-15	15	3303	87	-15	15	3303	87	-15	15	3303	87	-15	15	3303	87	-15	15	3303	87	-15	15	3303	87	-15	15	3303	87	-15	15	3303	87	-15	15	3303	87	-15	15	3303	87	-15	15	3303	87	-15	15	3303
88	-13	13	3316	88	-13	13	3316	88	-13	13	3316	88	-13	13	3316	88	-13	13	3316	88	-13	13	3316	88	-13	13	3316	88	-13	13	3316	88	-13	13	3316	88	-13	13	3316	88	-13	13	3316	88	-13	13	3316	88	-13	13	3316	88	-13	13	3316	88	-13	13	3316	88	-13	13	3316
89	-232	34	3350	89	-232	34	3350	89	-232	34	3350	89	-232	34	3350	89	-232	34	3350	89	-232	34	3350	89	-232	34	3350	89	-232	34	3350	89	-232	34	3350	89	-232	34	3350	89	-232	34	3350	89	-232	34	3350	89	-232	34	3350	89	-232	34	3350	89	-232	34	3350	89	-232	34	3350
90	-127	28	3378	90	-127	28	3378	90	-127	28	3378	90	-127	28	3378	90	-127	28	3378	90	-127	28	3378	90	-127	28	3378	90	-127	28	3378	90	-127	28	3378	90	-127	28	3378	90	-127	28	3378	90	-127	28	3378	90	-127	28	3378	90	-127	28	3378	90	-127	28	3378	90	-127	28	3378
91	-13	13	3391	91	-13	13	3391	91	-13	13	3391	91	-13	13	3391	91	-13	13	3391	91	-13	13	3391	91	-13	13	3391	91	-13	13	3391	91	-13	13	3391	91	-13	13	3391	91	-13	13	3391	91	-13	13	3391	91	-13	13	3391	91	-13	13	3391	91	-13	13	3391	91	-13	13	3391
92	-13	13	3404	92	-13	13	3404	92	-13	13	3404	92	-13	13	3404	92	-13	13	3404	92	-13	13	3404	92	-13	13	3404	92	-13	13	3404	92	-13	13	3404	92	-13	13	3404	92	-13	13	3404	92	-13	13	3404	92	-13	13	3404	92	-13	13	3404	92	-13	13	3404	92	-13	13	3404
93	-15	15	3419	93	-15	15	3419	93	-15	15	3419	93	-15	15	3419	93	-15	15	3419	93	-15	15	3419	93	-15	15	3419	93	-15	15	3419	93	-15	15	3419	93	-15	15	3419	93	-15	15	3419	93	-15	15	3419	93	-15	15	3419	93	-15	15	3419	93	-15	15	3419	93	-15	15	3419
94	-117	18	3437	94	-117	18	3437	94	-117	18	3437	94	-117	18	3437	94	-117	18	3437	94	-117	18	3437	94	-117	18	3437	94	-117	18	3437	94	-117	18	3437	94	-117	18	3437	94	-117	18	3437	94	-117	18	3437	94	-117	18	3437	94	-117	18	3437	94	-117	18	3437	94	-117	18	3437
95	-125	26	3463	95	-125	26	3463	95	-125	26	3463	95	-125	26	3463	95	-125	26	3463	95	-125	26	3463	95	-125	26	3463	95	-125	26	3463	95	-125	26	3463	95	-125	26	3463	95	-125	26	3463	95	-125	26	3463	95	-125	26	3463	95	-125	26	3463	95	-125	26	3463	95	-125	26	3463
96	-118	19	3482	96	-118	19	3482	96	-118	19	3482	96	-118	19	3482	96	-118	19	3482	96	-118	19	3482	96	-118	19	3482	96	-118	19	3482	96	-118	19	3482	96	-118	19	3482	96	-118	19	3482	96	-118	19	3482	96	-118	19	3482	96	-118	19	3482	96	-118	19	3482	96	-118	19	3482
97	-13	13	3495	97	-13	13	3495	97	-13	13	3495	97	-13	13	3495	97	-13	13	3495	97	-13	13	3495	97	-13	13	3495	97	-13	13	3495	97	-13	13	3495	97	-13	13	3495	97	-13	13	3495	97	-13	13	3495	97	-13	13	3495	97	-13	13	3495	97	-13	13	3495	97	-13	13	3495
98	-15	15	3510	98	-15	15	3510	98	-15	15	3510	98	-15	15	3510	98	-15	15	3510	98	-15	15	3510	98	-15	15	3510	98	-15	15	3510	98	-15	15	3510	98	-15	15	3510	98	-15	15	3510	98	-15	15	3510	98	-15	15	3510	98	-15	15	3510	98	-15	15	3510	98	-15	15	3510
99	-113	14	3524	99	-113	14	3524	99	-113	14	3524	99	-113	14	3524	99	-113	14	3524	99	-113	14	3524	99	-113	14	3524	99	-113	14	3524	99	-113	14	3524	99	-113	14	3524	99	-113	14	3524	99	-113	14	3524	99	-113	14	3524	99	-113	14	3524	99	-113	14	3524	99	-113	14	3524
100	-19	19	3543	100	-19	19	3543	100	-19	19	3543	100	-19	19	3543	100	-19	19	3543	100	-19	19	3543	100	-19	19	3543	100	-19	19	3543	100	-19	19	3543	100	-19	19	3543	100	-19	19	3543	100	-19	19	3543	100	-19	19	3543	100	-19	19	3543	100	-19	19	3543	100	-19	19	3543
101	-15	15	3558	101	-15	15	3558	101	-15	15	3558	101	-15	15	3558	101	-15	15	3558	101	-15	15	3558	101	-15	15	3558	101	-15	15	3558	101	-15	15	3558	101	-15	15	3558	101	-15	15	3558	101	-15	15	3558	101	-15	15	3558	101	-15	15	3558	101	-15	15	3558	101	-15	15	3558
102	-17	17	3575	102	-17	17	3575	102	-17	17	3575	102	-17	17	3575	102	-17	17	3575	102	-17	17	3575	102	-17	17	3575	102	-17	17	3575	102	-17	17	3575	102	-17	17	3575	102	-17	17	3575	102	-17	17	3575	102	-17	17	3575	102	-17	17	3575	102	-17	17	3575	102	-17	17	3575
103	-13	13	3588	103	-13	13	3588	103	-13	13	3588	103	-13	13	3588	103	-13	13	3588	103	-13	13	3588	103	-13	13	3588	103	-13	13	3588	103	-13	13	3588	103	-13	13	3588	103	-13	13	3588	103	-13	13	3588	103	-13	13	3588	103	-13	13	3588	103	-13	13	3588	103	-13	13	3588
104	-15	15	3603	104	-15	15	3603	104	-15	15	3603	104	-15	15	3603	104	-15	15	3603	104	-15	15	3603	104	-15	15	3603	104	-15	15	3603	104	-15	15	3603	104	-15	15	3603	104	-15	15	3603	104	-15	15	3603	104	-15	15	3603	104	-15	15	3603	104	-15	15	3603	104	-15	15	3603
105	-13	13	3616	105	-13	13	3616	105	-13	13	3616	105	-13	13	3616	105	-13	13	3616	105	-13	13	3616	105	-13	13	3616	105	-13	13	3616	105	-13	13	3616	105	-13	13	3616	105	-13	13	3616	105	-13	13	3616	105	-13	13	3616	105	-13	13	3616	105	-13	13	3616	105	-13	13	3616
106	-14	14	3630	106	-14	14	3630	106	-14	14	3630	106	-14	14	3630	106	-14	14	3630	106	-14	14	3630	106	-14	14	3630	106	-14	14	3630	106	-14	14	3630	106	-14	14	3630	106	-14	14	3630	106	-14	14	3630	106	-14	14	3630	106	-14	14	3630	106	-14	14	3630	106	-14	14	3630
107	-17	17	3647	107	-17	17	3647	107	-17	17	3647	107	-17	17	3647	107	-17	17	3647	107	-17	17	3647	107	-17	17	3647	107	-17	17	3647	107	-17	17	3647	107	-17	17	3647	107	-17	17	3647	107	-17	17	3647	107	-17	17	3647	107	-17	17	3647	107	-17	17	3647	107	-17	17	3647
108	-14	14	3661	108	-14	14	3661	108	-14	14	3661	108	-14	14	3661	108	-14	14	3661	108	-14	14	3661	108	-14	14	3661	108	-14	14	3661	108	-14	14	3661	108	-14	14	3661	108	-14	14	3661	108	-14	14	3661	108	-14	14	3661	108	-14	14	3661	108	-14	14	3661	108	-14	14	3661
109	-337	40	3701	109	-337	40	3701	109	-337	40	3701	109	-337	40	3701	109	-337	40	3701	109	-337	40	3701	109	-337	40	3701	109	-337	40	3701	109	-337	40	3701	109	-337	40	3701	109	-337	40	3701	109	-337	40	3701	109	-337	40	3701	109	-337	40	3701	109	-337	40	3701	109	-337	40	3701
110	-15	15	3716	110	-15	15	3716	110	-15	15	3716	110	-15	15	3716	110	-15	15	3716	110	-15	15	3716	110	-15	15	3716	110	-15	15	3716	110	-15	15	3716	110	-15	15	3716	110	-15	15	3716	110	-15	15	3716	110	-15	15	3716	110	-15	15	3716	110	-15	15	3716	110	-15	15	3716
111	-13	13	3729	111	-13	13	3729	111	-13	13	3729	111	-13	13	3729	111	-13	13	3729	111	-13	13	3729	111	-13	13	3729	111	-13	13	3729	111	-13	13	3729	111	-13	13	3729	111	-13	13	3729	111	-13	13	3729	111	-13	13	3729	111	-13	13	3729	111	-13	13	3729	111	-13	13	3729
112	-122	23	3752	112	-122	23	3752	112	-122	23	3752	112	-122	23	3752	112	-122	23	3752	112	-122	23	3752	112	-122	23	3752	112	-122	23	3752	112	-122	23	3752	112	-122	23	3752	112	-122	23	3752	112	-122	23	3752	112	-122	23	3752	112	-122	23	3752	112	-122	23	3752	112	-122	23	3752
113	-118	19	3771	113	-118	19	3771	113	-118	19	3771	113	-118	19	3771	113	-118	19	3771	113	-118	19	3771	113	-118	19	3771	113	-118	19	3771	113	-118	19	3771	113	-118	19	3771	113	-118	19	3771	113	-118	19	3771	113	-118	19	3771	113	-118	19	3771	113	-118	19	3771	113	-118	19	3771
114	-15	15	3786	114	-15	15	3786	114	-15	15	3786	114	-15	15	3786	114	-15	15	3786	114	-15	15	3786	114	-15	15	3786	114	-15	15	3786	114	-15	15	3786	114	-15	15	3786	114	-15	15	3786	114	-15	15	3786	114	-15	15	3786	114	-15	15	3786	114	-15	15	3786	114	-15	15	3786
115	-113	14	3800	115	-113	14	3800	115	-113	14	3800	115	-113	14	3800	115	-113	14	3800	115	-113	14	3800	115	-113	14	3800	115	-113	14	3800	115	-113	14	3800	115	-113	14	3800	115	-113	14	3800	115	-113	14	3800	115	-113	14	3800	115	-113	14	3800	115	-113	14	3800	115	-113	14	3800
116	-15	15	3815	116	-15	15	3815	116	-15	15	3815	116	-15	15	3815	116	-15	15	3815	116	-15	15	3815	116	-15	15	3815	116	-15	15	3815	116	-15	15	3815	116	-15	15	3815	116	-15	15	3815	116	-15	15	3815	116	-15	15	3815	116	-15	15	3815	116	-15	15	3815	116	-15	15	3815
117	-13	13	3828	117	-13	13	3828	117	-13	13	3828	117	-13	13	3828	117	-13	13	3828	117	-13	13	3828	117	-13	13	3828	117	-13	13	3828	117	-13	13	3828	117	-13	13	3828	117	-13	13	3828	117	-13	13	3828	117	-13	13	3828	117	-13	13	3828	117	-13	13	3828	117	-13	13	3828
118	-15	15	3843	118	-15	15	3843	118	-15	15	3843	118	-15	15	3843	118	-15	15	3843	118	-15	15	3843	118	-15	15	3843	118	-15	15	3843	118	-15	15	3843	118	-15	15	3843	118	-15	15	3843	118	-15	15	3843	118	-15	15	3843	118	-15	15	3843	118	-15	15	3843	118	-15	15	3843
119	-233	35	3878	119	-233	35	3878	119	-233	35	3878	119	-233	35	3878	119	-233	35	3878	119	-233	35	3878	119	-233	35	3878	119	-233	35	3878	119	-233	35	3878	119	-233	35	3878	119	-233	35	3878	119	-233	35	3878	119	-233	35	3878	119	-233	35	3878	119	-233	35	3878	119	-233	35	3878
120	-13	13	3891	120	-13	13	3891	120	-13	13	3891	120	-13	13	3891	120	-13	13	3891	120	-13	13	3891	120	-13	13	3891	120	-13	13	3891	120	-13	13	3891	120	-13	13	3891	120	-13	13	3891	120	-13	13	3891	120	-13	13	3891	120	-13	13	3891	120	-13	13	3891	120	-13	13	3891
121	-13	13	3904	121	-13	13	3904	121	-13	13	3904	121	-13	13	3904	121	-13	13	3904	121	-13	13	3904	121	-13	13	3904	121	-13	13	3904	121	-13	13	3904	121	-13	13	3904	121	-13	13	3904	121	-13	13	3904	121	-13	13	3904	121	-13	13	3904	121	-13	13	3904	121	-13	13	3904
122	-15	15	3919	122	-15	15	3919	122	-15	15	3919	122	-15	15	3919	122	-15	15	3919	122	-15	15	3919	122	-15	15	3919	122	-15	15	3919	122	-15	15	3919	122	-15	15	3919	122	-15	15	3919	122	-15	15	3919	122	-15	15	3919	122	-15	15	3919	122	-15	15	3919	122	-15	15	3919
123	-123	24	3943	123	-123	24	3943	123	-123	24	3943	123	-123	24	3943	123	-123	24	3943	123	-123	24	3943	123	-123	24	3943	123	-123	24	3943	123	-123	24	3943	123	-123	24	3943	123	-123	24	3943	123	-123	24	3943	123	-123	24	3943	123	-123	24	3943	123	-123	24	3943	123	-123	24	3943
124	-13	13	3956	124	-13	13	3956	124	-13	13	3956	124	-13	13	3956	124	-13	13	3956	124	-13	13	3956	124	-13	13	3956	124	-13	13	3956	124	-13	13	3956	124	-13	13	3956	124	-13	13	3956	124	-13	13	3956	124	-13	13	3956	124	-13	13	3956	124	-13	13	3956	124	-13	13	3956
125	-124	25	3981	125	-124	25	3981	125	-124	25	3981	125	-124	25	3981	125	-124	25	3981	125	-124	25	3981	125	-124	25	3981	125	-124	25	3981	125	-124	25	3981	125	-124	25	3981	125	-124	25	3981	125	-124	25	3981	125	-124	25	3981	125	-124	25	3981	125	-124	25	3981	125	-124	25	3981
126	-121	22	4003	126	-121	22	4003	126	-121	22	4003	126	-121	22	4003	126	-121	22	4003	126	-121	22	4003	126	-121	22	4003	126	-121	22	4003	126	-121	22	4003	126	-121	22	4003	126	-121	22	4003	126	-121	22	4003	126	-121	22	4003	126	-121	22	4003	126	-121	22	4003	126	-121	22	4003
127	-113	14	4017	127	-113	14	4017	127	-113	14	4017	127	-113	14	4017	127	-113	14	4017	127	-113	14	4017	127	-113	14	4017	127	-113	14	4017	127	-113	14	4017	127	-113	14	4017	127	-113	14	4017	127	-113	14	4017	127	-113	14	4017	127	-113	14	4017	127	-113	14	4017	127	-113	14	4017
128	-13	13	4030	128	-13	13	4030	128	-13	13	4030	128	-13	13	4030	128	-13	13	4030	128	-13	13	4030	128	-13	13	4030	128	-13	13	4030	128	-13	13	4030	128	-13	13	4030	128	-13	13	4030	128	-13	13	4030	128	-13	13	4030	128	-13	13	4030	128	-13	13	4030	128	-13	13	4030
129	-13	13	4043	129	-13	13	4043	129	-13	13	4043	129	-13	13	4043	129	-13	13	4043	129	-13	13	4043	129	-13	13	4043	129	-13	13	4043	129	-13	13	4043	129	-13	13	4043	129	-13	13	4043	129	-13	13	4043	129	-13	13	4043	129	-13	13	4043	129	-13	13	4043	129	-13	13	4043
130	-15	15	4058	130	-15	15	4058	130	-15	15	4058	130	-15	15	4058	130	-15	15	4058	130	-15	15	4058	130	-15	15	4058	130	-15	15	4058	130	-15	15	4058	130	-15	15	4058	130	-15	15	4058	130	-15	15	4058	130	-15	15	4058	130	-15	15	4058	130	-15	15	4058	130	-15	15	4058
131	-13	13	4071	131	-13	13	4071	131	-13	13	4071	131	-13	13	4071	131	-13	13	4071	131	-13	13	4071	131	-13	13	4071	131	-13	13	4071	131	-13	13	4071	131	-13	13	4071	131	-13	13	4071	131	-13	13	4071	131	-13	13	4071	131	-13	13	4071	131	-13	13	4071	131	-13	13	4071
132	-13	13	4084	132	-13	13	4084	132	-13	13	4084	132	-13	13	4084	132	-13	13	4084	132	-13	13	4084	132	-13	13	4084	132	-13	13	4084	132	-13	13	4084	132	-13	13	4084	132	-13	13	4084	132	-13	13	4084	132	-13	13	4084	132	-13	13	4084	132	-13	13	4084	132	-13	13	4084
133	-124	25	4109	133	-124	25	4109	133	-124	25	4109	133	-124	25	4109	133	-124	25	4109	133	-124	25	4109	133	-124	25	4109	133	-124	25	4109	133	-124	25	4109	133	-124	25	4109	133	-124	25	4109	133	-124	25	4109	133	-124	25	4109	133	-124	25	4109	133	-124	25	4109	133	-124	25	4109
134	-13	13	4122	134	-13	13	4122	134	-13	13	4122	134	-13	13	4122	134	-13	13	4122	134	-13	13	4122	134	-13	13	4122	134	-13	13	4122	134	-13	13	4122	134	-13	13	4122	134	-13	13	4122	134	-13	13	4122	134	-13	13	4122	134	-13	13	4122	134	-13	13	4122	134	-13	13	4122
135	-14	14	4136	135	-14	14	4136	135	-14	14	4136	135	-14	14	4136	135	-14	14	4136	135	-14	14	4136	135	-14	14	4136	135	-14	14	4136	135	-14	14	4136	135	-14	14	4136	135	-14	14	4136	135	-14	14	4136	135	-14	14	4136	135	-14	14	4136	135	-14	14	4136	135	-14	14	4136
136	-117	18	4154	136	-117	18	4154	136	-117	18	4154	136	-117	18	4154	136	-117	18	4154	136	-117	18	4154	136	-117	18	4154	136	-117	18	4154	136	-117	18	4154	136	-117	18	4154	136	-117	18	4154	136	-117	18	4154	136	-117	18	4154	136	-117	18	4154	136	-117	18	4154	136	-117	18	4154
137	-13	13	4167	137	-13	13	4167	137	-13	13	4167	137	-13	13	4167	137	-13	13	4167	137	-13	13	4167	137	-13	13	4167	137	-13	13	4167	137	-13	13	4167	137	-13	13	4167	137	-13	13	4167	137	-13	13	4167	137	-13	13	4167	137	-13	13	4167	137	-13	13	4167	137	-13	13	4167
138	-13	13	4180	138	-13	13	4180	138	-13	13	4180	138	-13	13	4180	138	-13	13	4180	138	-13	13	4180	138	-13	13	4180	138	-13	13	4180	138	-13	13	4180	138	-13	13	4180	138	-13	13	4180	138	-13	13	4180	138	-13	13	4180	138	-13	13	4180	138	-13	13	4180	138	-13	13	4180
139	-13	13	4193	139	-13	13	4193	139	-13	13	4193	139	-13	13	4193	139	-13	13	4193	139	-13	13	4193	139	-13	13	4193	139	-13	13	4193	139	-13	13	4193	139	-13	13	4193	139	-13	13	4193	139	-13	13	4193	139	-13	13	4193	139	-13	13	4193	139	-13	13	4193	139	-13	13	4193
140	-13	13	4206	140	-13	13	4206	140	-13	13	4206	140	-13	13	4206	140	-13	13	4206	140	-13	13	4206	140	-13	13	4206	140	-13	13	4206	140	-13	13	4206	140	-13	13	4206	140	-13	13	4206	140	-13	13	4206	140	-13	13	4206	140	-13	13	4206	140	-13	13	4206	140	-13	13	4206
141	-17	17	4223	141	-17	17	4223	141	-17	17	4223	141	-17	17	4223	141	-17	17	4223	141	-17	17	4223	141	-17	17	4223	141	-17	17	4223	141	-17	17	4223	141	-17	17	4223	141	-17	17	4223	141	-17	17	4223	141	-17	17	4223	141	-17	17	4223	141	-17	17	4223	141	-17	17	4223
142	-129	30	4253	142	-129	30	4253	142	-129	30	4253	142	-129	30	4253	142	-129	30	4253	142	-129	30	4253	142	-129	30	4253	142	-129	30	4253	142	-129	30	4253	142	-129	30	4253	142	-129	30	4253	142	-129	30	4253	142	-129	30	4253	142	-129	30	4253	142	-129	30	4253	142	-129	30	4253
143	-341	44	4297	143	-341	44	4297	143	-341	44	4297	143	-341	44	4297	143	-341	44	4297	143	-341	44	4297	143	-341	44	4297	143	-341	44	4297	143	-341	44	4297	143	-341	44	4297	143	-341	44	4297	143	-341	44	4297	143	-341	44	4297	143	-341	44	4297	143	-341	44	4297	143	-341	44	4297
144	-13	13	4310	144	-13	13	4310	144	-13	13	4310	144	-13	13	4310	144	-13	13	4310	144	-13	13	4310	144	-13	13	4310	144	-13	13	4310	144	-13	13	4310	144	-13	13	4310	144	-13	13	4310	144	-13	13	4310	144	-13	13	4310	144	-13	13	4310	144	-13	13	4310	144	-13	13	4310
145	-13	13	4323	145	-13	13	4323	145	-13	13	4323	145	-13	13	4323	145	-13	13	4323	145	-13	13	4323	145	-13	13	4323	145	-13	13	4323	145	-13	13	4323	145	-13	13	4323	145	-13	13	4323	145	-13	13	4323	145	-13	13	4323	145	-13	13	4323	145	-13	13	4323	145	-13	13	4323
146	-122	23	4346	146	-122	23	4346	146	-122	23	4346	146	-122	23	4346	146	-122	23	4346	146	-122	23	4346	146	-122	23	4346	146	-122	23	4346	146	-122	23	4346	146	-122	23	4346	146	-122	23	4346	146	-122	23	4346	146	-122	23	4346	146	-122	23	4346	146	-122	23	4346	146	-122	23	4346
147	-17	17	4363	147	-17	17	4363	147	-17	17	4363	147	-17	17	4363	147	-17	17	4363	147	-17	17	4363	147	-17	17	4363	147	-17	17	4363	147	-17	17	4363	147	-17	17	4363	147	-17	17	4363	147	-17	17	4363	147	-17	17	4363	147	-17	17	4363	147	-17	17	4363	147	-17	17	4363
148	-15	15	4378	148	-15	15	4378	148	-15	15	4378	148	-15	15	4378	148	-15	15	4378	148	-15	15	4378	148	-15	15	4378	148	-15	15	4378	148	-15	15	4378	148	-15	15	4378	148	-15	15	4378	148	-15	15	4378	148	-15	15	4378	148	-15	15	4378	148	-15	15	4378	148	-15	15	4378
149	-14	14	4392	149	-14	14	4392	149	-14	14	4392	149	-14	14	4392	149	-14	14	4392	149	-14	14	4392	149	-14	14	4392	149	-14	14	4392	149	-14	14	4392	149	-14	14	4392	149	-14	14	4392	149	-14	14	4392	149	-14	14	4392	149	-14	14	4392	149	-14	14	4392	149	-14	14	4392
150	-13	13	4405	150	-13	13	4405	150	-13	13	4405	150	-13	13	4405	150	-13	13	4405	150	-13	13	4405	150	-13	13	4405	150	-13	13	4405	150	-13	13	4405	150	-13	13	4405	150	-13	13	4405	150	-13	13	4405	150	-13	13	4405	150	-13	13	4405	150	-13	13	4405	150	-13	13	4405
151	-13	13	4418	151	-13	13	4418	151	-13	13	4418	151	-13	13	4418	151	-13	13	4418	151	-13	13	4418	151	-13	13	4418	151	-13	13	4418	151	-13	13	4418	151	-13	13	4418	151	-13	13	4418	151	-13	13	4418	151	-13	13	4418	151	-13	13	4418	151	-13	13	4418	151	-13	13	4418
152	-13	13	4431	152	-13	13	4431	152	-13	13	4431	152	-13	13	4431	152	-13	13	4431	152	-13	13	4431	152	-13	13	4431	152	-13	13	4431	152	-13	13	4431	152	-13	13	4431	152	-13	13	4431	152	-13	13	4431	152	-13	13	4431	152	-13	13	4431	152	-13	13	4431	152	-13	13	4431
153	-213	15	4446	153	-213	15	4446	153	-213	15	4446	153	-213	15	4446	153	-213	15	4446	153	-213	15	4446	153	-213	15	4446	153	-213	15	4446	153	-213	15	4446	153	-213	15	4446	153	-213	15	4446	153	-213	15	4446	153	-213	15	4446	153	-213	15	4446	153	-213	15	4446	153	-213	15	4446
154	-14	14	4460	154	-14	14	4460	154	-14	14	4460	154	-14	14	4460	154	-14	14	4460	154	-14	14	4460	154	-14	14	4460	154	-14	14	4460	154	-14	14	4460	154	-14	14	4460	154	-14	14	4460	154	-14	14	4460	154	-14	14	4460	154	-14	14	4460	154	-14	14	4460	154	-14	14	4460
155	-221	23	4483	155	-221	23	4483	155	-221	23	4483	155	-221	23	4483	155	-221	23	4483	155	-221	23	4483	155	-221	23	4483	155	-221	23	4483	155	-221	23	4483	155	-221	23	4483	155	-221	23	4483	155	-221	23	4483	155	-221	23	4483	155	-221	23	4483	155	-221	23	4483	155	-221	23	4483
156	-17	17	4500	156	-17	17	4500	156	-17	17	4500	156	-17	17	4500	156	-17	17	4500	156	-17	17	4500	156	-17	17	4500	156	-17	17	4500	156	-17	17	4500	156	-17	17	4500	156	-17	17	4500	156	-17	17	4500	156	-17	17	4500	156	-17	17	4500	156	-17	17	4500	156	-17	17	4500
157	-14	14	4514	157	-14	14	4514	157	-14	14	4514	157	-14	14	4514	157	-14	14	4514	157	-14	14	4514	157	-14	14	4514	157	-14	14	4514	157	-14	14	4514	157	-14	14	4514	157	-14	14	4514	157	-14	14	4514	157	-14	14	4514	157	-14	14	4514	157	-14	14	4514	157	-14	14	4514
158	-125	26	4540	158	-125	26	4540	158	-125	26	4540	158	-125	26	4540	158	-125	26	4540	158	-125	26	4540	158	-125	26	4540	158	-125	26	4540	158	-125	26	4540	158	-125	26	4540	158	-125	26	4540	158	-125	26	4540	158	-125	26	4540	158	-125	26	4540	158	-125	26	4540	158	-125	26	4540
159	-124	25	4565	159	-124	25	4565	159	-124	25	4565	159	-124	25	4565	159	-124	25	4565	159	-124	25	4565	159	-124	25	4565	159	-124	25	4565	159	-124	25	4565	159	-124	25	4565	159	-124	25	4565	159	-124	25	4565	159	-124	25	4565	159	-124	25	4565	159	-124	25	4565	159	-124	25	4565
160	-14	14	4579	160	-14	14	4579	160	-14	14	4579	160	-14	14	4579	160	-14	14	4579	160	-14	14	4579	160	-14	14	4579	160	-14	14	4579	160	-14	14	4579	160	-14	14	4579	160	-14	14	4579	160	-14	14	4579	160	-14	14	4579	160	-14	14	4579	160	-14	14	4579	160	-14	14	4579
161	-13	13	4592	161	-13	13	4592	161	-13	13	4592	161	-13	13	4592	161	-13	13	4592	161	-13	13	4592	161	-13	13	4592	161	-13	13	4592	161	-13	13	4592	161	-13	13	4592	161	-13	13	4592	161	-13	13	4592	161	-13	13	4592	161	-13	13	4592	161	-13	13	4592	161	-13	13	4592
162	-325	28	4620	162	-325	28	4620	162	-325	28	4620	162	-325	28	4620	162	-325	28	4620	162	-325	28	4620	162	-325	28	4620	162	-325	28	4620	162	-325	28	4620	162	-325	28	4620	162	-325	28	4620	162	-325	28	4620	162	-325	28	4620	162	-325	28	4620	162	-325	28	4620	162	-325	28	4620
163	-13	13	4633	163	-13	13	4633	163	-13	13	4633	163	-13	13	4633	163	-13	13	4633	163	-13	13	4633	163	-13	13	4633	163	-13	13	4633	163	-13	13	4633	163	-13	13	4633	163	-13	13	4633	163	-13	13	4633	163	-13	13	4633	163	-13	13	4633	163	-13	13	4633	163	-13	13	4633
164	-13	13	4646	164	-13	13	4646	164	-13	13	4646	164	-13	13	4646	164	-13	13	4646	164	-13	13	4646	164	-13	13	4646	164	-13	13	4646	164	-13	13	4646	164	-13	13	4646	164	-13	13	4646	164	-13	13	4646	164	-13	13	4646	164	-13	13	4646	164	-13	13	4646	164	-13	13	4646
165	-332	35	4681	165	-332	35	4681	165	-332	35	4681	165	-332	35	4681	165	-332	35	4681	165	-332	35	4681	165	-332	35	4681	165	-332	35	4681	165	-332	35	4681	165	-332	35	4681	165	-332	35	4681	165	-332	35	4681	165	-332	35	4681	165	-332	35	4681	165	-332	35	4681	165	-332	35	4681
166	-15	15	4696	166	-15	15	4696	166	-15	15	4696	166	-15	15	4696	166	-15	15	4696	166	-15	15	4696	166	-15	15	4696	166	-15	15	4696	166	-15	15	4696	166	-15	15	4696	166	-15	15	4696	166	-15	15	4696	166	-15	15	4696	166	-15	15	4696	166	-15	15	4696	166	-15	15	4696
167	-13	13	4709	167	-13	13	4709	167	-13	13	4709	167	-13	13	4709	167	-13	13	4709	167	-13	13	4709	167	-13	13	4709	167	-13	13	4709	167	-13	13	4709	167	-13	13	4709	167	-13	13	4709	167	-13	13	4709	167	-13	13	4709	167	-13	13	4709	167	-13	13	4709	167	-13	13	4709
168	-17	17	4726	168	-17	17	4726	168	-17	17	4726	168	-17	17	4726	168	-17	17	4726	168	-17	17	4726	168	-17	17	4726	168	-17	17	4726	168	-17	17	4726	168	-17	17	4726	168	-17	17	4726	168	-17	17	4726	168	-17	17	4726	168	-17	17	4726	168	-17	17	4726	168	-17	17	4726
169	-15	15	4741	169	-15	15	4741	169	-15	15	4741	169	-15	15	4741	169	-15	15	4741	169	-15	15	4741	169	-15	15	4741	169	-15	15	4741	169	-15	15	4741	169	-15	15	4741	169	-15	15	4741	169	-15	15	4741	169	-15	15	4741	169	-15	15	4741	169	-15	15	4741	169	-15	15	4741
170	-13	13	4754	170	-13	13	4754	170	-13	13	4754	170	-13	13	4754	170	-13	13	4754	170	-13	13	4754	170	-13	13	4754	170	-13	13	4754	170	-13	13	4754	170	-13	13	4754	170	-13	13	4754	170	-13	13	4754	170	-13	13	4754	170	-13	13	4754	170	-13	13	4754	170	-13	13	4754
171	-15	15	4769	171	-15	15	4769	171	-15	15	4769	171	-15	15	4769	171	-15	15	4769	171	-15	15	4769	171	-15	15	4769	171	-15	15	4769	171	-15	15	4769	171	-15	15	4769	171	-15	15	4769	171	-15	15	4769	171	-15	15	4769	171	-15	15	4769	171	-15	15	4769	171	-15	15	4769
172	-13	13	4782	172	-13	13	4782	172	-13	13	4782	172	-13	13	4782	172	-13	13	4782	172	-13	13	4782	172	-13	13	4782	172	-13	13	4782	172	-13	13	4782	172	-13	13	4782	172	-13	13	4782	172	-13	13	4782	172	-13	13	4782	172	-13	13	4782	172	-13	13	4782	172	-13	13	4782
173	-13	13	4795	173	-13	13	4795	173	-13	13	4795	173	-13	13	4795	173	-13	13	4795	173	-13	13	4795	173	-13	13	4795	173	-13	13	4795	173	-13	13	4795	173	-13	13	4795	173	-13	13	4795	173	-13	13	4795	173	-13	13	4795	173	-13	13	4795	173	-13	13	4795	173	-13	13	4795
174	-13	13	4808	174	-13	13	4808	174	-13	13	4808	174	-13	13	4808	174	-13	13	4808	174	-13	13	4808	174	-13	13	4808	174	-13	13	4808	174	-13	13	4808	174	-13	13	4808	174	-13	13	4808	174	-13	13	4808	174	-13	13	4808	174	-13	13	4808	174	-13	13	4808	174	-13	13	4808
175	-15	15	4823	175	-15	15	4823	175	-15	15	4823	175	-15	15	4823	175	-15	15	4823	175	-15	15	4823	175	-15	15	4823	175	-15	15	4823	175	-15	15	4823	175	-15	15	4823	175	-15	15	4823	175	-15	15	4823	175	-15	15	4823	175	-15	15	4823	175	-15	15	4823	175	-15	15	4823
176	-15	15	4838	176	-15	15	4838	176	-15	15	4838	176	-15	15	4838	176	-15	15	4838	176	-15	15	4838	176	-15	15	4838	176	-15	15	4838	176	-15	15	4838	176	-15	15	4838	176	-15	15	4838	176	-15	15	4838	176	-15	15	4838	176	-15	15	4838	176	-15	15	4838	176	-15	15	4838
177	-116	17	4855	177	-116	17	4855	177	-116	17	4855	177	-116	17	4855	177	-116	17	4855	177	-116	17	4855	177	-116	17	4855	177	-116	17	4855	177	-116	17	4855	177	-116	17	4855	177	-116	17	4855	177	-116	17	4855	177	-116	17	4855	177	-116	17	4855	177	-116	17	4855	177	-116	17	4855
178	-15	15	4870	178	-15	15	4870	178	-15	15	4870	178	-15	15	4870	178	-15	15	4870	178	-15	15	4870	178	-15	15	4870	178	-15	15	4870	178	-15	15	4870	178	-15	15	4870	178	-15	15	4870	178	-15	15	4870	178	-15	15	4870	178	-15	15	4870	178	-15	15	4870	178	-15	15	4870
179	-13	13	4883	179	-13	13	4883	179	-13	13	4883	179	-13	13	4883	179	-13	13	4883	179	-13	13	4883	179	-13	13	4883	179	-13	13	4883	179	-13	13	4883	179	-13	13	4883	179	-13	13	4883	179	-13	13	4883	179	-13	13	4883	179	-13	13	4883	179	-13	13	4883	179	-13	13	4883
180	-219	21	4904	180	-219	21	4904	180	-219	21	4904	180	-219	21	4904	180	-219	21	4904	180	-219	21	4904	180	-219	21	4904	180	-219	21	4904	180	-219	21	4904	180	-219	21	4904	180	-219	21	4904	180	-219	21	4904	180	-219	21	4904	180	-219	21	4904	180	-219	21	4904	180	-219	21	4904
181	-15	15	4919	181	-15	15	4919	181	-15	15	4919	181	-15	15	4919	181	-15	15	4919	181	-15	15	4919	181	-15	15	4919	181	-15	15	4919	181	-15	15	4919	181	-15	15	4919	181	-15	15	4919	181	-15	15	4919	181	-15	15	4919	181	-15	15	4919	181	-15	15	4919	181	-15	15	4919
182	-25	25	4944	182	-25	25	4944	182	-25	25	4944	182	-25	25	4944	182	-25	25	4944	182	-25	25	4944	182	-25	25	4944	182	-25	25	4944	182	-25	25	4944	182	-25	25	4944	182	-25	25	4944	182	-25	25	4944	182	-25	25	4944	182	-25	25	4944	182	-25	25	4944	182	-25	25	4944
183	-22	22	4966	183	-22	22	4966	183	-22	22	4966	183	-22	22	4966	183	-22	22	4966	183	-22	22	4966	183	-22	22	4966	183	-22	22	4966	183	-22	22	4966	183	-22	22	4966	183	-22	22	4966	183	-22	22	4966	183	-22	22	4966	183	-22	22	4966	183	-22	22	4966	183	-22	22	4966
184	-13	13	4979	184	-13	13	4979	184	-13	13	4979	184	-13	13	4979	184	-13	13	4979	184	-13	13	4979	184	-13	13	4979	184	-13	13	4979	184	-13	13	4979	184	-13	13	4979	184	-13	13	4979	184	-13	13	4979	184	-13	13	4979	184	-13	13	4979	184	-13	13	4979	184	-13	13	4979
185	-13	13	4992	185	-13	13	4992	185	-13	13	4992	185	-13	13	4992	185	-13	13	4992	185	-13	13	4992	185	-13	13	4992	185	-13	13	4992	185	-13	13	4992	185	-13	13	4992	185	-13	13	4992	185	-13	13	4992	185	-13	13	4992	185	-13	13	4992	185	-13	13	4992	185	-13	13	4992
186	-16	16	5008	186	-16	16	5008	186	-16	16	5008	186	-16	16	5008	186	-16	16	5008	186	-16	16	5008	186	-16	16	5008	186	-16	16	5008	186	-16	16	5008	186	-16	16	5008	186	-16	16	5008	186	-16	16	5008	186	-16	16	5008	186	-16	16	5008	186	-16	16	5008	186	-16	16	5008
187	-17	17	5025	187	-17	17	5025	187	-17	17	5025	187	-17	17	5025	187	-17	17	5025	187	-17	17	5025	187	-17	17	5025	187	-17	17	5025	187	-17	17	5025	187	-17	17	5025	187	-17	17	5025	187	-17	17	5025	187	-17	17	5025	187	-17	17	5025	187	-17	17	5025	187	-17	17	5025
188	-15	15	5040	188	-15	15	5040	188	-15	15	5040	188	-15	15	5040	188	-15	15	5040	188	-15	15	5040	188	-15	15	5040	188	-15	15	5040	188	-15	15	5040	188	-15	15	5040	188	-15	15	5040	188	-15	15	5040	188	-15	15	5040	188	-15	15	5040	188	-15	15	5040	188	-15	15	5040
189	-15	15	5055	189	-15	15	5055	189	-15	15	5055	189	-15	15	5055	189	-15	15	5055	189	-15	15	5055	189	-15	15	5055	189	-15	15	5055	189	-15	15	5055	189	-15	15	5055	189	-15	15	5055	189	-15	15	5055	189	-15	15	5055	189	-15	15	5055	189	-15	15	5055	189	-15	15	5055
190	-113	14	5069	190	-113	14	5069	190	-113	14	5069	190	-113	14	5069	190	-113	14	5069	190	-113	14	5069	190	-113	14	5069	190	-113	14	5069	190	-113	14	5069	190	-113	14	5069	190	-113	14	5069	190	-113	14	5069	190	-113	14	5069	190	-113	14	5069	190	-113	14	5069	190	-113	14	5069
191	-17	17	5086	191	-17	17	5086	191	-17	17	5086	191	-17	17	5086	191	-17	17	5086	191	-17	17	5086	191	-17	17	5086	191	-17	17	5086	191	-17	17	5086	191	-17	17	5086	191	-17	17	5086	191	-17	17	5086	191	-17	17	5086	191	-17	17	5086	191	-17	17	5086	191	-17	17	5086
192	-15	15	5101	192	-15	15	5101	192	-15	15	5101	192	-15	15	5101	192	-15	15	5101	192	-15	15	5101	192	-15	15	5101	192	-15	15	5101	192	-15	15	5101	192	-15	15	5101	192	-15	15	5101	192	-15	15	5101	192	-15	15	5101	192	-15	15	5101	192	-15	15	5101	192	-15	15	5101
193	-13	13	5114	193	-13	13	5114	193	-13	13	5114	193	-13	13	5114	193	-13	13	5114	193	-13	13	5114	193	-13	13	5114	193	-13	13	5114	193	-13	13	5114	193	-13	13	5114	193	-13	13	5114	193	-13	13	5114	193	-13	13	5114	193	-13	13	5114	193	-13	13	5114	193	-13	13	5114
194	-13	13	5127	194	-13	13	5127	194	-13	13	5127	194	-13	13	5127	194	-13	13	5127	194	-13	13	5127	194	-13	13	5127	194	-13	13	5127	194	-13	13	5127	194	-13	13	5127	194	-13	13	5127	194	-13	13	5127	194	-13	13	5127	194	-13	13	5127	194	-13	13	5127	194	-13	13	5127
195	-15	15	5142	195	-15	15	5142	195	-15	15	5142	195	-15	15	5142	195	-15	15	5142	195	-15	15	5142	195	-15	15	5142	195	-15	15	5142	195	-15	15	5142	195	-15	15	5142	195	-15	15	5142	195	-15	15	5142	195	-15	15	5142	195	-15	15	5142	195	-15	15	5142	195	-15	15	5142
196	-13	13	5155	196	-13	13	5155	196	-13	13	5155	196	-13	13	5155	196	-13	13	5155	196	-13	13	5155	196	-13	13	5155	196	-13	13	5155	196	-13	13	5155	196	-13	13	5155	196	-13	13	5155	196	-13	13	5155	196	-13	13	5155	196	-13	13	5155	196	-13	13	5155	196	-13	13	5155
197	-17	17	5172	197	-17	17	5172	197	-17	17	5172	197	-17	17	5172	197	-17	17	5172	197	-17	17	5172	197	-17	17	5172	197	-17	17	5172	197	-17	17	5172	197	-17	17	5172	197	-17	17	5172	197	-17	17	5172	197	-17	17	5172	197	-17	17	5172	197	-17	17	5172	197	-17	17	5172
198	-17	17	5189	198	-17	17	5189	198	-17	17	5189	198	-17	17	5189	198	-17	17	5189	198	-17	17	5189	198	-17	17	5189	198	-17	17	5189	198	-17	17	5189	198	-17	17	5189	198	-17	17	5189	198	-17	17	5189	198	-17	17	5189	198	-17	17	5189	198	-17	17	5189	198	-17	17	5189
199	-14	14	5203	199	-14	14	5203	199	-14	14	5203	199	-14	14	5203	199	-14	14	5203	199	-14	14	5203	199	-14	14	5203	199	-14	14	5203	199	-14	14	5203	199	-14	14	5203	199	-14	14	5203	199	-14	14	5203	199	-14	14	5203	199	-14	14	5203	199	-14	14	5203	199	-14	14	5203
