Episode	Accumulated Reward	Length	Steps	Episode	Accumulated Reward	Length	Steps	Episode	Accumulated Reward	Length	Steps	Episode	Accumulated Reward	Length	Steps	Episode	Accumulated Reward	Length	Steps	Episode	Accumulated Reward	Length	Steps	Episode	Accumulated Reward	Length	Steps	Episode	Accumulated Reward	Length	Steps	Episode	Accumulated Reward	Length	Steps	Episode	Accumulated Reward	Length	Steps
0	-1658	470	470	0	-1658	470	470	0	-1658	470	470	0	-1658	470	470	0	-1658	470	470	0	-1658	470	470	0	-1658	470	470	0	-1658	470	470	0	-1658	470	470	0	-1658	470	470
1	-499	202	672	1	-499	202	672	1	-499	202	672	1	-499	202	672	1	-499	202	672	1	-499	202	672	1	-499	202	672	1	-499	202	672	1	-499	202	672	1	-499	202	672
2	-73	73	745	2	-73	73	745	2	-73	73	745	2	-73	73	745	2	-73	73	745	2	-73	73	745	2	-73	73	745	2	-73	73	745	2	-73	73	745	2	-73	73	745
3	-164	65	810	3	-164	65	810	3	-164	65	810	3	-164	65	810	3	-164	65	810	3	-164	65	810	3	-164	65	810	3	-164	65	810	3	-164	65	810	3	-164	65	810
4	-83	83	893	4	-83	83	893	4	-83	83	893	4	-83	83	893	4	-83	83	893	4	-83	83	893	4	-83	83	893	4	-83	83	893	4	-83	83	893	4	-83	83	893
5	-177	78	971	5	-177	78	971	5	-177	78	971	5	-177	78	971	5	-177	78	971	5	-177	78	971	5	-177	78	971	5	-177	78	971	5	-177	78	971	5	-177	78	971
6	-43	43	1014	6	-43	43	1014	6	-43	43	1014	6	-43	43	1014	6	-43	43	1014	6	-43	43	1014	6	-43	43	1014	6	-43	43	1014	6	-43	43	1014	6	-43	43	1014
7	-174	75	1089	7	-174	75	1089	7	-174	75	1089	7	-174	75	1089	7	-174	75	1089	7	-174	75	1089	7	-174	75	1089	7	-174	75	1089	7	-174	75	1089	7	-174	75	1089
8	-219	120	1209	8	-219	120	1209	8	-219	120	1209	8	-219	120	1209	8	-219	120	1209	8	-219	120	1209	8	-219	120	1209	8	-219	120	1209	8	-219	120	1209	8	-219	120	1209
9	-64	64	1273	9	-64	64	1273	9	-64	64	1273	9	-64	64	1273	9	-64	64	1273	9	-64	64	1273	9	-64	64	1273	9	-64	64	1273	9	-64	64	1273	9	-64	64	1273
10	-161	62	1335	10	-161	62	1335	10	-161	62	1335	10	-161	62	1335	10	-161	62	1335	10	-161	62	1335	10	-161	62	1335	10	-161	62	1335	10	-161	62	1335	10	-161	62	1335
11	-37	37	1372	11	-37	37	1372	11	-37	37	1372	11	-37	37	1372	11	-37	37	1372	11	-37	37	1372	11	-37	37	1372	11	-37	37	1372	11	-37	37	1372	11	-37	37	1372
12	-38	38	1410	12	-38	38	1410	12	-38	38	1410	12	-38	38	1410	12	-38	38	1410	12	-38	38	1410	12	-38	38	1410	12	-38	38	1410	12	-38	38	1410	12	-38	38	1410
13	-43	43	1453	13	-43	43	1453	13	-43	43	1453	13	-43	43	1453	13	-43	43	1453	13	-43	43	1453	13	-43	43	1453	13	-43	43	1453	13	-43	43	1453	13	-43	43	1453
14	-169	70	1523	14	-169	70	1523	14	-169	70	1523	14	-169	70	1523	14	-169	70	1523	14	-169	70	1523	14	-169	70	1523	14	-169	70	1523	14	-169	70	1523	14	-169	70	1523
15	-268	70	1593	15	-268	70	1593	15	-268	70	1593	15	-268	70	1593	15	-268	70	1593	15	-268	70	1593	15	-268	70	1593	15	-268	70	1593	15	-268	70	1593	15	-268	70	1593
16	-39	39	1632	16	-39	39	1632	16	-39	39	1632	16	-39	39	1632	16	-39	39	1632	16	-39	39	1632	16	-39	39	1632	16	-39	39	1632	16	-39	39	1632	16	-39	39	1632
17	-30	30	1662	17	-30	30	1662	17	-30	30	1662	17	-30	30	1662	17	-30	30	1662	17	-30	30	1662	17	-30	30	1662	17	-30	30	1662	17	-30	30	1662	17	-30	30	1662
18	-40	40	1702	18	-40	40	1702	18	-40	40	1702	18	-40	40	1702	18	-40	40	1702	18	-40	40	1702	18	-40	40	1702	18	-40	40	1702	18	-40	40	1702	18	-40	40	1702
19	-22	22	1724	19	-22	22	1724	19	-22	22	1724	19	-22	22	1724	19	-22	22	1724	19	-22	22	1724	19	-22	22	1724	19	-22	22	1724	19	-22	22	1724	19	-22	22	1724
20	-42	42	1766	20	-42	42	1766	20	-42	42	1766	20	-42	42	1766	20	-42	42	1766	20	-42	42	1766	20	-42	42	1766	20	-42	42	1766	20	-42	42	1766	20	-42	42	1766
21	-24	24	1790	21	-24	24	1790	21	-24	24	1790	21	-24	24	1790	21	-24	24	1790	21	-24	24	1790	21	-24	24	1790	21	-24	24	1790	21	-24	24	1790	21	-24	24	1790
22	-163	64	1854	22	-163	64	1854	22	-163	64	1854	22	-163	64	1854	22	-163	64	1854	22	-163	64	1854	22	-163	64	1854	22	-163	64	1854	22	-163	64	1854	22	-163	64	1854
23	-36	36	1890	23	-36	36	1890	23	-36	36	1890	23	-36	36	1890	23	-36	36	1890	23	-36	36	1890	23	-36	36	1890	23	-36	36	1890	23	-36	36	1890	23	-36	36	1890
24	-47	47	1937	24	-47	47	1937	24	-47	47	1937	24	-47	47	1937	24	-47	47	1937	24	-47	47	1937	24	-47	47	1937	24	-47	47	1937	24	-47	47	1937	24	-47	47	1937
25	-226	28	1965	25	-226	28	1965	25	-226	28	1965	25	-226	28	1965	25	-226	28	1965	25	-226	28	1965	25	-226	28	1965	25	-226	28	1965	25	-226	28	1965	25	-226	28	1965
26	-27	27	1992	26	-27	27	1992	26	-27	27	1992	26	-27	27	1992	26	-27	27	1992	26	-27	27	1992	26	-27	27	1992	26	-27	27	1992	26	-27	27	1992	26	-27	27	1992
27	-18	18	2010	27	-18	18	2010	27	-18	18	2010	27	-18	18	2010	27	-18	18	2010	27	-18	18	2010	27	-18	18	2010	27	-18	18	2010	27	-18	18	2010	27	-18	18	2010
28	-25	25	2035	28	-25	25	2035	28	-25	25	2035	28	-25	25	2035	28	-25	25	2035	28	-25	25	2035	28	-25	25	2035	28	-25	25	2035	28	-25	25	2035	28	-25	25	2035
29	-25	25	2060	29	-25	25	2060	29	-25	25	2060	29	-25	25	2060	29	-25	25	2060	29	-25	25	2060	29	-25	25	2060	29	-25	25	2060	29	-25	25	2060	29	-25	25	2060
30	-35	35	2095	30	-35	35	2095	30	-35	35	2095	30	-35	35	2095	30	-35	35	2095	30	-35	35	2095	30	-35	35	2095	30	-35	35	2095	30	-35	35	2095	30	-35	35	2095
31	-360	63	2158	31	-360	63	2158	31	-360	63	2158	31	-360	63	2158	31	-360	63	2158	31	-360	63	2158	31	-360	63	2158	31	-360	63	2158	31	-360	63	2158	31	-360	63	2158
32	-265	67	2225	32	-265	67	2225	32	-265	67	2225	32	-265	67	2225	32	-265	67	2225	32	-265	67	2225	32	-265	67	2225	32	-265	67	2225	32	-265	67	2225	32	-265	67	2225
33	-135	36	2261	33	-135	36	2261	33	-135	36	2261	33	-135	36	2261	33	-135	36	2261	33	-135	36	2261	33	-135	36	2261	33	-135	36	2261	33	-135	36	2261	33	-135	36	2261
34	-37	37	2298	34	-37	37	2298	34	-37	37	2298	34	-37	37	2298	34	-37	37	2298	34	-37	37	2298	34	-37	37	2298	34	-37	37	2298	34	-37	37	2298	34	-37	37	2298
35	-21	21	2319	35	-21	21	2319	35	-21	21	2319	35	-21	21	2319	35	-21	21	2319	35	-21	21	2319	35	-21	21	2319	35	-21	21	2319	35	-21	21	2319	35	-21	21	2319
36	-20	20	2339	36	-20	20	2339	36	-20	20	2339	36	-20	20	2339	36	-20	20	2339	36	-20	20	2339	36	-20	20	2339	36	-20	20	2339	36	-20	20	2339	36	-20	20	2339
37	-16	16	2355	37	-16	16	2355	37	-16	16	2355	37	-16	16	2355	37	-16	16	2355	37	-16	16	2355	37	-16	16	2355	37	-16	16	2355	37	-16	16	2355	37	-16	16	2355
38	-33	33	2388	38	-33	33	2388	38	-33	33	2388	38	-33	33	2388	38	-33	33	2388	38	-33	33	2388	38	-33	33	2388	38	-33	33	2388	38	-33	33	2388	38	-33	33	2388
39	-27	27	2415	39	-27	27	2415	39	-27	27	2415	39	-27	27	2415	39	-27	27	2415	39	-27	27	2415	39	-27	27	2415	39	-27	27	2415	39	-27	27	2415	39	-27	27	2415
40	-21	21	2436	40	-21	21	2436	40	-21	21	2436	40	-21	21	2436	40	-21	21	2436	40	-21	21	2436	40	-21	21	2436	40	-21	21	2436	40	-21	21	2436	40	-21	21	2436
41	-138	39	2475	41	-138	39	2475	41	-138	39	2475	41	-138	39	2475	41	-138	39	2475	41	-138	39	2475	41	-138	39	2475	41	-138	39	2475	41	-138	39	2475	41	-138	39	2475
42	-129	30	2505	42	-129	30	2505	42	-129	30	2505	42	-129	30	2505	42	-129	30	2505	42	-129	30	2505	42	-129	30	2505	42	-129	30	2505	42	-129	30	2505	42	-129	30	2505
43	-23	23	2528	43	-23	23	2528	43	-23	23	2528	43	-23	23	2528	43	-23	23	2528	43	-23	23	2528	43	-23	23	2528	43	-23	23	2528	43	-23	23	2528	43	-23	23	2528
44	-18	18	2546	44	-18	18	2546	44	-18	18	2546	44	-18	18	2546	44	-18	18	2546	44	-18	18	2546	44	-18	18	2546	44	-18	18	2546	44	-18	18	2546	44	-18	18	2546
45	-17	17	2563	45	-17	17	2563	45	-17	17	2563	45	-17	17	2563	45	-17	17	2563	45	-17	17	2563	45	-17	17	2563	45	-17	17	2563	45	-17	17	2563	45	-17	17	2563
46	-21	21	2584	46	-21	21	2584	46	-21	21	2584	46	-21	21	2584	46	-21	21	2584	46	-21	21	2584	46	-21	21	2584	46	-21	21	2584	46	-21	21	2584	46	-21	21	2584
47	-241	43	2627	47	-241	43	2627	47	-241	43	2627	47	-241	43	2627	47	-241	43	2627	47	-241	43	2627	47	-241	43	2627	47	-241	43	2627	47	-241	43	2627	47	-241	43	2627
48	-29	29	2656	48	-29	29	2656	48	-29	29	2656	48	-29	29	2656	48	-29	29	2656	48	-29	29	2656	48	-29	29	2656	48	-29	29	2656	48	-29	29	2656	48	-29	29	2656
49	-115	16	2672	49	-115	16	2672	49	-115	16	2672	49	-115	16	2672	49	-115	16	2672	49	-115	16	2672	49	-115	16	2672	49	-115	16	2672	49	-115	16	2672	49	-115	16	2672
50	-18	18	2690	50	-18	18	2690	50	-18	18	2690	50	-18	18	2690	50	-18	18	2690	50	-18	18	2690	50	-18	18	2690	50	-18	18	2690	50	-18	18	2690	50	-18	18	2690
51	-122	23	2713	51	-122	23	2713	51	-122	23	2713	51	-122	23	2713	51	-122	23	2713	51	-122	23	2713	51	-122	23	2713	51	-122	23	2713	51	-122	23	2713	51	-122	23	2713
52	-15	15	2728	52	-15	15	2728	52	-15	15	2728	52	-15	15	2728	52	-15	15	2728	52	-15	15	2728	52	-15	15	2728	52	-15	15	2728	52	-15	15	2728	52	-15	15	2728
53	-13	13	2741	53	-13	13	2741	53	-13	13	2741	53	-13	13	2741	53	-13	13	2741	53	-13	13	2741	53	-13	13	2741	53	-13	13	2741	53	-13	13	2741	53	-13	13	2741
54	-126	27	2768	54	-126	27	2768	54	-126	27	2768	54	-126	27	2768	54	-126	27	2768	54	-126	27	2768	54	-126	27	2768	54	-126	27	2768	54	-126	27	2768	54	-126	27	2768
55	-121	22	2790	55	-121	22	2790	55	-121	22	2790	55	-121	22	2790	55	-121	22	2790	55	-121	22	2790	55	-121	22	2790	55	-121	22	2790	55	-121	22	2790	55	-121	22	2790
56	-13	13	2803	56	-13	13	2803	56	-13	13	2803	56	-13	13	2803	56	-13	13	2803	56	-13	13	2803	56	-13	13	2803	56	-13	13	2803	56	-13	13	2803	56	-13	13	2803
57	-13	13	2816	57	-13	13	2816	57	-13	13	2816	57	-13	13	2816	57	-13	13	2816	57	-13	13	2816	57	-13	13	2816	57	-13	13	2816	57	-13	13	2816	57	-13	13	2816
58	-119	20	2836	58	-119	20	2836	58	-119	20	2836	58	-119	20	2836	58	-119	20	2836	58	-119	20	2836	58	-119	20	2836	58	-119	20	2836	58	-119	20	2836	58	-119	20	2836
59	-15	15	2851	59	-15	15	2851	59	-15	15	2851	59	-15	15	2851	59	-15	15	2851	59	-15	15	2851	59	-15	15	2851	59	-15	15	2851	59	-15	15	2851	59	-15	15	2851
60	-222	24	2875	60	-222	24	2875	60	-222	24	2875	60	-222	24	2875	60	-222	24	2875	60	-222	24	2875	60	-222	24	2875	60	-222	24	2875	60	-222	24	2875	60	-222	24	2875
61	-123	24	2899	61	-123	24	2899	61	-123	24	2899	61	-123	24	2899	61	-123	24	2899	61	-123	24	2899	61	-123	24	2899	61	-123	24	2899	61	-123	24	2899	61	-123	24	2899
62	-126	27	2926	62	-126	27	2926	62	-126	27	2926	62	-126	27	2926	62	-126	27	2926	62	-126	27	2926	62	-126	27	2926	62	-126	27	2926	62	-126	27	2926	62	-126	27	2926
63	-13	13	2939	63	-13	13	2939	63	-13	13	2939	63	-13	13	2939	63	-13	13	2939	63	-13	13	2939	63	-13	13	2939	63	-13	13	2939	63	-13	13	2939	63	-13	13	2939
64	-15	15	2954	64	-15	15	2954	64	-15	15	2954	64	-15	15	2954	64	-15	15	2954	64	-15	15	2954	64	-15	15	2954	64	-15	15	2954	64	-15	15	2954	64	-15	15	2954
65	-13	13	2967	65	-13	13	2967	65	-13	13	2967	65	-13	13	2967	65	-13	13	2967	65	-13	13	2967	65	-13	13	2967	65	-13	13	2967	65	-13	13	2967	65	-13	13	2967
66	-240	42	3009	66	-240	42	3009	66	-240	42	3009	66	-240	42	3009	66	-240	42	3009	66	-240	42	3009	66	-240	42	3009	66	-240	42	3009	66	-240	42	3009	66	-240	42	3009
67	-124	25	3034	67	-124	25	3034	67	-124	25	3034	67	-124	25	3034	67	-124	25	3034	67	-124	25	3034	67	-124	25	3034	67	-124	25	3034	67	-124	25	3034	67	-124	25	3034
68	-13	13	3047	68	-13	13	3047	68	-13	13	3047	68	-13	13	3047	68	-13	13	3047	68	-13	13	3047	68	-13	13	3047	68	-13	13	3047	68	-13	13	3047	68	-13	13	3047
69	-14	14	3061	69	-14	14	3061	69	-14	14	3061	69	-14	14	3061	69	-14	14	3061	69	-14	14	3061	69	-14	14	3061	69	-14	14	3061	69	-14	14	3061	69	-14	14	3061
70	-13	13	3074	70	-13	13	3074	70	-13	13	3074	70	-13	13	3074	70	-13	13	3074	70	-13	13	3074	70	-13	13	3074	70	-13	13	3074	70	-13	13	3074	70	-13	13	3074
71	-13	13	3087	71	-13	13	3087	71	-13	13	3087	71	-13	13	3087	71	-13	13	3087	71	-13	13	3087	71	-13	13	3087	71	-13	13	3087	71	-13	13	3087	71	-13	13	3087
72	-13	13	3100	72	-13	13	3100	72	-13	13	3100	72	-13	13	3100	72	-13	13	3100	72	-13	13	3100	72	-13	13	3100	72	-13	13	3100	72	-13	13	3100	72	-13	13	3100
73	-221	23	3123	73	-221	23	3123	73	-221	23	3123	73	-221	23	3123	73	-221	23	3123	73	-221	23	3123	73	-221	23	3123	73	-221	23	3123	73	-221	23	3123	73	-221	23	3123
74	-123	24	3147	74	-123	24	3147	74	-123	24	3147	74	-123	24	3147	74	-123	24	3147	74	-123	24	3147	74	-123	24	3147	74	-123	24	3147	74	-123	24	3147	74	-123	24	3147
75	-13	13	3160	75	-13	13	3160	75	-13	13	3160	75	-13	13	3160	75	-13	13	3160	75	-13	13	3160	75	-13	13	3160	75	-13	13	3160	75	-13	13	3160	75	-13	13	3160
76	-15	15	3175	76	-15	15	3175	76	-15	15	3175	76	-15	15	3175	76	-15	15	3175	76	-15	15	3175	76	-15	15	3175	76	-15	15	3175	76	-15	15	3175	76	-15	15	3175
77	-15	15	3190	77	-15	15	3190	77	-15	15	3190	77	-15	15	3190	77	-15	15	3190	77	-15	15	3190	77	-15	15	3190	77	-15	15	3190	77	-15	15	3190	77	-15	15	3190
78	-13	13	3203	78	-13	13	3203	78	-13	13	3203	78	-13	13	3203	78	-13	13	3203	78	-13	13	3203	78	-13	13	3203	78	-13	13	3203	78	-13	13	3203	78	-13	13	3203
79	-13	13	3216	79	-13	13	3216	79	-13	13	3216	79	-13	13	3216	79	-13	13	3216	79	-13	13	3216	79	-13	13	3216	79	-13	13	3216	79	-13	13	3216	79	-13	13	3216
80	-218	20	3236	80	-218	20	3236	80	-218	20	3236	80	-218	20	3236	80	-218	20	3236	80	-218	20	3236	80	-218	20	3236	80	-218	20	3236	80	-218	20	3236	80	-218	20	3236
81	-13	13	3249	81	-13	13	3249	81	-13	13	3249	81	-13	13	3249	81	-13	13	3249	81	-13	13	3249	81	-13	13	3249	81	-13	13	3249	81	-13	13	3249	81	-13	13	3249
82	-13	13	3262	82	-13	13	3262	82	-13	13	3262	82	-13	13	3262	82	-13	13	3262	82	-13	13	3262	82	-13	13	3262	82	-13	13	3262	82	-13	13	3262	82	-13	13	3262
83	-15	15	3277	83	-15	15	3277	83	-15	15	3277	83	-15	15	3277	83	-15	15	3277	83	-15	15	3277	83	-15	15	3277	83	-15	15	3277	83	-15	15	3277	83	-15	15	3277
84	-13	13	3290	84	-13	13	3290	84	-13	13	3290	84	-13	13	3290	84	-13	13	3290	84	-13	13	3290	84	-13	13	3290	84	-13	13	3290	84	-13	13	3290	84	-13	13	3290
85	-13	13	3303	85	-13	13	3303	85	-13	13	3303	85	-13	13	3303	85	-13	13	3303	85	-13	13	3303	85	-13	13	3303	85	-13	13	3303	85	-13	13	3303	85	-13	13	3303
86	-124	25	3328	86	-124	25	3328	86	-124	25	3328	86	-124	25	3328	86	-124	25	3328	86	-124	25	3328	86	-124	25	3328	86	-124	25	3328	86	-124	25	3328	86	-124	25	3328
87	-15	15	3343	87	-15	15	3343	87	-15	15	3343	87	-15	15	3343	87	-15	15	3343	87	-15	15	3343	87	-15	15	3343	87	-15	15	3343	87	-15	15	3343	87	-15	15	3343
88	-15	15	3358	88	-15	15	3358	88	-15	15	3358	88	-15	15	3358	88	-15	15	3358	88	-15	15	3358	88	-15	15	3358	88	-15	15	3358	88	-15	15	3358	88	-15	15	3358
89	-13	13	3371	89	-13	13	3371	89	-13	13	3371	89	-13	13	3371	89	-13	13	3371	89	-13	13	3371	89	-13	13	3371	89	-13	13	3371	89	-13	13	3371	89	-13	13	3371
90	-13	13	3384	90	-13	13	3384	90	-13	13	3384	90	-13	13	3384	90	-13	13	3384	90	-13	13	3384	90	-13	13	3384	90	-13	13	3384	90	-13	13	3384	90	-13	13	3384
91	-13	13	3397	91	-13	13	3397	91	-13	13	3397	91	-13	13	3397	91	-13	13	3397	91	-13	13	3397	91	-13	13	3397	91	-13	13	3397	91	-13	13	3397	91	-13	13	3397
92	-17	17	3414	92	-17	17	3414	92	-17	17	3414	92	-17	17	3414	92	-17	17	3414	92	-17	17	3414	92	-17	17	3414	92	-17	17	3414	92	-17	17	3414	92	-17	17	3414
93	-117	18	3432	93	-117	18	3432	93	-117	18	3432	93	-117	18	3432	93	-117	18	3432	93	-117	18	3432	93	-117	18	3432	93	-117	18	3432	93	-117	18	3432	93	-117	18	3432
94	-21	21	3453	94	-21	21	3453	94	-21	21	3453	94	-21	21	3453	94	-21	21	3453	94	-21	21	3453	94	-21	21	3453	94	-21	21	3453	94	-21	21	3453	94	-21	21	3453
95	-13	13	3466	95	-13	13	3466	95	-13	13	3466	95	-13	13	3466	95	-13	13	3466	95	-13	13	3466	95	-13	13	3466	95	-13	13	3466	95	-13	13	3466	95	-13	13	3466
96	-13	13	3479	96	-13	13	3479	96	-13	13	3479	96	-13	13	3479	96	-13	13	3479	96	-13	13	3479	96	-13	13	3479	96	-13	13	3479	96	-13	13	3479	96	-13	13	3479
97	-15	15	3494	97	-15	15	3494	97	-15	15	3494	97	-15	15	3494	97	-15	15	3494	97	-15	15	3494	97	-15	15	3494	97	-15	15	3494	97	-15	15	3494	97	-15	15	3494
98	-13	13	3507	98	-13	13	3507	98	-13	13	3507	98	-13	13	3507	98	-13	13	3507	98	-13	13	3507	98	-13	13	3507	98	-13	13	3507	98	-13	13	3507	98	-13	13	3507
99	-121	22	3529	99	-121	22	3529	99	-121	22	3529	99	-121	22	3529	99	-121	22	3529	99	-121	22	3529	99	-121	22	3529	99	-121	22	3529	99	-121	22	3529	99	-121	22	3529
100	-15	15	3544	100	-15	15	3544	100	-15	15	3544	100	-15	15	3544	100	-15	15	3544	100	-15	15	3544	100	-15	15	3544	100	-15	15	3544	100	-15	15	3544	100	-15	15	3544
101	-116	17	3561	101	-116	17	3561	101	-116	17	3561	101	-116	17	3561	101	-116	17	3561	101	-116	17	3561	101	-116	17	3561	101	-116	17	3561	101	-116	17	3561	101	-116	17	3561
102	-19	19	3580	102	-19	19	3580	102	-19	19	3580	102	-19	19	3580	102	-19	19	3580	102	-19	19	3580	102	-19	19	3580	102	-19	19	3580	102	-19	19	3580	102	-19	19	3580
103	-17	17	3597	103	-17	17	3597	103	-17	17	3597	103	-17	17	3597	103	-17	17	3597	103	-17	17	3597	103	-17	17	3597	103	-17	17	3597	103	-17	17	3597	103	-17	17	3597
104	-15	15	3612	104	-15	15	3612	104	-15	15	3612	104	-15	15	3612	104	-15	15	3612	104	-15	15	3612	104	-15	15	3612	104	-15	15	3612	104	-15	15	3612	104	-15	15	3612
105	-15	15	3627	105	-15	15	3627	105	-15	15	3627	105	-15	15	3627	105	-15	15	3627	105	-15	15	3627	105	-15	15	3627	105	-15	15	3627	105	-15	15	3627	105	-15	15	3627
106	-333	36	3663	106	-333	36	3663	106	-333	36	3663	106	-333	36	3663	106	-333	36	3663	106	-333	36	3663	106	-333	36	3663	106	-333	36	3663	106	-333	36	3663	106	-333	36	3663
107	-15	15	3678	107	-15	15	3678	107	-15	15	3678	107	-15	15	3678	107	-15	15	3678	107	-15	15	3678	107	-15	15	3678	107	-15	15	3678	107	-15	15	3678	107	-15	15	3678
108	-13	13	3691	108	-13	13	3691	108	-13	13	3691	108	-13	13	3691	108	-13	13	3691	108	-13	13	3691	108	-13	13	3691	108	-13	13	3691	108	-13	13	3691	108	-13	13	3691
109	-123	24	3715	109	-123	24	3715	109	-123	24	3715	109	-123	24	3715	109	-123	24	3715	109	-123	24	3715	109	-123	24	3715	109	-123	24	3715	109	-123	24	3715	109	-123	24	3715
110	-15	15	3730	110	-15	15	3730	110	-15	15	3730	110	-15	15	3730	110	-15	15	3730	110	-15	15	3730	110	-15	15	3730	110	-15	15	3730	110	-15	15	3730	110	-15	15	3730
111	-15	15	3745	111	-15	15	3745	111	-15	15	3745	111	-15	15	3745	111	-15	15	3745	111	-15	15	3745	111	-15	15	3745	111	-15	15	3745	111	-15	15	3745	111	-15	15	3745
112	-117	18	3763	112	-117	18	3763	112	-117	18	3763	112	-117	18	3763	112	-117	18	3763	112	-117	18	3763	112	-117	18	3763	112	-117	18	3763	112	-117	18	3763	112	-117	18	3763
113	-330	33	3796	113	-330	33	3796	113	-330	33	3796	113	-330	33	3796	113	-330	33	3796	113	-330	33	3796	113	-330	33	3796	113	-330	33	3796	113	-330	33	3796	113	-330	33	3796
114	-15	15	3811	114	-15	15	3811	114	-15	15	3811	114	-15	15	3811	114	-15	15	3811	114	-15	15	3811	114	-15	15	3811	114	-15	15	3811	114	-15	15	3811	114	-15	15	3811
115	-13	13	3824	115	-13	13	3824	115	-13	13	3824	115	-13	13	3824	115	-13	13	3824	115	-13	13	3824	115	-13	13	3824	115	-13	13	3824	115	-13	13	3824	115	-13	13	3824
116	-13	13	3837	116	-13	13	3837	116	-13	13	3837	116	-13	13	3837	116	-13	13	3837	116	-13	13	3837	116	-13	13	3837	116	-13	13	3837	116	-13	13	3837	116	-13	13	3837
117	-15	15	3852	117	-15	15	3852	117	-15	15	3852	117	-15	15	3852	117	-15	15	3852	117	-15	15	3852	117	-15	15	3852	117	-15	15	3852	117	-15	15	3852	117	-15	15	3852
118	-21	21	3873	118	-21	21	3873	118	-21	21	3873	118	-21	21	3873	118	-21	21	3873	118	-21	21	3873	118	-21	21	3873	118	-21	21	3873	118	-21	21	3873	118	-21	21	3873
119	-125	26	3899	119	-125	26	3899	119	-125	26	3899	119	-125	26	3899	119	-125	26	3899	119	-125	26	3899	119	-125	26	3899	119	-125	26	3899	119	-125	26	3899	119	-125	26	3899
120	-117	18	3917	120	-117	18	3917	120	-117	18	3917	120	-117	18	3917	120	-117	18	3917	120	-117	18	3917	120	-117	18	3917	120	-117	18	3917	120	-117	18	3917	120	-117	18	3917
121	-20	20	3937	121	-20	20	3937	121	-20	20	3937	121	-20	20	3937	121	-20	20	3937	121	-20	20	3937	121	-20	20	3937	121	-20	20	3937	121	-20	20	3937	121	-20	20	3937
122	-13	13	3950	122	-13	13	3950	122	-13	13	3950	122	-13	13	3950	122	-13	13	3950	122	-13	13	3950	122	-13	13	3950	122	-13	13	3950	122	-13	13	3950	122	-13	13	3950
123	-19	19	3969	123	-19	19	3969	123	-19	19	3969	123	-19	19	3969	123	-19	19	3969	123	-19	19	3969	123	-19	19	3969	123	-19	19	3969	123	-19	19	3969	123	-19	19	3969
124	-226	28	3997	124	-226	28	3997	124	-226	28	3997	124	-226	28	3997	124	-226	28	3997	124	-226	28	3997	124	-226	28	3997	124	-226	28	3997	124	-226	28	3997	124	-226	28	3997
125	-13	13	4010	125	-13	13	4010	125	-13	13	4010	125	-13	13	4010	125	-13	13	4010	125	-13	13	4010	125	-13	13	4010	125	-13	13	4010	125	-13	13	4010	125	-13	13	4010
126	-14	14	4024	126	-14	14	4024	126	-14	14	4024	126	-14	14	4024	126	-14	14	4024	126	-14	14	4024	126	-14	14	4024	126	-14	14	4024	126	-14	14	4024	126	-14	14	4024
127	-13	13	4037	127	-13	13	4037	127	-13	13	4037	127	-13	13	4037	127	-13	13	4037	127	-13	13	4037	127	-13	13	4037	127	-13	13	4037	127	-13	13	4037	127	-13	13	4037
128	-13	13	4050	128	-13	13	4050	128	-13	13	4050	128	-13	13	4050	128	-13	13	4050	128	-13	13	4050	128	-13	13	4050	128	-13	13	4050	128	-13	13	4050	128	-13	13	4050
129	-122	23	4073	129	-122	23	4073	129	-122	23	4073	129	-122	23	4073	129	-122	23	4073	129	-122	23	4073	129	-122	23	4073	129	-122	23	4073	129	-122	23	4073	129	-122	23	4073
130	-13	13	4086	130	-13	13	4086	130	-13	13	4086	130	-13	13	4086	130	-13	13	4086	130	-13	13	4086	130	-13	13	4086	130	-13	13	4086	130	-13	13	4086	130	-13	13	4086
131	-15	15	4101	131	-15	15	4101	131	-15	15	4101	131	-15	15	4101	131	-15	15	4101	131	-15	15	4101	131	-15	15	4101	131	-15	15	4101	131	-15	15	4101	131	-15	15	4101
132	-118	19	4120	132	-118	19	4120	132	-118	19	4120	132	-118	19	4120	132	-118	19	4120	132	-118	19	4120	132	-118	19	4120	132	-118	19	4120	132	-118	19	4120	132	-118	19	4120
133	-15	15	4135	133	-15	15	4135	133	-15	15	4135	133	-15	15	4135	133	-15	15	4135	133	-15	15	4135	133	-15	15	4135	133	-15	15	4135	133	-15	15	4135	133	-15	15	4135
134	-17	17	4152	134	-17	17	4152	134	-17	17	4152	134	-17	17	4152	134	-17	17	4152	134	-17	17	4152	134	-17	17	4152	134	-17	17	4152	134	-17	17	4152	134	-17	17	4152
135	-229	31	4183	135	-229	31	4183	135	-229	31	4183	135	-229	31	4183	135	-229	31	4183	135	-229	31	4183	135	-229	31	4183	135	-229	31	4183	135	-229	31	4183	135	-229	31	4183
136	-15	15	4198	136	-15	15	4198	136	-15	15	4198	136	-15	15	4198	136	-15	15	4198	136	-15	15	4198	136	-15	15	4198	136	-15	15	4198	136	-15	15	4198	136	-15	15	4198
137	-19	19	4217	137	-19	19	4217	137	-19	19	4217	137	-19	19	4217	137	-19	19	4217	137	-19	19	4217	137	-19	19	4217	137	-19	19	4217	137	-19	19	4217	137	-19	19	4217
138	-19	19	4236	138	-19	19	4236	138	-19	19	4236	138	-19	19	4236	138	-19	19	4236	138	-19	19	4236	138	-19	19	4236	138	-19	19	4236	138	-19	19	4236	138	-19	19	4236
139	-13	13	4249	139	-13	13	4249	139	-13	13	4249	139	-13	13	4249	139	-13	13	4249	139	-13	13	4249	139	-13	13	4249	139	-13	13	4249	139	-13	13	4249	139	-13	13	4249
140	-13	13	4262	140	-13	13	4262	140	-13	13	4262	140	-13	13	4262	140	-13	13	4262	140	-13	13	4262	140	-13	13	4262	140	-13	13	4262	140	-13	13	4262	140	-13	13	4262
141	-21	21	4283	141	-21	21	4283	141	-21	21	4283	141	-21	21	4283	141	-21	21	4283	141	-21	21	4283	141	-21	21	4283	141	-21	21	4283	141	-21	21	4283	141	-21	21	4283
142	-13	13	4296	142	-13	13	4296	142	-13	13	4296	142	-13	13	4296	142	-13	13	4296	142	-13	13	4296	142	-13	13	4296	142	-13	13	4296	142	-13	13	4296	142	-13	13	4296
143	-120	21	4317	143	-120	21	4317	143	-120	21	4317	143	-120	21	4317	143	-120	21	4317	143	-120	21	4317	143	-120	21	4317	143	-120	21	4317	143	-120	21	4317	143	-120	21	4317
144	-239	41	4358	144	-239	41	4358	144	-239	41	4358	144	-239	41	4358	144	-239	41	4358	144	-239	41	4358	144	-239	41	4358	144	-239	41	4358	144	-239	41	4358	144	-239	41	4358
145	-15	15	4373	145	-15	15	4373	145	-15	15	4373	145	-15	15	4373	145	-15	15	4373	145	-15	15	4373	145	-15	15	4373	145	-15	15	4373	145	-15	15	4373	145	-15	15	4373
146	-13	13	4386	146	-13	13	4386	146	-13	13	4386	146	-13	13	4386	146	-13	13	4386	146	-13	13	4386	146	-13	13	4386	146	-13	13	4386	146	-13	13	4386	146	-13	13	4386
147	-127	28	4414	147	-127	28	4414	147	-127	28	4414	147	-127	28	4414	147	-127	28	4414	147	-127	28	4414	147	-127	28	4414	147	-127	28	4414	147	-127	28	4414	147	-127	28	4414
148	-23	23	4437	148	-23	23	4437	148	-23	23	4437	148	-23	23	4437	148	-23	23	4437	148	-23	23	4437	148	-23	23	4437	148	-23	23	4437	148	-23	23	4437	148	-23	23	4437
149	-126	27	4464	149	-126	27	4464	149	-126	27	4464	149	-126	27	4464	149	-126	27	4464	149	-126	27	4464	149	-126	27	4464	149	-126	27	4464	149	-126	27	4464	149	-126	27	4464
150	-232	34	4498	150	-232	34	4498	150	-232	34	4498	150	-232	34	4498	150	-232	34	4498	150	-232	34	4498	150	-232	34	4498	150	-232	34	4498	150	-232	34	4498	150	-232	34	4498
151	-13	13	4511	151	-13	13	4511	151	-13	13	4511	151	-13	13	4511	151	-13	13	4511	151	-13	13	4511	151	-13	13	4511	151	-13	13	4511	151	-13	13	4511	151	-13	13	4511
152	-123	24	4535	152	-123	24	4535	152	-123	24	4535	152	-123	24	4535	152	-123	24	4535	152	-123	24	4535	152	-123	24	4535	152	-123	24	4535	152	-123	24	4535	152	-123	24	4535
153	-13	13	4548	153	-13	13	4548	153	-13	13	4548	153	-13	13	4548	153	-13	13	4548	153	-13	13	4548	153	-13	13	4548	153	-13	13	4548	153	-13	13	4548	153	-13	13	4548
154	-13	13	4561	154	-13	13	4561	154	-13	13	4561	154	-13	13	4561	154	-13	13	4561	154	-13	13	4561	154	-13	13	4561	154	-13	13	4561	154	-13	13	4561	154	-13	13	4561
155	-13	13	4574	155	-13	13	4574	155	-13	13	4574	155	-13	13	4574	155	-13	13	4574	155	-13	13	4574	155	-13	13	4574	155	-13	13	4574	155	-13	13	4574	155	-13	13	4574
156	-18	18	4592	156	-18	18	4592	156	-18	18	4592	156	-18	18	4592	156	-18	18	4592	156	-18	18	4592	156	-18	18	4592	156	-18	18	4592	156	-18	18	4592	156	-18	18	4592
157	-13	13	4605	157	-13	13	4605	157	-13	13	4605	157	-13	13	4605	157	-13	13	4605	157	-13	13	4605	157	-13	13	4605	157	-13	13	4605	157	-13	13	4605	157	-13	13	4605
158	-14	14	4619	158	-14	14	4619	158	-14	14	4619	158	-14	14	4619	158	-14	14	4619	158	-14	14	4619	158	-14	14	4619	158	-14	14	4619	158	-14	14	4619	158	-14	14	4619
159	-15	15	4634	159	-15	15	4634	159	-15	15	4634	159	-15	15	4634	159	-15	15	4634	159	-15	15	4634	159	-15	15	4634	159	-15	15	4634	159	-15	15	4634	159	-15	15	4634
160	-15	15	4649	160	-15	15	4649	160	-15	15	4649	160	-15	15	4649	160	-15	15	4649	160	-15	15	4649	160	-15	15	4649	160	-15	15	4649	160	-15	15	4649	160	-15	15	4649
161	-113	14	4663	161	-113	14	4663	161	-113	14	4663	161	-113	14	4663	161	-113	14	4663	161	-113	14	4663	161	-113	14	4663	161	-113	14	4663	161	-113	14	4663	161	-113	14	4663
162	-13	13	4676	162	-13	13	4676	162	-13	13	4676	162	-13	13	4676	162	-13	13	4676	162	-13	13	4676	162	-13	13	4676	162	-13	13	4676	162	-13	13	4676	162	-13	13	4676
163	-13	13	4689	163	-13	13	4689	163	-13	13	4689	163	-13	13	4689	163	-13	13	4689	163	-13	13	4689	163	-13	13	4689	163	-13	13	4689	163	-13	13	4689	163	-13	13	4689
164	-123	24	4713	164	-123	24	4713	164	-123	24	4713	164	-123	24	4713	164	-123	24	4713	164	-123	24	4713	164	-123	24	4713	164	-123	24	4713	164	-123	24	4713	164	-123	24	4713
165	-13	13	4726	165	-13	13	4726	165	-13	13	4726	165	-13	13	4726	165	-13	13	4726	165	-13	13	4726	165	-13	13	4726	165	-13	13	4726	165	-13	13	4726	165	-13	13	4726
166	-15	15	4741	166	-15	15	4741	166	-15	15	4741	166	-15	15	4741	166	-15	15	4741	166	-15	15	4741	166	-15	15	4741	166	-15	15	4741	166	-15	15	4741	166	-15	15	4741
167	-13	13	4754	167	-13	13	4754	167	-13	13	4754	167	-13	13	4754	167	-13	13	4754	167	-13	13	4754	167	-13	13	4754	167	-13	13	4754	167	-13	13	4754	167	-13	13	4754
168	-15	15	4769	168	-15	15	4769	168	-15	15	4769	168	-15	15	4769	168	-15	15	4769	168	-15	15	4769	168	-15	15	4769	168	-15	15	4769	168	-15	15	4769	168	-15	15	4769
169	-13	13	4782	169	-13	13	4782	169	-13	13	4782	169	-13	13	4782	169	-13	13	4782	169	-13	13	4782	169	-13	13	4782	169	-13	13	4782	169	-13	13	4782	169	-13	13	4782
170	-20	20	4802	170	-20	20	4802	170	-20	20	4802	170	-20	20	4802	170	-20	20	4802	170	-20	20	4802	170	-20	20	4802	170	-20	20	4802	170	-20	20	4802	170	-20	20	4802
171	-28	28	4830	171	-28	28	4830	171	-28	28	4830	171	-28	28	4830	171	-28	28	4830	171	-28	28	4830	171	-28	28	4830	171	-28	28	4830	171	-28	28	4830	171	-28	28	4830
172	-17	17	4847	172	-17	17	4847	172	-17	17	4847	172	-17	17	4847	172	-17	17	4847	172	-17	17	4847	172	-17	17	4847	172	-17	17	4847	172	-17	17	4847	172	-17	17	4847
173	-224	26	4873	173	-224	26	4873	173	-224	26	4873	173	-224	26	4873	173	-224	26	4873	173	-224	26	4873	173	-224	26	4873	173	-224	26	4873	173	-224	26	4873	173	-224	26	4873
174	-13	13	4886	174	-13	13	4886	174	-13	13	4886	174	-13	13	4886	174	-13	13	4886	174	-13	13	4886	174	-13	13	4886	174	-13	13	4886	174	-13	13	4886	174	-13	13	4886
175	-13	13	4899	175	-13	13	4899	175	-13	13	4899	175	-13	13	4899	175	-13	13	4899	175	-13	13	4899	175	-13	13	4899	175	-13	13	4899	175	-13	13	4899	175	-13	13	4899
176	-14	14	4913	176	-14	14	4913	176	-14	14	4913	176	-14	14	4913	176	-14	14	4913	176	-14	14	4913	176	-14	14	4913	176	-14	14	4913	176	-14	14	4913	176	-14	14	4913
177	-13	13	4926	177	-13	13	4926	177	-13	13	4926	177	-13	13	4926	177	-13	13	4926	177	-13	13	4926	177	-13	13	4926	177	-13	13	4926	177	-13	13	4926	177	-13	13	4926
178	-17	17	4943	178	-17	17	4943	178	-17	17	4943	178	-17	17	4943	178	-17	17	4943	178	-17	17	4943	178	-17	17	4943	178	-17	17	4943	178	-17	17	4943	178	-17	17	4943
179	-13	13	4956	179	-13	13	4956	179	-13	13	4956	179	-13	13	4956	179	-13	13	4956	179	-13	13	4956	179	-13	13	4956	179	-13	13	4956	179	-13	13	4956	179	-13	13	4956
180	-13	13	4969	180	-13	13	4969	180	-13	13	4969	180	-13	13	4969	180	-13	13	4969	180	-13	13	4969	180	-13	13	4969	180	-13	13	4969	180	-13	13	4969	180	-13	13	4969
181	-13	13	4982	181	-13	13	4982	181	-13	13	4982	181	-13	13	4982	181	-13	13	4982	181	-13	13	4982	181	-13	13	4982	181	-13	13	4982	181	-13	13	4982	181	-13	13	4982
182	-114	15	4997	182	-114	15	4997	182	-114	15	4997	182	-114	15	4997	182	-114	15	4997	182	-114	15	4997	182	-114	15	4997	182	-114	15	4997	182	-114	15	4997	182	-114	15	4997
183	-218	20	5017	183	-218	20	5017	183	-218	20	5017	183	-218	20	5017	183	-218	20	5017	183	-218	20	5017	183	-218	20	5017	183	-218	20	5017	183	-218	20	5017	183	-218	20	5017
184	-14	14	5031	184	-14	14	5031	184	-14	14	5031	184	-14	14	5031	184	-14	14	5031	184	-14	14	5031	184	-14	14	5031	184	-14	14	5031	184	-14	14	5031	184	-14	14	5031
185	-13	13	5044	185	-13	13	5044	185	-13	13	5044	185	-13	13	5044	185	-13	13	5044	185	-13	13	5044	185	-13	13	5044	185	-13	13	5044	185	-13	13	5044	185	-13	13	5044
186	-229	31	5075	186	-229	31	5075	186	-229	31	5075	186	-229	31	5075	186	-229	31	5075	186	-229	31	5075	186	-229	31	5075	186	-229	31	5075	186	-229	31	5075	186	-229	31	5075
187	-232	34	5109	187	-232	34	5109	187	-232	34	5109	187	-232	34	5109	187	-232	34	5109	187	-232	34	5109	187	-232	34	5109	187	-232	34	5109	187	-232	34	5109	187	-232	34	5109
188	-121	22	5131	188	-121	22	5131	188	-121	22	5131	188	-121	22	5131	188	-121	22	5131	188	-121	22	5131	188	-121	22	5131	188	-121	22	5131	188	-121	22	5131	188	-121	22	5131
189	-15	15	5146	189	-15	15	5146	189	-15	15	5146	189	-15	15	5146	189	-15	15	5146	189	-15	15	5146	189	-15	15	5146	189	-15	15	5146	189	-15	15	5146	189	-15	15	5146
190	-14	14	5160	190	-14	14	5160	190	-14	14	5160	190	-14	14	5160	190	-14	14	5160	190	-14	14	5160	190	-14	14	5160	190	-14	14	5160	190	-14	14	5160	190	-14	14	5160
191	-15	15	5175	191	-15	15	5175	191	-15	15	5175	191	-15	15	5175	191	-15	15	5175	191	-15	15	5175	191	-15	15	5175	191	-15	15	5175	191	-15	15	5175	191	-15	15	5175
192	-13	13	5188	192	-13	13	5188	192	-13	13	5188	192	-13	13	5188	192	-13	13	5188	192	-13	13	5188	192	-13	13	5188	192	-13	13	5188	192	-13	13	5188	192	-13	13	5188
193	-13	13	5201	193	-13	13	5201	193	-13	13	5201	193	-13	13	5201	193	-13	13	5201	193	-13	13	5201	193	-13	13	5201	193	-13	13	5201	193	-13	13	5201	193	-13	13	5201
194	-229	31	5232	194	-229	31	5232	194	-229	31	5232	194	-229	31	5232	194	-229	31	5232	194	-229	31	5232	194	-229	31	5232	194	-229	31	5232	194	-229	31	5232	194	-229	31	5232
195	-24	24	5256	195	-24	24	5256	195	-24	24	5256	195	-24	24	5256	195	-24	24	5256	195	-24	24	5256	195	-24	24	5256	195	-24	24	5256	195	-24	24	5256	195	-24	24	5256
196	-13	13	5269	196	-13	13	5269	196	-13	13	5269	196	-13	13	5269	196	-13	13	5269	196	-13	13	5269	196	-13	13	5269	196	-13	13	5269	196	-13	13	5269	196	-13	13	5269
197	-119	20	5289	197	-119	20	5289	197	-119	20	5289	197	-119	20	5289	197	-119	20	5289	197	-119	20	5289	197	-119	20	5289	197	-119	20	5289	197	-119	20	5289	197	-119	20	5289
198	-235	37	5326	198	-235	37	5326	198	-235	37	5326	198	-235	37	5326	198	-235	37	5326	198	-235	37	5326	198	-235	37	5326	198	-235	37	5326	198	-235	37	5326	198	-235	37	5326
199	-15	15	5341	199	-15	15	5341	199	-15	15	5341	199	-15	15	5341	199	-15	15	5341	199	-15	15	5341	199	-15	15	5341	199	-15	15	5341	199	-15	15	5341	199	-15	15	5341
