Episode	Accumulated Reward	Length	Steps	Episode	Accumulated Reward	Length	Steps	Episode	Accumulated Reward	Length	Steps	Episode	Accumulated Reward	Length	Steps	Episode	Accumulated Reward	Length	Steps	Episode	Accumulated Reward	Length	Steps	Episode	Accumulated Reward	Length	Steps	Episode	Accumulated Reward	Length	Steps	Episode	Accumulated Reward	Length	Steps	Episode	Accumulated Reward	Length	Steps	Episode	Accumulated Reward	Length	Steps	Episode	Accumulated Reward	Length	Steps	Episode	Accumulated Reward	Length	Steps	Episode	Accumulated Reward	Length	Steps	Episode	Accumulated Reward	Length	Steps	Episode	Accumulated Reward	Length	Steps	Episode	Accumulated Reward	Length	Steps	Episode	Accumulated Reward	Length	Steps	Episode	Accumulated Reward	Length	Steps	Episode	Accumulated Reward	Length	Steps	Episode	Accumulated Reward	Length	Steps	Episode	Accumulated Reward	Length	Steps	Episode	Accumulated Reward	Length	Steps
0	-13	13	13	0	-13	13	13	0	-13	13	13	0	-13	13	13	0	-13	13	13	0	-13	13	13	0	-13	13	13	0	-13	13	13	0	-13	13	13	0	-13	13	13	0	-13	13	13	0	-13	13	13	0	-13	13	13	0	-13	13	13	0	-13	13	13	0	-13	13	13	0	-13	13	13	0	-13	13	13	0	-13	13	13	0	-13	13	13	0	-13	13	13	0	-13	13	13	0	-13	13	13
1	-15	15	28	1	-15	15	28	1	-15	15	28	1	-15	15	28	1	-15	15	28	1	-15	15	28	1	-15	15	28	1	-15	15	28	1	-15	15	28	1	-15	15	28	1	-15	15	28	1	-15	15	28	1	-15	15	28	1	-15	15	28	1	-15	15	28	1	-15	15	28	1	-15	15	28	1	-15	15	28	1	-15	15	28	1	-15	15	28	1	-15	15	28	1	-15	15	28	1	-15	15	28
2	-13	13	41	2	-13	13	41	2	-13	13	41	2	-13	13	41	2	-13	13	41	2	-13	13	41	2	-13	13	41	2	-13	13	41	2	-13	13	41	2	-13	13	41	2	-13	13	41	2	-13	13	41	2	-13	13	41	2	-13	13	41	2	-13	13	41	2	-13	13	41	2	-13	13	41	2	-13	13	41	2	-13	13	41	2	-13	13	41	2	-13	13	41	2	-13	13	41	2	-13	13	41
3	-15	15	56	3	-15	15	56	3	-15	15	56	3	-15	15	56	3	-15	15	56	3	-15	15	56	3	-15	15	56	3	-15	15	56	3	-15	15	56	3	-15	15	56	3	-15	15	56	3	-15	15	56	3	-15	15	56	3	-15	15	56	3	-15	15	56	3	-15	15	56	3	-15	15	56	3	-15	15	56	3	-15	15	56	3	-15	15	56	3	-15	15	56	3	-15	15	56	3	-15	15	56
4	-13	13	69	4	-13	13	69	4	-13	13	69	4	-13	13	69	4	-13	13	69	4	-13	13	69	4	-13	13	69	4	-13	13	69	4	-13	13	69	4	-13	13	69	4	-13	13	69	4	-13	13	69	4	-13	13	69	4	-13	13	69	4	-13	13	69	4	-13	13	69	4	-13	13	69	4	-13	13	69	4	-13	13	69	4	-13	13	69	4	-13	13	69	4	-13	13	69	4	-13	13	69
5	-16	16	85	5	-16	16	85	5	-16	16	85	5	-16	16	85	5	-16	16	85	5	-16	16	85	5	-16	16	85	5	-16	16	85	5	-16	16	85	5	-16	16	85	5	-16	16	85	5	-16	16	85	5	-16	16	85	5	-16	16	85	5	-16	16	85	5	-16	16	85	5	-16	16	85	5	-16	16	85	5	-16	16	85	5	-16	16	85	5	-16	16	85	5	-16	16	85	5	-16	16	85
6	-16	16	101	6	-16	16	101	6	-16	16	101	6	-16	16	101	6	-16	16	101	6	-16	16	101	6	-16	16	101	6	-16	16	101	6	-16	16	101	6	-16	16	101	6	-16	16	101	6	-16	16	101	6	-16	16	101	6	-16	16	101	6	-16	16	101	6	-16	16	101	6	-16	16	101	6	-16	16	101	6	-16	16	101	6	-16	16	101	6	-16	16	101	6	-16	16	101	6	-16	16	101
7	-13	13	114	7	-13	13	114	7	-13	13	114	7	-13	13	114	7	-13	13	114	7	-13	13	114	7	-13	13	114	7	-13	13	114	7	-13	13	114	7	-13	13	114	7	-13	13	114	7	-13	13	114	7	-13	13	114	7	-13	13	114	7	-13	13	114	7	-13	13	114	7	-13	13	114	7	-13	13	114	7	-13	13	114	7	-13	13	114	7	-13	13	114	7	-13	13	114	7	-13	13	114
8	-120	21	135	8	-120	21	135	8	-120	21	135	8	-120	21	135	8	-120	21	135	8	-120	21	135	8	-120	21	135	8	-120	21	135	8	-120	21	135	8	-120	21	135	8	-120	21	135	8	-120	21	135	8	-120	21	135	8	-120	21	135	8	-120	21	135	8	-120	21	135	8	-120	21	135	8	-120	21	135	8	-120	21	135	8	-120	21	135	8	-120	21	135	8	-120	21	135	8	-120	21	135
9	-15	15	150	9	-15	15	150	9	-15	15	150	9	-15	15	150	9	-15	15	150	9	-15	15	150	9	-15	15	150	9	-15	15	150	9	-15	15	150	9	-15	15	150	9	-15	15	150	9	-15	15	150	9	-15	15	150	9	-15	15	150	9	-15	15	150	9	-15	15	150	9	-15	15	150	9	-15	15	150	9	-15	15	150	9	-15	15	150	9	-15	15	150	9	-15	15	150	9	-15	15	150
10	-17	17	167	10	-17	17	167	10	-17	17	167	10	-17	17	167	10	-17	17	167	10	-17	17	167	10	-17	17	167	10	-17	17	167	10	-17	17	167	10	-17	17	167	10	-17	17	167	10	-17	17	167	10	-17	17	167	10	-17	17	167	10	-17	17	167	10	-17	17	167	10	-17	17	167	10	-17	17	167	10	-17	17	167	10	-17	17	167	10	-17	17	167	10	-17	17	167	10	-17	17	167
11	-13	13	180	11	-13	13	180	11	-13	13	180	11	-13	13	180	11	-13	13	180	11	-13	13	180	11	-13	13	180	11	-13	13	180	11	-13	13	180	11	-13	13	180	11	-13	13	180	11	-13	13	180	11	-13	13	180	11	-13	13	180	11	-13	13	180	11	-13	13	180	11	-13	13	180	11	-13	13	180	11	-13	13	180	11	-13	13	180	11	-13	13	180	11	-13	13	180	11	-13	13	180
12	-13	13	193	12	-13	13	193	12	-13	13	193	12	-13	13	193	12	-13	13	193	12	-13	13	193	12	-13	13	193	12	-13	13	193	12	-13	13	193	12	-13	13	193	12	-13	13	193	12	-13	13	193	12	-13	13	193	12	-13	13	193	12	-13	13	193	12	-13	13	193	12	-13	13	193	12	-13	13	193	12	-13	13	193	12	-13	13	193	12	-13	13	193	12	-13	13	193	12	-13	13	193
13	-13	13	206	13	-13	13	206	13	-13	13	206	13	-13	13	206	13	-13	13	206	13	-13	13	206	13	-13	13	206	13	-13	13	206	13	-13	13	206	13	-13	13	206	13	-13	13	206	13	-13	13	206	13	-13	13	206	13	-13	13	206	13	-13	13	206	13	-13	13	206	13	-13	13	206	13	-13	13	206	13	-13	13	206	13	-13	13	206	13	-13	13	206	13	-13	13	206	13	-13	13	206
14	-15	15	221	14	-15	15	221	14	-15	15	221	14	-15	15	221	14	-15	15	221	14	-15	15	221	14	-15	15	221	14	-15	15	221	14	-15	15	221	14	-15	15	221	14	-15	15	221	14	-15	15	221	14	-15	15	221	14	-15	15	221	14	-15	15	221	14	-15	15	221	14	-15	15	221	14	-15	15	221	14	-15	15	221	14	-15	15	221	14	-15	15	221	14	-15	15	221	14	-15	15	221
15	-13	13	234	15	-13	13	234	15	-13	13	234	15	-13	13	234	15	-13	13	234	15	-13	13	234	15	-13	13	234	15	-13	13	234	15	-13	13	234	15	-13	13	234	15	-13	13	234	15	-13	13	234	15	-13	13	234	15	-13	13	234	15	-13	13	234	15	-13	13	234	15	-13	13	234	15	-13	13	234	15	-13	13	234	15	-13	13	234	15	-13	13	234	15	-13	13	234	15	-13	13	234
16	-16	16	250	16	-16	16	250	16	-16	16	250	16	-16	16	250	16	-16	16	250	16	-16	16	250	16	-16	16	250	16	-16	16	250	16	-16	16	250	16	-16	16	250	16	-16	16	250	16	-16	16	250	16	-16	16	250	16	-16	16	250	16	-16	16	250	16	-16	16	250	16	-16	16	250	16	-16	16	250	16	-16	16	250	16	-16	16	250	16	-16	16	250	16	-16	16	250	16	-16	16	250
17	-15	15	265	17	-15	15	265	17	-15	15	265	17	-15	15	265	17	-15	15	265	17	-15	15	265	17	-15	15	265	17	-15	15	265	17	-15	15	265	17	-15	15	265	17	-15	15	265	17	-15	15	265	17	-15	15	265	17	-15	15	265	17	-15	15	265	17	-15	15	265	17	-15	15	265	17	-15	15	265	17	-15	15	265	17	-15	15	265	17	-15	15	265	17	-15	15	265	17	-15	15	265
18	-122	23	288	18	-122	23	288	18	-122	23	288	18	-122	23	288	18	-122	23	288	18	-122	23	288	18	-122	23	288	18	-122	23	288	18	-122	23	288	18	-122	23	288	18	-122	23	288	18	-122	23	288	18	-122	23	288	18	-122	23	288	18	-122	23	288	18	-122	23	288	18	-122	23	288	18	-122	23	288	18	-122	23	288	18	-122	23	288	18	-122	23	288	18	-122	23	288	18	-122	23	288
19	-19	19	307	19	-19	19	307	19	-19	19	307	19	-19	19	307	19	-19	19	307	19	-19	19	307	19	-19	19	307	19	-19	19	307	19	-19	19	307	19	-19	19	307	19	-19	19	307	19	-19	19	307	19	-19	19	307	19	-19	19	307	19	-19	19	307	19	-19	19	307	19	-19	19	307	19	-19	19	307	19	-19	19	307	19	-19	19	307	19	-19	19	307	19	-19	19	307	19	-19	19	307
20	-117	18	325	20	-117	18	325	20	-117	18	325	20	-117	18	325	20	-117	18	325	20	-117	18	325	20	-117	18	325	20	-117	18	325	20	-117	18	325	20	-117	18	325	20	-117	18	325	20	-117	18	325	20	-117	18	325	20	-117	18	325	20	-117	18	325	20	-117	18	325	20	-117	18	325	20	-117	18	325	20	-117	18	325	20	-117	18	325	20	-117	18	325	20	-117	18	325	20	-117	18	325
21	-13	13	338	21	-13	13	338	21	-13	13	338	21	-13	13	338	21	-13	13	338	21	-13	13	338	21	-13	13	338	21	-13	13	338	21	-13	13	338	21	-13	13	338	21	-13	13	338	21	-13	13	338	21	-13	13	338	21	-13	13	338	21	-13	13	338	21	-13	13	338	21	-13	13	338	21	-13	13	338	21	-13	13	338	21	-13	13	338	21	-13	13	338	21	-13	13	338	21	-13	13	338
22	-13	13	351	22	-13	13	351	22	-13	13	351	22	-13	13	351	22	-13	13	351	22	-13	13	351	22	-13	13	351	22	-13	13	351	22	-13	13	351	22	-13	13	351	22	-13	13	351	22	-13	13	351	22	-13	13	351	22	-13	13	351	22	-13	13	351	22	-13	13	351	22	-13	13	351	22	-13	13	351	22	-13	13	351	22	-13	13	351	22	-13	13	351	22	-13	13	351	22	-13	13	351
23	-15	15	366	23	-15	15	366	23	-15	15	366	23	-15	15	366	23	-15	15	366	23	-15	15	366	23	-15	15	366	23	-15	15	366	23	-15	15	366	23	-15	15	366	23	-15	15	366	23	-15	15	366	23	-15	15	366	23	-15	15	366	23	-15	15	366	23	-15	15	366	23	-15	15	366	23	-15	15	366	23	-15	15	366	23	-15	15	366	23	-15	15	366	23	-15	15	366	23	-15	15	366
24	-13	13	379	24	-13	13	379	24	-13	13	379	24	-13	13	379	24	-13	13	379	24	-13	13	379	24	-13	13	379	24	-13	13	379	24	-13	13	379	24	-13	13	379	24	-13	13	379	24	-13	13	379	24	-13	13	379	24	-13	13	379	24	-13	13	379	24	-13	13	379	24	-13	13	379	24	-13	13	379	24	-13	13	379	24	-13	13	379	24	-13	13	379	24	-13	13	379	24	-13	13	379
25	-17	17	396	25	-17	17	396	25	-17	17	396	25	-17	17	396	25	-17	17	396	25	-17	17	396	25	-17	17	396	25	-17	17	396	25	-17	17	396	25	-17	17	396	25	-17	17	396	25	-17	17	396	25	-17	17	396	25	-17	17	396	25	-17	17	396	25	-17	17	396	25	-17	17	396	25	-17	17	396	25	-17	17	396	25	-17	17	396	25	-17	17	396	25	-17	17	396	25	-17	17	396
26	-16	16	412	26	-16	16	412	26	-16	16	412	26	-16	16	412	26	-16	16	412	26	-16	16	412	26	-16	16	412	26	-16	16	412	26	-16	16	412	26	-16	16	412	26	-16	16	412	26	-16	16	412	26	-16	16	412	26	-16	16	412	26	-16	16	412	26	-16	16	412	26	-16	16	412	26	-16	16	412	26	-16	16	412	26	-16	16	412	26	-16	16	412	26	-16	16	412	26	-16	16	412
27	-13	13	425	27	-13	13	425	27	-13	13	425	27	-13	13	425	27	-13	13	425	27	-13	13	425	27	-13	13	425	27	-13	13	425	27	-13	13	425	27	-13	13	425	27	-13	13	425	27	-13	13	425	27	-13	13	425	27	-13	13	425	27	-13	13	425	27	-13	13	425	27	-13	13	425	27	-13	13	425	27	-13	13	425	27	-13	13	425	27	-13	13	425	27	-13	13	425	27	-13	13	425
28	-230	32	457	28	-230	32	457	28	-230	32	457	28	-230	32	457	28	-230	32	457	28	-230	32	457	28	-230	32	457	28	-230	32	457	28	-230	32	457	28	-230	32	457	28	-230	32	457	28	-230	32	457	28	-230	32	457	28	-230	32	457	28	-230	32	457	28	-230	32	457	28	-230	32	457	28	-230	32	457	28	-230	32	457	28	-230	32	457	28	-230	32	457	28	-230	32	457	28	-230	32	457
29	-13	13	470	29	-13	13	470	29	-13	13	470	29	-13	13	470	29	-13	13	470	29	-13	13	470	29	-13	13	470	29	-13	13	470	29	-13	13	470	29	-13	13	470	29	-13	13	470	29	-13	13	470	29	-13	13	470	29	-13	13	470	29	-13	13	470	29	-13	13	470	29	-13	13	470	29	-13	13	470	29	-13	13	470	29	-13	13	470	29	-13	13	470	29	-13	13	470	29	-13	13	470
30	-14	14	484	30	-14	14	484	30	-14	14	484	30	-14	14	484	30	-14	14	484	30	-14	14	484	30	-14	14	484	30	-14	14	484	30	-14	14	484	30	-14	14	484	30	-14	14	484	30	-14	14	484	30	-14	14	484	30	-14	14	484	30	-14	14	484	30	-14	14	484	30	-14	14	484	30	-14	14	484	30	-14	14	484	30	-14	14	484	30	-14	14	484	30	-14	14	484	30	-14	14	484
31	-13	13	497	31	-13	13	497	31	-13	13	497	31	-13	13	497	31	-13	13	497	31	-13	13	497	31	-13	13	497	31	-13	13	497	31	-13	13	497	31	-13	13	497	31	-13	13	497	31	-13	13	497	31	-13	13	497	31	-13	13	497	31	-13	13	497	31	-13	13	497	31	-13	13	497	31	-13	13	497	31	-13	13	497	31	-13	13	497	31	-13	13	497	31	-13	13	497	31	-13	13	497
32	-13	13	510	32	-13	13	510	32	-13	13	510	32	-13	13	510	32	-13	13	510	32	-13	13	510	32	-13	13	510	32	-13	13	510	32	-13	13	510	32	-13	13	510	32	-13	13	510	32	-13	13	510	32	-13	13	510	32	-13	13	510	32	-13	13	510	32	-13	13	510	32	-13	13	510	32	-13	13	510	32	-13	13	510	32	-13	13	510	32	-13	13	510	32	-13	13	510	32	-13	13	510
33	-17	17	527	33	-17	17	527	33	-17	17	527	33	-17	17	527	33	-17	17	527	33	-17	17	527	33	-17	17	527	33	-17	17	527	33	-17	17	527	33	-17	17	527	33	-17	17	527	33	-17	17	527	33	-17	17	527	33	-17	17	527	33	-17	17	527	33	-17	17	527	33	-17	17	527	33	-17	17	527	33	-17	17	527	33	-17	17	527	33	-17	17	527	33	-17	17	527	33	-17	17	527
34	-13	13	540	34	-13	13	540	34	-13	13	540	34	-13	13	540	34	-13	13	540	34	-13	13	540	34	-13	13	540	34	-13	13	540	34	-13	13	540	34	-13	13	540	34	-13	13	540	34	-13	13	540	34	-13	13	540	34	-13	13	540	34	-13	13	540	34	-13	13	540	34	-13	13	540	34	-13	13	540	34	-13	13	540	34	-13	13	540	34	-13	13	540	34	-13	13	540	34	-13	13	540
35	-14	14	554	35	-14	14	554	35	-14	14	554	35	-14	14	554	35	-14	14	554	35	-14	14	554	35	-14	14	554	35	-14	14	554	35	-14	14	554	35	-14	14	554	35	-14	14	554	35	-14	14	554	35	-14	14	554	35	-14	14	554	35	-14	14	554	35	-14	14	554	35	-14	14	554	35	-14	14	554	35	-14	14	554	35	-14	14	554	35	-14	14	554	35	-14	14	554	35	-14	14	554
36	-126	27	581	36	-126	27	581	36	-126	27	581	36	-126	27	581	36	-126	27	581	36	-126	27	581	36	-126	27	581	36	-126	27	581	36	-126	27	581	36	-126	27	581	36	-126	27	581	36	-126	27	581	36	-126	27	581	36	-126	27	581	36	-126	27	581	36	-126	27	581	36	-126	27	581	36	-126	27	581	36	-126	27	581	36	-126	27	581	36	-126	27	581	36	-126	27	581	36	-126	27	581
37	-18	18	599	37	-18	18	599	37	-18	18	599	37	-18	18	599	37	-18	18	599	37	-18	18	599	37	-18	18	599	37	-18	18	599	37	-18	18	599	37	-18	18	599	37	-18	18	599	37	-18	18	599	37	-18	18	599	37	-18	18	599	37	-18	18	599	37	-18	18	599	37	-18	18	599	37	-18	18	599	37	-18	18	599	37	-18	18	599	37	-18	18	599	37	-18	18	599	37	-18	18	599
38	-13	13	612	38	-13	13	612	38	-13	13	612	38	-13	13	612	38	-13	13	612	38	-13	13	612	38	-13	13	612	38	-13	13	612	38	-13	13	612	38	-13	13	612	38	-13	13	612	38	-13	13	612	38	-13	13	612	38	-13	13	612	38	-13	13	612	38	-13	13	612	38	-13	13	612	38	-13	13	612	38	-13	13	612	38	-13	13	612	38	-13	13	612	38	-13	13	612	38	-13	13	612
39	-120	21	633	39	-120	21	633	39	-120	21	633	39	-120	21	633	39	-120	21	633	39	-120	21	633	39	-120	21	633	39	-120	21	633	39	-120	21	633	39	-120	21	633	39	-120	21	633	39	-120	21	633	39	-120	21	633	39	-120	21	633	39	-120	21	633	39	-120	21	633	39	-120	21	633	39	-120	21	633	39	-120	21	633	39	-120	21	633	39	-120	21	633	39	-120	21	633	39	-120	21	633
40	-13	13	646	40	-13	13	646	40	-13	13	646	40	-13	13	646	40	-13	13	646	40	-13	13	646	40	-13	13	646	40	-13	13	646	40	-13	13	646	40	-13	13	646	40	-13	13	646	40	-13	13	646	40	-13	13	646	40	-13	13	646	40	-13	13	646	40	-13	13	646	40	-13	13	646	40	-13	13	646	40	-13	13	646	40	-13	13	646	40	-13	13	646	40	-13	13	646	40	-13	13	646
41	-117	18	664	41	-117	18	664	41	-117	18	664	41	-117	18	664	41	-117	18	664	41	-117	18	664	41	-117	18	664	41	-117	18	664	41	-117	18	664	41	-117	18	664	41	-117	18	664	41	-117	18	664	41	-117	18	664	41	-117	18	664	41	-117	18	664	41	-117	18	664	41	-117	18	664	41	-117	18	664	41	-117	18	664	41	-117	18	664	41	-117	18	664	41	-117	18	664	41	-117	18	664
42	-22	22	686	42	-22	22	686	42	-22	22	686	42	-22	22	686	42	-22	22	686	42	-22	22	686	42	-22	22	686	42	-22	22	686	42	-22	22	686	42	-22	22	686	42	-22	22	686	42	-22	22	686	42	-22	22	686	42	-22	22	686	42	-22	22	686	42	-22	22	686	42	-22	22	686	42	-22	22	686	42	-22	22	686	42	-22	22	686	42	-22	22	686	42	-22	22	686	42	-22	22	686
43	-15	15	701	43	-15	15	701	43	-15	15	701	43	-15	15	701	43	-15	15	701	43	-15	15	701	43	-15	15	701	43	-15	15	701	43	-15	15	701	43	-15	15	701	43	-15	15	701	43	-15	15	701	43	-15	15	701	43	-15	15	701	43	-15	15	701	43	-15	15	701	43	-15	15	701	43	-15	15	701	43	-15	15	701	43	-15	15	701	43	-15	15	701	43	-15	15	701	43	-15	15	701
44	-220	22	723	44	-220	22	723	44	-220	22	723	44	-220	22	723	44	-220	22	723	44	-220	22	723	44	-220	22	723	44	-220	22	723	44	-220	22	723	44	-220	22	723	44	-220	22	723	44	-220	22	723	44	-220	22	723	44	-220	22	723	44	-220	22	723	44	-220	22	723	44	-220	22	723	44	-220	22	723	44	-220	22	723	44	-220	22	723	44	-220	22	723	44	-220	22	723	44	-220	22	723
45	-15	15	738	45	-15	15	738	45	-15	15	738	45	-15	15	738	45	-15	15	738	45	-15	15	738	45	-15	15	738	45	-15	15	738	45	-15	15	738	45	-15	15	738	45	-15	15	738	45	-15	15	738	45	-15	15	738	45	-15	15	738	45	-15	15	738	45	-15	15	738	45	-15	15	738	45	-15	15	738	45	-15	15	738	45	-15	15	738	45	-15	15	738	45	-15	15	738	45	-15	15	738
46	-118	19	757	46	-118	19	757	46	-118	19	757	46	-118	19	757	46	-118	19	757	46	-118	19	757	46	-118	19	757	46	-118	19	757	46	-118	19	757	46	-118	19	757	46	-118	19	757	46	-118	19	757	46	-118	19	757	46	-118	19	757	46	-118	19	757	46	-118	19	757	46	-118	19	757	46	-118	19	757	46	-118	19	757	46	-118	19	757	46	-118	19	757	46	-118	19	757	46	-118	19	757
47	-127	28	785	47	-127	28	785	47	-127	28	785	47	-127	28	785	47	-127	28	785	47	-127	28	785	47	-127	28	785	47	-127	28	785	47	-127	28	785	47	-127	28	785	47	-127	28	785	47	-127	28	785	47	-127	28	785	47	-127	28	785	47	-127	28	785	47	-127	28	785	47	-127	28	785	47	-127	28	785	47	-127	28	785	47	-127	28	785	47	-127	28	785	47	-127	28	785	47	-127	28	785
48	-13	13	798	48	-13	13	798	48	-13	13	798	48	-13	13	798	48	-13	13	798	48	-13	13	798	48	-13	13	798	48	-13	13	798	48	-13	13	798	48	-13	13	798	48	-13	13	798	48	-13	13	798	48	-13	13	798	48	-13	13	798	48	-13	13	798	48	-13	13	798	48	-13	13	798	48	-13	13	798	48	-13	13	798	48	-13	13	798	48	-13	13	798	48	-13	13	798	48	-13	13	798
49	-13	13	811	49	-13	13	811	49	-13	13	811	49	-13	13	811	49	-13	13	811	49	-13	13	811	49	-13	13	811	49	-13	13	811	49	-13	13	811	49	-13	13	811	49	-13	13	811	49	-13	13	811	49	-13	13	811	49	-13	13	811	49	-13	13	811	49	-13	13	811	49	-13	13	811	49	-13	13	811	49	-13	13	811	49	-13	13	811	49	-13	13	811	49	-13	13	811	49	-13	13	811
50	-20	20	831	50	-20	20	831	50	-20	20	831	50	-20	20	831	50	-20	20	831	50	-20	20	831	50	-20	20	831	50	-20	20	831	50	-20	20	831	50	-20	20	831	50	-20	20	831	50	-20	20	831	50	-20	20	831	50	-20	20	831	50	-20	20	831	50	-20	20	831	50	-20	20	831	50	-20	20	831	50	-20	20	831	50	-20	20	831	50	-20	20	831	50	-20	20	831	50	-20	20	831
51	-13	13	844	51	-13	13	844	51	-13	13	844	51	-13	13	844	51	-13	13	844	51	-13	13	844	51	-13	13	844	51	-13	13	844	51	-13	13	844	51	-13	13	844	51	-13	13	844	51	-13	13	844	51	-13	13	844	51	-13	13	844	51	-13	13	844	51	-13	13	844	51	-13	13	844	51	-13	13	844	51	-13	13	844	51	-13	13	844	51	-13	13	844	51	-13	13	844	51	-13	13	844
52	-13	13	857	52	-13	13	857	52	-13	13	857	52	-13	13	857	52	-13	13	857	52	-13	13	857	52	-13	13	857	52	-13	13	857	52	-13	13	857	52	-13	13	857	52	-13	13	857	52	-13	13	857	52	-13	13	857	52	-13	13	857	52	-13	13	857	52	-13	13	857	52	-13	13	857	52	-13	13	857	52	-13	13	857	52	-13	13	857	52	-13	13	857	52	-13	13	857	52	-13	13	857
53	-13	13	870	53	-13	13	870	53	-13	13	870	53	-13	13	870	53	-13	13	870	53	-13	13	870	53	-13	13	870	53	-13	13	870	53	-13	13	870	53	-13	13	870	53	-13	13	870	53	-13	13	870	53	-13	13	870	53	-13	13	870	53	-13	13	870	53	-13	13	870	53	-13	13	870	53	-13	13	870	53	-13	13	870	53	-13	13	870	53	-13	13	870	53	-13	13	870	53	-13	13	870
54	-15	15	885	54	-15	15	885	54	-15	15	885	54	-15	15	885	54	-15	15	885	54	-15	15	885	54	-15	15	885	54	-15	15	885	54	-15	15	885	54	-15	15	885	54	-15	15	885	54	-15	15	885	54	-15	15	885	54	-15	15	885	54	-15	15	885	54	-15	15	885	54	-15	15	885	54	-15	15	885	54	-15	15	885	54	-15	15	885	54	-15	15	885	54	-15	15	885	54	-15	15	885
55	-13	13	898	55	-13	13	898	55	-13	13	898	55	-13	13	898	55	-13	13	898	55	-13	13	898	55	-13	13	898	55	-13	13	898	55	-13	13	898	55	-13	13	898	55	-13	13	898	55	-13	13	898	55	-13	13	898	55	-13	13	898	55	-13	13	898	55	-13	13	898	55	-13	13	898	55	-13	13	898	55	-13	13	898	55	-13	13	898	55	-13	13	898	55	-13	13	898	55	-13	13	898
56	-19	19	917	56	-19	19	917	56	-19	19	917	56	-19	19	917	56	-19	19	917	56	-19	19	917	56	-19	19	917	56	-19	19	917	56	-19	19	917	56	-19	19	917	56	-19	19	917	56	-19	19	917	56	-19	19	917	56	-19	19	917	56	-19	19	917	56	-19	19	917	56	-19	19	917	56	-19	19	917	56	-19	19	917	56	-19	19	917	56	-19	19	917	56	-19	19	917	56	-19	19	917
57	-13	13	930	57	-13	13	930	57	-13	13	930	57	-13	13	930	57	-13	13	930	57	-13	13	930	57	-13	13	930	57	-13	13	930	57	-13	13	930	57	-13	13	930	57	-13	13	930	57	-13	13	930	57	-13	13	930	57	-13	13	930	57	-13	13	930	57	-13	13	930	57	-13	13	930	57	-13	13	930	57	-13	13	930	57	-13	13	930	57	-13	13	930	57	-13	13	930	57	-13	13	930
58	-13	13	943	58	-13	13	943	58	-13	13	943	58	-13	13	943	58	-13	13	943	58	-13	13	943	58	-13	13	943	58	-13	13	943	58	-13	13	943	58	-13	13	943	58	-13	13	943	58	-13	13	943	58	-13	13	943	58	-13	13	943	58	-13	13	943	58	-13	13	943	58	-13	13	943	58	-13	13	943	58	-13	13	943	58	-13	13	943	58	-13	13	943	58	-13	13	943	58	-13	13	943
59	-126	27	970	59	-126	27	970	59	-126	27	970	59	-126	27	970	59	-126	27	970	59	-126	27	970	59	-126	27	970	59	-126	27	970	59	-126	27	970	59	-126	27	970	59	-126	27	970	59	-126	27	970	59	-126	27	970	59	-126	27	970	59	-126	27	970	59	-126	27	970	59	-126	27	970	59	-126	27	970	59	-126	27	970	59	-126	27	970	59	-126	27	970	59	-126	27	970	59	-126	27	970
60	-15	15	985	60	-15	15	985	60	-15	15	985	60	-15	15	985	60	-15	15	985	60	-15	15	985	60	-15	15	985	60	-15	15	985	60	-15	15	985	60	-15	15	985	60	-15	15	985	60	-15	15	985	60	-15	15	985	60	-15	15	985	60	-15	15	985	60	-15	15	985	60	-15	15	985	60	-15	15	985	60	-15	15	985	60	-15	15	985	60	-15	15	985	60	-15	15	985	60	-15	15	985
61	-13	13	998	61	-13	13	998	61	-13	13	998	61	-13	13	998	61	-13	13	998	61	-13	13	998	61	-13	13	998	61	-13	13	998	61	-13	13	998	61	-13	13	998	61	-13	13	998	61	-13	13	998	61	-13	13	998	61	-13	13	998	61	-13	13	998	61	-13	13	998	61	-13	13	998	61	-13	13	998	61	-13	13	998	61	-13	13	998	61	-13	13	998	61	-13	13	998	61	-13	13	998
62	-124	25	1023	62	-124	25	1023	62	-124	25	1023	62	-124	25	1023	62	-124	25	1023	62	-124	25	1023	62	-124	25	1023	62	-124	25	1023	62	-124	25	1023	62	-124	25	1023	62	-124	25	1023	62	-124	25	1023	62	-124	25	1023	62	-124	25	1023	62	-124	25	1023	62	-124	25	1023	62	-124	25	1023	62	-124	25	1023	62	-124	25	1023	62	-124	25	1023	62	-124	25	1023	62	-124	25	1023	62	-124	25	1023
63	-13	13	1036	63	-13	13	1036	63	-13	13	1036	63	-13	13	1036	63	-13	13	1036	63	-13	13	1036	63	-13	13	1036	63	-13	13	1036	63	-13	13	1036	63	-13	13	1036	63	-13	13	1036	63	-13	13	1036	63	-13	13	1036	63	-13	13	1036	63	-13	13	1036	63	-13	13	1036	63	-13	13	1036	63	-13	13	1036	63	-13	13	1036	63	-13	13	1036	63	-13	13	1036	63	-13	13	1036	63	-13	13	1036
64	-17	17	1053	64	-17	17	1053	64	-17	17	1053	64	-17	17	1053	64	-17	17	1053	64	-17	17	1053	64	-17	17	1053	64	-17	17	1053	64	-17	17	1053	64	-17	17	1053	64	-17	17	1053	64	-17	17	1053	64	-17	17	1053	64	-17	17	1053	64	-17	17	1053	64	-17	17	1053	64	-17	17	1053	64	-17	17	1053	64	-17	17	1053	64	-17	17	1053	64	-17	17	1053	64	-17	17	1053	64	-17	17	1053
65	-13	13	1066	65	-13	13	1066	65	-13	13	1066	65	-13	13	1066	65	-13	13	1066	65	-13	13	1066	65	-13	13	1066	65	-13	13	1066	65	-13	13	1066	65	-13	13	1066	65	-13	13	1066	65	-13	13	1066	65	-13	13	1066	65	-13	13	1066	65	-13	13	1066	65	-13	13	1066	65	-13	13	1066	65	-13	13	1066	65	-13	13	1066	65	-13	13	1066	65	-13	13	1066	65	-13	13	1066	65	-13	13	1066
66	-15	15	1081	66	-15	15	1081	66	-15	15	1081	66	-15	15	1081	66	-15	15	1081	66	-15	15	1081	66	-15	15	1081	66	-15	15	1081	66	-15	15	1081	66	-15	15	1081	66	-15	15	1081	66	-15	15	1081	66	-15	15	1081	66	-15	15	1081	66	-15	15	1081	66	-15	15	1081	66	-15	15	1081	66	-15	15	1081	66	-15	15	1081	66	-15	15	1081	66	-15	15	1081	66	-15	15	1081	66	-15	15	1081
67	-15	15	1096	67	-15	15	1096	67	-15	15	1096	67	-15	15	1096	67	-15	15	1096	67	-15	15	1096	67	-15	15	1096	67	-15	15	1096	67	-15	15	1096	67	-15	15	1096	67	-15	15	1096	67	-15	15	1096	67	-15	15	1096	67	-15	15	1096	67	-15	15	1096	67	-15	15	1096	67	-15	15	1096	67	-15	15	1096	67	-15	15	1096	67	-15	15	1096	67	-15	15	1096	67	-15	15	1096	67	-15	15	1096
68	-18	18	1114	68	-18	18	1114	68	-18	18	1114	68	-18	18	1114	68	-18	18	1114	68	-18	18	1114	68	-18	18	1114	68	-18	18	1114	68	-18	18	1114	68	-18	18	1114	68	-18	18	1114	68	-18	18	1114	68	-18	18	1114	68	-18	18	1114	68	-18	18	1114	68	-18	18	1114	68	-18	18	1114	68	-18	18	1114	68	-18	18	1114	68	-18	18	1114	68	-18	18	1114	68	-18	18	1114	68	-18	18	1114
69	-13	13	1127	69	-13	13	1127	69	-13	13	1127	69	-13	13	1127	69	-13	13	1127	69	-13	13	1127	69	-13	13	1127	69	-13	13	1127	69	-13	13	1127	69	-13	13	1127	69	-13	13	1127	69	-13	13	1127	69	-13	13	1127	69	-13	13	1127	69	-13	13	1127	69	-13	13	1127	69	-13	13	1127	69	-13	13	1127	69	-13	13	1127	69	-13	13	1127	69	-13	13	1127	69	-13	13	1127	69	-13	13	1127
70	-13	13	1140	70	-13	13	1140	70	-13	13	1140	70	-13	13	1140	70	-13	13	1140	70	-13	13	1140	70	-13	13	1140	70	-13	13	1140	70	-13	13	1140	70	-13	13	1140	70	-13	13	1140	70	-13	13	1140	70	-13	13	1140	70	-13	13	1140	70	-13	13	1140	70	-13	13	1140	70	-13	13	1140	70	-13	13	1140	70	-13	13	1140	70	-13	13	1140	70	-13	13	1140	70	-13	13	1140	70	-13	13	1140
71	-15	15	1155	71	-15	15	1155	71	-15	15	1155	71	-15	15	1155	71	-15	15	1155	71	-15	15	1155	71	-15	15	1155	71	-15	15	1155	71	-15	15	1155	71	-15	15	1155	71	-15	15	1155	71	-15	15	1155	71	-15	15	1155	71	-15	15	1155	71	-15	15	1155	71	-15	15	1155	71	-15	15	1155	71	-15	15	1155	71	-15	15	1155	71	-15	15	1155	71	-15	15	1155	71	-15	15	1155	71	-15	15	1155
72	-13	13	1168	72	-13	13	1168	72	-13	13	1168	72	-13	13	1168	72	-13	13	1168	72	-13	13	1168	72	-13	13	1168	72	-13	13	1168	72	-13	13	1168	72	-13	13	1168	72	-13	13	1168	72	-13	13	1168	72	-13	13	1168	72	-13	13	1168	72	-13	13	1168	72	-13	13	1168	72	-13	13	1168	72	-13	13	1168	72	-13	13	1168	72	-13	13	1168	72	-13	13	1168	72	-13	13	1168	72	-13	13	1168
73	-15	15	1183	73	-15	15	1183	73	-15	15	1183	73	-15	15	1183	73	-15	15	1183	73	-15	15	1183	73	-15	15	1183	73	-15	15	1183	73	-15	15	1183	73	-15	15	1183	73	-15	15	1183	73	-15	15	1183	73	-15	15	1183	73	-15	15	1183	73	-15	15	1183	73	-15	15	1183	73	-15	15	1183	73	-15	15	1183	73	-15	15	1183	73	-15	15	1183	73	-15	15	1183	73	-15	15	1183	73	-15	15	1183
74	-15	15	1198	74	-15	15	1198	74	-15	15	1198	74	-15	15	1198	74	-15	15	1198	74	-15	15	1198	74	-15	15	1198	74	-15	15	1198	74	-15	15	1198	74	-15	15	1198	74	-15	15	1198	74	-15	15	1198	74	-15	15	1198	74	-15	15	1198	74	-15	15	1198	74	-15	15	1198	74	-15	15	1198	74	-15	15	1198	74	-15	15	1198	74	-15	15	1198	74	-15	15	1198	74	-15	15	1198	74	-15	15	1198
75	-116	17	1215	75	-116	17	1215	75	-116	17	1215	75	-116	17	1215	75	-116	17	1215	75	-116	17	1215	75	-116	17	1215	75	-116	17	1215	75	-116	17	1215	75	-116	17	1215	75	-116	17	1215	75	-116	17	1215	75	-116	17	1215	75	-116	17	1215	75	-116	17	1215	75	-116	17	1215	75	-116	17	1215	75	-116	17	1215	75	-116	17	1215	75	-116	17	1215	75	-116	17	1215	75	-116	17	1215	75	-116	17	1215
76	-13	13	1228	76	-13	13	1228	76	-13	13	1228	76	-13	13	1228	76	-13	13	1228	76	-13	13	1228	76	-13	13	1228	76	-13	13	1228	76	-13	13	1228	76	-13	13	1228	76	-13	13	1228	76	-13	13	1228	76	-13	13	1228	76	-13	13	1228	76	-13	13	1228	76	-13	13	1228	76	-13	13	1228	76	-13	13	1228	76	-13	13	1228	76	-13	13	1228	76	-13	13	1228	76	-13	13	1228	76	-13	13	1228
77	-13	13	1241	77	-13	13	1241	77	-13	13	1241	77	-13	13	1241	77	-13	13	1241	77	-13	13	1241	77	-13	13	1241	77	-13	13	1241	77	-13	13	1241	77	-13	13	1241	77	-13	13	1241	77	-13	13	1241	77	-13	13	1241	77	-13	13	1241	77	-13	13	1241	77	-13	13	1241	77	-13	13	1241	77	-13	13	1241	77	-13	13	1241	77	-13	13	1241	77	-13	13	1241	77	-13	13	1241	77	-13	13	1241
78	-229	31	1272	78	-229	31	1272	78	-229	31	1272	78	-229	31	1272	78	-229	31	1272	78	-229	31	1272	78	-229	31	1272	78	-229	31	1272	78	-229	31	1272	78	-229	31	1272	78	-229	31	1272	78	-229	31	1272	78	-229	31	1272	78	-229	31	1272	78	-229	31	1272	78	-229	31	1272	78	-229	31	1272	78	-229	31	1272	78	-229	31	1272	78	-229	31	1272	78	-229	31	1272	78	-229	31	1272	78	-229	31	1272
79	-128	29	1301	79	-128	29	1301	79	-128	29	1301	79	-128	29	1301	79	-128	29	1301	79	-128	29	1301	79	-128	29	1301	79	-128	29	1301	79	-128	29	1301	79	-128	29	1301	79	-128	29	1301	79	-128	29	1301	79	-128	29	1301	79	-128	29	1301	79	-128	29	1301	79	-128	29	1301	79	-128	29	1301	79	-128	29	1301	79	-128	29	1301	79	-128	29	1301	79	-128	29	1301	79	-128	29	1301	79	-128	29	1301
80	-15	15	1316	80	-15	15	1316	80	-15	15	1316	80	-15	15	1316	80	-15	15	1316	80	-15	15	1316	80	-15	15	1316	80	-15	15	1316	80	-15	15	1316	80	-15	15	1316	80	-15	15	1316	80	-15	15	1316	80	-15	15	1316	80	-15	15	1316	80	-15	15	1316	80	-15	15	1316	80	-15	15	1316	80	-15	15	1316	80	-15	15	1316	80	-15	15	1316	80	-15	15	1316	80	-15	15	1316	80	-15	15	1316
81	-15	15	1331	81	-15	15	1331	81	-15	15	1331	81	-15	15	1331	81	-15	15	1331	81	-15	15	1331	81	-15	15	1331	81	-15	15	1331	81	-15	15	1331	81	-15	15	1331	81	-15	15	1331	81	-15	15	1331	81	-15	15	1331	81	-15	15	1331	81	-15	15	1331	81	-15	15	1331	81	-15	15	1331	81	-15	15	1331	81	-15	15	1331	81	-15	15	1331	81	-15	15	1331	81	-15	15	1331	81	-15	15	1331
82	-228	30	1361	82	-228	30	1361	82	-228	30	1361	82	-228	30	1361	82	-228	30	1361	82	-228	30	1361	82	-228	30	1361	82	-228	30	1361	82	-228	30	1361	82	-228	30	1361	82	-228	30	1361	82	-228	30	1361	82	-228	30	1361	82	-228	30	1361	82	-228	30	1361	82	-228	30	1361	82	-228	30	1361	82	-228	30	1361	82	-228	30	1361	82	-228	30	1361	82	-228	30	1361	82	-228	30	1361	82	-228	30	1361
83	-13	13	1374	83	-13	13	1374	83	-13	13	1374	83	-13	13	1374	83	-13	13	1374	83	-13	13	1374	83	-13	13	1374	83	-13	13	1374	83	-13	13	1374	83	-13	13	1374	83	-13	13	1374	83	-13	13	1374	83	-13	13	1374	83	-13	13	1374	83	-13	13	1374	83	-13	13	1374	83	-13	13	1374	83	-13	13	1374	83	-13	13	1374	83	-13	13	1374	83	-13	13	1374	83	-13	13	1374	83	-13	13	1374
84	-17	17	1391	84	-17	17	1391	84	-17	17	1391	84	-17	17	1391	84	-17	17	1391	84	-17	17	1391	84	-17	17	1391	84	-17	17	1391	84	-17	17	1391	84	-17	17	1391	84	-17	17	1391	84	-17	17	1391	84	-17	17	1391	84	-17	17	1391	84	-17	17	1391	84	-17	17	1391	84	-17	17	1391	84	-17	17	1391	84	-17	17	1391	84	-17	17	1391	84	-17	17	1391	84	-17	17	1391	84	-17	17	1391
85	-118	19	1410	85	-118	19	1410	85	-118	19	1410	85	-118	19	1410	85	-118	19	1410	85	-118	19	1410	85	-118	19	1410	85	-118	19	1410	85	-118	19	1410	85	-118	19	1410	85	-118	19	1410	85	-118	19	1410	85	-118	19	1410	85	-118	19	1410	85	-118	19	1410	85	-118	19	1410	85	-118	19	1410	85	-118	19	1410	85	-118	19	1410	85	-118	19	1410	85	-118	19	1410	85	-118	19	1410	85	-118	19	1410
86	-13	13	1423	86	-13	13	1423	86	-13	13	1423	86	-13	13	1423	86	-13	13	1423	86	-13	13	1423	86	-13	13	1423	86	-13	13	1423	86	-13	13	1423	86	-13	13	1423	86	-13	13	1423	86	-13	13	1423	86	-13	13	1423	86	-13	13	1423	86	-13	13	1423	86	-13	13	1423	86	-13	13	1423	86	-13	13	1423	86	-13	13	1423	86	-13	13	1423	86	-13	13	1423	86	-13	13	1423	86	-13	13	1423
87	-16	16	1439	87	-16	16	1439	87	-16	16	1439	87	-16	16	1439	87	-16	16	1439	87	-16	16	1439	87	-16	16	1439	87	-16	16	1439	87	-16	16	1439	87	-16	16	1439	87	-16	16	1439	87	-16	16	1439	87	-16	16	1439	87	-16	16	1439	87	-16	16	1439	87	-16	16	1439	87	-16	16	1439	87	-16	16	1439	87	-16	16	1439	87	-16	16	1439	87	-16	16	1439	87	-16	16	1439	87	-16	16	1439
88	-13	13	1452	88	-13	13	1452	88	-13	13	1452	88	-13	13	1452	88	-13	13	1452	88	-13	13	1452	88	-13	13	1452	88	-13	13	1452	88	-13	13	1452	88	-13	13	1452	88	-13	13	1452	88	-13	13	1452	88	-13	13	1452	88	-13	13	1452	88	-13	13	1452	88	-13	13	1452	88	-13	13	1452	88	-13	13	1452	88	-13	13	1452	88	-13	13	1452	88	-13	13	1452	88	-13	13	1452	88	-13	13	1452
89	-15	15	1467	89	-15	15	1467	89	-15	15	1467	89	-15	15	1467	89	-15	15	1467	89	-15	15	1467	89	-15	15	1467	89	-15	15	1467	89	-15	15	1467	89	-15	15	1467	89	-15	15	1467	89	-15	15	1467	89	-15	15	1467	89	-15	15	1467	89	-15	15	1467	89	-15	15	1467	89	-15	15	1467	89	-15	15	1467	89	-15	15	1467	89	-15	15	1467	89	-15	15	1467	89	-15	15	1467	89	-15	15	1467
90	-225	27	1494	90	-225	27	1494	90	-225	27	1494	90	-225	27	1494	90	-225	27	1494	90	-225	27	1494	90	-225	27	1494	90	-225	27	1494	90	-225	27	1494	90	-225	27	1494	90	-225	27	1494	90	-225	27	1494	90	-225	27	1494	90	-225	27	1494	90	-225	27	1494	90	-225	27	1494	90	-225	27	1494	90	-225	27	1494	90	-225	27	1494	90	-225	27	1494	90	-225	27	1494	90	-225	27	1494	90	-225	27	1494
91	-13	13	1507	91	-13	13	1507	91	-13	13	1507	91	-13	13	1507	91	-13	13	1507	91	-13	13	1507	91	-13	13	1507	91	-13	13	1507	91	-13	13	1507	91	-13	13	1507	91	-13	13	1507	91	-13	13	1507	91	-13	13	1507	91	-13	13	1507	91	-13	13	1507	91	-13	13	1507	91	-13	13	1507	91	-13	13	1507	91	-13	13	1507	91	-13	13	1507	91	-13	13	1507	91	-13	13	1507	91	-13	13	1507
92	-13	13	1520	92	-13	13	1520	92	-13	13	1520	92	-13	13	1520	92	-13	13	1520	92	-13	13	1520	92	-13	13	1520	92	-13	13	1520	92	-13	13	1520	92	-13	13	1520	92	-13	13	1520	92	-13	13	1520	92	-13	13	1520	92	-13	13	1520	92	-13	13	1520	92	-13	13	1520	92	-13	13	1520	92	-13	13	1520	92	-13	13	1520	92	-13	13	1520	92	-13	13	1520	92	-13	13	1520	92	-13	13	1520
93	-13	13	1533	93	-13	13	1533	93	-13	13	1533	93	-13	13	1533	93	-13	13	1533	93	-13	13	1533	93	-13	13	1533	93	-13	13	1533	93	-13	13	1533	93	-13	13	1533	93	-13	13	1533	93	-13	13	1533	93	-13	13	1533	93	-13	13	1533	93	-13	13	1533	93	-13	13	1533	93	-13	13	1533	93	-13	13	1533	93	-13	13	1533	93	-13	13	1533	93	-13	13	1533	93	-13	13	1533	93	-13	13	1533
94	-124	25	1558	94	-124	25	1558	94	-124	25	1558	94	-124	25	1558	94	-124	25	1558	94	-124	25	1558	94	-124	25	1558	94	-124	25	1558	94	-124	25	1558	94	-124	25	1558	94	-124	25	1558	94	-124	25	1558	94	-124	25	1558	94	-124	25	1558	94	-124	25	1558	94	-124	25	1558	94	-124	25	1558	94	-124	25	1558	94	-124	25	1558	94	-124	25	1558	94	-124	25	1558	94	-124	25	1558	94	-124	25	1558
95	-121	22	1580	95	-121	22	1580	95	-121	22	1580	95	-121	22	1580	95	-121	22	1580	95	-121	22	1580	95	-121	22	1580	95	-121	22	1580	95	-121	22	1580	95	-121	22	1580	95	-121	22	1580	95	-121	22	1580	95	-121	22	1580	95	-121	22	1580	95	-121	22	1580	95	-121	22	1580	95	-121	22	1580	95	-121	22	1580	95	-121	22	1580	95	-121	22	1580	95	-121	22	1580	95	-121	22	1580	95	-121	22	1580
96	-13	13	1593	96	-13	13	1593	96	-13	13	1593	96	-13	13	1593	96	-13	13	1593	96	-13	13	1593	96	-13	13	1593	96	-13	13	1593	96	-13	13	1593	96	-13	13	1593	96	-13	13	1593	96	-13	13	1593	96	-13	13	1593	96	-13	13	1593	96	-13	13	1593	96	-13	13	1593	96	-13	13	1593	96	-13	13	1593	96	-13	13	1593	96	-13	13	1593	96	-13	13	1593	96	-13	13	1593	96	-13	13	1593
97	-13	13	1606	97	-13	13	1606	97	-13	13	1606	97	-13	13	1606	97	-13	13	1606	97	-13	13	1606	97	-13	13	1606	97	-13	13	1606	97	-13	13	1606	97	-13	13	1606	97	-13	13	1606	97	-13	13	1606	97	-13	13	1606	97	-13	13	1606	97	-13	13	1606	97	-13	13	1606	97	-13	13	1606	97	-13	13	1606	97	-13	13	1606	97	-13	13	1606	97	-13	13	1606	97	-13	13	1606	97	-13	13	1606
98	-13	13	1619	98	-13	13	1619	98	-13	13	1619	98	-13	13	1619	98	-13	13	1619	98	-13	13	1619	98	-13	13	1619	98	-13	13	1619	98	-13	13	1619	98	-13	13	1619	98	-13	13	1619	98	-13	13	1619	98	-13	13	1619	98	-13	13	1619	98	-13	13	1619	98	-13	13	1619	98	-13	13	1619	98	-13	13	1619	98	-13	13	1619	98	-13	13	1619	98	-13	13	1619	98	-13	13	1619	98	-13	13	1619
99	-13	13	1632	99	-13	13	1632	99	-13	13	1632	99	-13	13	1632	99	-13	13	1632	99	-13	13	1632	99	-13	13	1632	99	-13	13	1632	99	-13	13	1632	99	-13	13	1632	99	-13	13	1632	99	-13	13	1632	99	-13	13	1632	99	-13	13	1632	99	-13	13	1632	99	-13	13	1632	99	-13	13	1632	99	-13	13	1632	99	-13	13	1632	99	-13	13	1632	99	-13	13	1632	99	-13	13	1632	99	-13	13	1632
100	-15	15	1647	100	-15	15	1647	100	-15	15	1647	100	-15	15	1647	100	-15	15	1647	100	-15	15	1647	100	-15	15	1647	100	-15	15	1647	100	-15	15	1647	100	-15	15	1647	100	-15	15	1647	100	-15	15	1647	100	-15	15	1647	100	-15	15	1647	100	-15	15	1647	100	-15	15	1647	100	-15	15	1647	100	-15	15	1647	100	-15	15	1647	100	-15	15	1647	100	-15	15	1647	100	-15	15	1647	100	-15	15	1647
101	-13	13	1660	101	-13	13	1660	101	-13	13	1660	101	-13	13	1660	101	-13	13	1660	101	-13	13	1660	101	-13	13	1660	101	-13	13	1660	101	-13	13	1660	101	-13	13	1660	101	-13	13	1660	101	-13	13	1660	101	-13	13	1660	101	-13	13	1660	101	-13	13	1660	101	-13	13	1660	101	-13	13	1660	101	-13	13	1660	101	-13	13	1660	101	-13	13	1660	101	-13	13	1660	101	-13	13	1660	101	-13	13	1660
102	-13	13	1673	102	-13	13	1673	102	-13	13	1673	102	-13	13	1673	102	-13	13	1673	102	-13	13	1673	102	-13	13	1673	102	-13	13	1673	102	-13	13	1673	102	-13	13	1673	102	-13	13	1673	102	-13	13	1673	102	-13	13	1673	102	-13	13	1673	102	-13	13	1673	102	-13	13	1673	102	-13	13	1673	102	-13	13	1673	102	-13	13	1673	102	-13	13	1673	102	-13	13	1673	102	-13	13	1673	102	-13	13	1673
103	-14	14	1687	103	-14	14	1687	103	-14	14	1687	103	-14	14	1687	103	-14	14	1687	103	-14	14	1687	103	-14	14	1687	103	-14	14	1687	103	-14	14	1687	103	-14	14	1687	103	-14	14	1687	103	-14	14	1687	103	-14	14	1687	103	-14	14	1687	103	-14	14	1687	103	-14	14	1687	103	-14	14	1687	103	-14	14	1687	103	-14	14	1687	103	-14	14	1687	103	-14	14	1687	103	-14	14	1687	103	-14	14	1687
104	-14	14	1701	104	-14	14	1701	104	-14	14	1701	104	-14	14	1701	104	-14	14	1701	104	-14	14	1701	104	-14	14	1701	104	-14	14	1701	104	-14	14	1701	104	-14	14	1701	104	-14	14	1701	104	-14	14	1701	104	-14	14	1701	104	-14	14	1701	104	-14	14	1701	104	-14	14	1701	104	-14	14	1701	104	-14	14	1701	104	-14	14	1701	104	-14	14	1701	104	-14	14	1701	104	-14	14	1701	104	-14	14	1701
105	-13	13	1714	105	-13	13	1714	105	-13	13	1714	105	-13	13	1714	105	-13	13	1714	105	-13	13	1714	105	-13	13	1714	105	-13	13	1714	105	-13	13	1714	105	-13	13	1714	105	-13	13	1714	105	-13	13	1714	105	-13	13	1714	105	-13	13	1714	105	-13	13	1714	105	-13	13	1714	105	-13	13	1714	105	-13	13	1714	105	-13	13	1714	105	-13	13	1714	105	-13	13	1714	105	-13	13	1714	105	-13	13	1714
106	-17	17	1731	106	-17	17	1731	106	-17	17	1731	106	-17	17	1731	106	-17	17	1731	106	-17	17	1731	106	-17	17	1731	106	-17	17	1731	106	-17	17	1731	106	-17	17	1731	106	-17	17	1731	106	-17	17	1731	106	-17	17	1731	106	-17	17	1731	106	-17	17	1731	106	-17	17	1731	106	-17	17	1731	106	-17	17	1731	106	-17	17	1731	106	-17	17	1731	106	-17	17	1731	106	-17	17	1731	106	-17	17	1731
107	-15	15	1746	107	-15	15	1746	107	-15	15	1746	107	-15	15	1746	107	-15	15	1746	107	-15	15	1746	107	-15	15	1746	107	-15	15	1746	107	-15	15	1746	107	-15	15	1746	107	-15	15	1746	107	-15	15	1746	107	-15	15	1746	107	-15	15	1746	107	-15	15	1746	107	-15	15	1746	107	-15	15	1746	107	-15	15	1746	107	-15	15	1746	107	-15	15	1746	107	-15	15	1746	107	-15	15	1746	107	-15	15	1746
108	-13	13	1759	108	-13	13	1759	108	-13	13	1759	108	-13	13	1759	108	-13	13	1759	108	-13	13	1759	108	-13	13	1759	108	-13	13	1759	108	-13	13	1759	108	-13	13	1759	108	-13	13	1759	108	-13	13	1759	108	-13	13	1759	108	-13	13	1759	108	-13	13	1759	108	-13	13	1759	108	-13	13	1759	108	-13	13	1759	108	-13	13	1759	108	-13	13	1759	108	-13	13	1759	108	-13	13	1759	108	-13	13	1759
109	-14	14	1773	109	-14	14	1773	109	-14	14	1773	109	-14	14	1773	109	-14	14	1773	109	-14	14	1773	109	-14	14	1773	109	-14	14	1773	109	-14	14	1773	109	-14	14	1773	109	-14	14	1773	109	-14	14	1773	109	-14	14	1773	109	-14	14	1773	109	-14	14	1773	109	-14	14	1773	109	-14	14	1773	109	-14	14	1773	109	-14	14	1773	109	-14	14	1773	109	-14	14	1773	109	-14	14	1773	109	-14	14	1773
110	-15	15	1788	110	-15	15	1788	110	-15	15	1788	110	-15	15	1788	110	-15	15	1788	110	-15	15	1788	110	-15	15	1788	110	-15	15	1788	110	-15	15	1788	110	-15	15	1788	110	-15	15	1788	110	-15	15	1788	110	-15	15	1788	110	-15	15	1788	110	-15	15	1788	110	-15	15	1788	110	-15	15	1788	110	-15	15	1788	110	-15	15	1788	110	-15	15	1788	110	-15	15	1788	110	-15	15	1788	110	-15	15	1788
111	-17	17	1805	111	-17	17	1805	111	-17	17	1805	111	-17	17	1805	111	-17	17	1805	111	-17	17	1805	111	-17	17	1805	111	-17	17	1805	111	-17	17	1805	111	-17	17	1805	111	-17	17	1805	111	-17	17	1805	111	-17	17	1805	111	-17	17	1805	111	-17	17	1805	111	-17	17	1805	111	-17	17	1805	111	-17	17	1805	111	-17	17	1805	111	-17	17	1805	111	-17	17	1805	111	-17	17	1805	111	-17	17	1805
112	-116	17	1822	112	-116	17	1822	112	-116	17	1822	112	-116	17	1822	112	-116	17	1822	112	-116	17	1822	112	-116	17	1822	112	-116	17	1822	112	-116	17	1822	112	-116	17	1822	112	-116	17	1822	112	-116	17	1822	112	-116	17	1822	112	-116	17	1822	112	-116	17	1822	112	-116	17	1822	112	-116	17	1822	112	-116	17	1822	112	-116	17	1822	112	-116	17	1822	112	-116	17	1822	112	-116	17	1822	112	-116	17	1822
113	-126	27	1849	113	-126	27	1849	113	-126	27	1849	113	-126	27	1849	113	-126	27	1849	113	-126	27	1849	113	-126	27	1849	113	-126	27	1849	113	-126	27	1849	113	-126	27	1849	113	-126	27	1849	113	-126	27	1849	113	-126	27	1849	113	-126	27	1849	113	-126	27	1849	113	-126	27	1849	113	-126	27	1849	113	-126	27	1849	113	-126	27	1849	113	-126	27	1849	113	-126	27	1849	113	-126	27	1849	113	-126	27	1849
114	-13	13	1862	114	-13	13	1862	114	-13	13	1862	114	-13	13	1862	114	-13	13	1862	114	-13	13	1862	114	-13	13	1862	114	-13	13	1862	114	-13	13	1862	114	-13	13	1862	114	-13	13	1862	114	-13	13	1862	114	-13	13	1862	114	-13	13	1862	114	-13	13	1862	114	-13	13	1862	114	-13	13	1862	114	-13	13	1862	114	-13	13	1862	114	-13	13	1862	114	-13	13	1862	114	-13	13	1862	114	-13	13	1862
115	-17	17	1879	115	-17	17	1879	115	-17	17	1879	115	-17	17	1879	115	-17	17	1879	115	-17	17	1879	115	-17	17	1879	115	-17	17	1879	115	-17	17	1879	115	-17	17	1879	115	-17	17	1879	115	-17	17	1879	115	-17	17	1879	115	-17	17	1879	115	-17	17	1879	115	-17	17	1879	115	-17	17	1879	115	-17	17	1879	115	-17	17	1879	115	-17	17	1879	115	-17	17	1879	115	-17	17	1879	115	-17	17	1879
116	-226	28	1907	116	-226	28	1907	116	-226	28	1907	116	-226	28	1907	116	-226	28	1907	116	-226	28	1907	116	-226	28	1907	116	-226	28	1907	116	-226	28	1907	116	-226	28	1907	116	-226	28	1907	116	-226	28	1907	116	-226	28	1907	116	-226	28	1907	116	-226	28	1907	116	-226	28	1907	116	-226	28	1907	116	-226	28	1907	116	-226	28	1907	116	-226	28	1907	116	-226	28	1907	116	-226	28	1907	116	-226	28	1907
117	-113	14	1921	117	-113	14	1921	117	-113	14	1921	117	-113	14	1921	117	-113	14	1921	117	-113	14	1921	117	-113	14	1921	117	-113	14	1921	117	-113	14	1921	117	-113	14	1921	117	-113	14	1921	117	-113	14	1921	117	-113	14	1921	117	-113	14	1921	117	-113	14	1921	117	-113	14	1921	117	-113	14	1921	117	-113	14	1921	117	-113	14	1921	117	-113	14	1921	117	-113	14	1921	117	-113	14	1921	117	-113	14	1921
118	-15	15	1936	118	-15	15	1936	118	-15	15	1936	118	-15	15	1936	118	-15	15	1936	118	-15	15	1936	118	-15	15	1936	118	-15	15	1936	118	-15	15	1936	118	-15	15	1936	118	-15	15	1936	118	-15	15	1936	118	-15	15	1936	118	-15	15	1936	118	-15	15	1936	118	-15	15	1936	118	-15	15	1936	118	-15	15	1936	118	-15	15	1936	118	-15	15	1936	118	-15	15	1936	118	-15	15	1936	118	-15	15	1936
119	-15	15	1951	119	-15	15	1951	119	-15	15	1951	119	-15	15	1951	119	-15	15	1951	119	-15	15	1951	119	-15	15	1951	119	-15	15	1951	119	-15	15	1951	119	-15	15	1951	119	-15	15	1951	119	-15	15	1951	119	-15	15	1951	119	-15	15	1951	119	-15	15	1951	119	-15	15	1951	119	-15	15	1951	119	-15	15	1951	119	-15	15	1951	119	-15	15	1951	119	-15	15	1951	119	-15	15	1951	119	-15	15	1951
120	-15	15	1966	120	-15	15	1966	120	-15	15	1966	120	-15	15	1966	120	-15	15	1966	120	-15	15	1966	120	-15	15	1966	120	-15	15	1966	120	-15	15	1966	120	-15	15	1966	120	-15	15	1966	120	-15	15	1966	120	-15	15	1966	120	-15	15	1966	120	-15	15	1966	120	-15	15	1966	120	-15	15	1966	120	-15	15	1966	120	-15	15	1966	120	-15	15	1966	120	-15	15	1966	120	-15	15	1966	120	-15	15	1966
121	-15	15	1981	121	-15	15	1981	121	-15	15	1981	121	-15	15	1981	121	-15	15	1981	121	-15	15	1981	121	-15	15	1981	121	-15	15	1981	121	-15	15	1981	121	-15	15	1981	121	-15	15	1981	121	-15	15	1981	121	-15	15	1981	121	-15	15	1981	121	-15	15	1981	121	-15	15	1981	121	-15	15	1981	121	-15	15	1981	121	-15	15	1981	121	-15	15	1981	121	-15	15	1981	121	-15	15	1981	121	-15	15	1981
122	-13	13	1994	122	-13	13	1994	122	-13	13	1994	122	-13	13	1994	122	-13	13	1994	122	-13	13	1994	122	-13	13	1994	122	-13	13	1994	122	-13	13	1994	122	-13	13	1994	122	-13	13	1994	122	-13	13	1994	122	-13	13	1994	122	-13	13	1994	122	-13	13	1994	122	-13	13	1994	122	-13	13	1994	122	-13	13	1994	122	-13	13	1994	122	-13	13	1994	122	-13	13	1994	122	-13	13	1994	122	-13	13	1994
123	-17	17	2011	123	-17	17	2011	123	-17	17	2011	123	-17	17	2011	123	-17	17	2011	123	-17	17	2011	123	-17	17	2011	123	-17	17	2011	123	-17	17	2011	123	-17	17	2011	123	-17	17	2011	123	-17	17	2011	123	-17	17	2011	123	-17	17	2011	123	-17	17	2011	123	-17	17	2011	123	-17	17	2011	123	-17	17	2011	123	-17	17	2011	123	-17	17	2011	123	-17	17	2011	123	-17	17	2011	123	-17	17	2011
124	-13	13	2024	124	-13	13	2024	124	-13	13	2024	124	-13	13	2024	124	-13	13	2024	124	-13	13	2024	124	-13	13	2024	124	-13	13	2024	124	-13	13	2024	124	-13	13	2024	124	-13	13	2024	124	-13	13	2024	124	-13	13	2024	124	-13	13	2024	124	-13	13	2024	124	-13	13	2024	124	-13	13	2024	124	-13	13	2024	124	-13	13	2024	124	-13	13	2024	124	-13	13	2024	124	-13	13	2024	124	-13	13	2024
125	-13	13	2037	125	-13	13	2037	125	-13	13	2037	125	-13	13	2037	125	-13	13	2037	125	-13	13	2037	125	-13	13	2037	125	-13	13	2037	125	-13	13	2037	125	-13	13	2037	125	-13	13	2037	125	-13	13	2037	125	-13	13	2037	125	-13	13	2037	125	-13	13	2037	125	-13	13	2037	125	-13	13	2037	125	-13	13	2037	125	-13	13	2037	125	-13	13	2037	125	-13	13	2037	125	-13	13	2037	125	-13	13	2037
126	-18	18	2055	126	-18	18	2055	126	-18	18	2055	126	-18	18	2055	126	-18	18	2055	126	-18	18	2055	126	-18	18	2055	126	-18	18	2055	126	-18	18	2055	126	-18	18	2055	126	-18	18	2055	126	-18	18	2055	126	-18	18	2055	126	-18	18	2055	126	-18	18	2055	126	-18	18	2055	126	-18	18	2055	126	-18	18	2055	126	-18	18	2055	126	-18	18	2055	126	-18	18	2055	126	-18	18	2055	126	-18	18	2055
127	-116	17	2072	127	-116	17	2072	127	-116	17	2072	127	-116	17	2072	127	-116	17	2072	127	-116	17	2072	127	-116	17	2072	127	-116	17	2072	127	-116	17	2072	127	-116	17	2072	127	-116	17	2072	127	-116	17	2072	127	-116	17	2072	127	-116	17	2072	127	-116	17	2072	127	-116	17	2072	127	-116	17	2072	127	-116	17	2072	127	-116	17	2072	127	-116	17	2072	127	-116	17	2072	127	-116	17	2072	127	-116	17	2072
128	-13	13	2085	128	-13	13	2085	128	-13	13	2085	128	-13	13	2085	128	-13	13	2085	128	-13	13	2085	128	-13	13	2085	128	-13	13	2085	128	-13	13	2085	128	-13	13	2085	128	-13	13	2085	128	-13	13	2085	128	-13	13	2085	128	-13	13	2085	128	-13	13	2085	128	-13	13	2085	128	-13	13	2085	128	-13	13	2085	128	-13	13	2085	128	-13	13	2085	128	-13	13	2085	128	-13	13	2085	128	-13	13	2085
129	-15	15	2100	129	-15	15	2100	129	-15	15	2100	129	-15	15	2100	129	-15	15	2100	129	-15	15	2100	129	-15	15	2100	129	-15	15	2100	129	-15	15	2100	129	-15	15	2100	129	-15	15	2100	129	-15	15	2100	129	-15	15	2100	129	-15	15	2100	129	-15	15	2100	129	-15	15	2100	129	-15	15	2100	129	-15	15	2100	129	-15	15	2100	129	-15	15	2100	129	-15	15	2100	129	-15	15	2100	129	-15	15	2100
130	-17	17	2117	130	-17	17	2117	130	-17	17	2117	130	-17	17	2117	130	-17	17	2117	130	-17	17	2117	130	-17	17	2117	130	-17	17	2117	130	-17	17	2117	130	-17	17	2117	130	-17	17	2117	130	-17	17	2117	130	-17	17	2117	130	-17	17	2117	130	-17	17	2117	130	-17	17	2117	130	-17	17	2117	130	-17	17	2117	130	-17	17	2117	130	-17	17	2117	130	-17	17	2117	130	-17	17	2117	130	-17	17	2117
131	-13	13	2130	131	-13	13	2130	131	-13	13	2130	131	-13	13	2130	131	-13	13	2130	131	-13	13	2130	131	-13	13	2130	131	-13	13	2130	131	-13	13	2130	131	-13	13	2130	131	-13	13	2130	131	-13	13	2130	131	-13	13	2130	131	-13	13	2130	131	-13	13	2130	131	-13	13	2130	131	-13	13	2130	131	-13	13	2130	131	-13	13	2130	131	-13	13	2130	131	-13	13	2130	131	-13	13	2130	131	-13	13	2130
132	-17	17	2147	132	-17	17	2147	132	-17	17	2147	132	-17	17	2147	132	-17	17	2147	132	-17	17	2147	132	-17	17	2147	132	-17	17	2147	132	-17	17	2147	132	-17	17	2147	132	-17	17	2147	132	-17	17	2147	132	-17	17	2147	132	-17	17	2147	132	-17	17	2147	132	-17	17	2147	132	-17	17	2147	132	-17	17	2147	132	-17	17	2147	132	-17	17	2147	132	-17	17	2147	132	-17	17	2147	132	-17	17	2147
133	-16	16	2163	133	-16	16	2163	133	-16	16	2163	133	-16	16	2163	133	-16	16	2163	133	-16	16	2163	133	-16	16	2163	133	-16	16	2163	133	-16	16	2163	133	-16	16	2163	133	-16	16	2163	133	-16	16	2163	133	-16	16	2163	133	-16	16	2163	133	-16	16	2163	133	-16	16	2163	133	-16	16	2163	133	-16	16	2163	133	-16	16	2163	133	-16	16	2163	133	-16	16	2163	133	-16	16	2163	133	-16	16	2163
134	-13	13	2176	134	-13	13	2176	134	-13	13	2176	134	-13	13	2176	134	-13	13	2176	134	-13	13	2176	134	-13	13	2176	134	-13	13	2176	134	-13	13	2176	134	-13	13	2176	134	-13	13	2176	134	-13	13	2176	134	-13	13	2176	134	-13	13	2176	134	-13	13	2176	134	-13	13	2176	134	-13	13	2176	134	-13	13	2176	134	-13	13	2176	134	-13	13	2176	134	-13	13	2176	134	-13	13	2176	134	-13	13	2176
135	-17	17	2193	135	-17	17	2193	135	-17	17	2193	135	-17	17	2193	135	-17	17	2193	135	-17	17	2193	135	-17	17	2193	135	-17	17	2193	135	-17	17	2193	135	-17	17	2193	135	-17	17	2193	135	-17	17	2193	135	-17	17	2193	135	-17	17	2193	135	-17	17	2193	135	-17	17	2193	135	-17	17	2193	135	-17	17	2193	135	-17	17	2193	135	-17	17	2193	135	-17	17	2193	135	-17	17	2193	135	-17	17	2193
136	-13	13	2206	136	-13	13	2206	136	-13	13	2206	136	-13	13	2206	136	-13	13	2206	136	-13	13	2206	136	-13	13	2206	136	-13	13	2206	136	-13	13	2206	136	-13	13	2206	136	-13	13	2206	136	-13	13	2206	136	-13	13	2206	136	-13	13	2206	136	-13	13	2206	136	-13	13	2206	136	-13	13	2206	136	-13	13	2206	136	-13	13	2206	136	-13	13	2206	136	-13	13	2206	136	-13	13	2206	136	-13	13	2206
137	-18	18	2224	137	-18	18	2224	137	-18	18	2224	137	-18	18	2224	137	-18	18	2224	137	-18	18	2224	137	-18	18	2224	137	-18	18	2224	137	-18	18	2224	137	-18	18	2224	137	-18	18	2224	137	-18	18	2224	137	-18	18	2224	137	-18	18	2224	137	-18	18	2224	137	-18	18	2224	137	-18	18	2224	137	-18	18	2224	137	-18	18	2224	137	-18	18	2224	137	-18	18	2224	137	-18	18	2224	137	-18	18	2224
138	-13	13	2237	138	-13	13	2237	138	-13	13	2237	138	-13	13	2237	138	-13	13	2237	138	-13	13	2237	138	-13	13	2237	138	-13	13	2237	138	-13	13	2237	138	-13	13	2237	138	-13	13	2237	138	-13	13	2237	138	-13	13	2237	138	-13	13	2237	138	-13	13	2237	138	-13	13	2237	138	-13	13	2237	138	-13	13	2237	138	-13	13	2237	138	-13	13	2237	138	-13	13	2237	138	-13	13	2237	138	-13	13	2237
139	-13	13	2250	139	-13	13	2250	139	-13	13	2250	139	-13	13	2250	139	-13	13	2250	139	-13	13	2250	139	-13	13	2250	139	-13	13	2250	139	-13	13	2250	139	-13	13	2250	139	-13	13	2250	139	-13	13	2250	139	-13	13	2250	139	-13	13	2250	139	-13	13	2250	139	-13	13	2250	139	-13	13	2250	139	-13	13	2250	139	-13	13	2250	139	-13	13	2250	139	-13	13	2250	139	-13	13	2250	139	-13	13	2250
140	-222	24	2274	140	-222	24	2274	140	-222	24	2274	140	-222	24	2274	140	-222	24	2274	140	-222	24	2274	140	-222	24	2274	140	-222	24	2274	140	-222	24	2274	140	-222	24	2274	140	-222	24	2274	140	-222	24	2274	140	-222	24	2274	140	-222	24	2274	140	-222	24	2274	140	-222	24	2274	140	-222	24	2274	140	-222	24	2274	140	-222	24	2274	140	-222	24	2274	140	-222	24	2274	140	-222	24	2274	140	-222	24	2274
141	-18	18	2292	141	-18	18	2292	141	-18	18	2292	141	-18	18	2292	141	-18	18	2292	141	-18	18	2292	141	-18	18	2292	141	-18	18	2292	141	-18	18	2292	141	-18	18	2292	141	-18	18	2292	141	-18	18	2292	141	-18	18	2292	141	-18	18	2292	141	-18	18	2292	141	-18	18	2292	141	-18	18	2292	141	-18	18	2292	141	-18	18	2292	141	-18	18	2292	141	-18	18	2292	141	-18	18	2292	141	-18	18	2292
142	-13	13	2305	142	-13	13	2305	142	-13	13	2305	142	-13	13	2305	142	-13	13	2305	142	-13	13	2305	142	-13	13	2305	142	-13	13	2305	142	-13	13	2305	142	-13	13	2305	142	-13	13	2305	142	-13	13	2305	142	-13	13	2305	142	-13	13	2305	142	-13	13	2305	142	-13	13	2305	142	-13	13	2305	142	-13	13	2305	142	-13	13	2305	142	-13	13	2305	142	-13	13	2305	142	-13	13	2305	142	-13	13	2305
143	-13	13	2318	143	-13	13	2318	143	-13	13	2318	143	-13	13	2318	143	-13	13	2318	143	-13	13	2318	143	-13	13	2318	143	-13	13	2318	143	-13	13	2318	143	-13	13	2318	143	-13	13	2318	143	-13	13	2318	143	-13	13	2318	143	-13	13	2318	143	-13	13	2318	143	-13	13	2318	143	-13	13	2318	143	-13	13	2318	143	-13	13	2318	143	-13	13	2318	143	-13	13	2318	143	-13	13	2318	143	-13	13	2318
144	-14	14	2332	144	-14	14	2332	144	-14	14	2332	144	-14	14	2332	144	-14	14	2332	144	-14	14	2332	144	-14	14	2332	144	-14	14	2332	144	-14	14	2332	144	-14	14	2332	144	-14	14	2332	144	-14	14	2332	144	-14	14	2332	144	-14	14	2332	144	-14	14	2332	144	-14	14	2332	144	-14	14	2332	144	-14	14	2332	144	-14	14	2332	144	-14	14	2332	144	-14	14	2332	144	-14	14	2332	144	-14	14	2332
145	-13	13	2345	145	-13	13	2345	145	-13	13	2345	145	-13	13	2345	145	-13	13	2345	145	-13	13	2345	145	-13	13	2345	145	-13	13	2345	145	-13	13	2345	145	-13	13	2345	145	-13	13	2345	145	-13	13	2345	145	-13	13	2345	145	-13	13	2345	145	-13	13	2345	145	-13	13	2345	145	-13	13	2345	145	-13	13	2345	145	-13	13	2345	145	-13	13	2345	145	-13	13	2345	145	-13	13	2345	145	-13	13	2345
146	-17	17	2362	146	-17	17	2362	146	-17	17	2362	146	-17	17	2362	146	-17	17	2362	146	-17	17	2362	146	-17	17	2362	146	-17	17	2362	146	-17	17	2362	146	-17	17	2362	146	-17	17	2362	146	-17	17	2362	146	-17	17	2362	146	-17	17	2362	146	-17	17	2362	146	-17	17	2362	146	-17	17	2362	146	-17	17	2362	146	-17	17	2362	146	-17	17	2362	146	-17	17	2362	146	-17	17	2362	146	-17	17	2362
147	-13	13	2375	147	-13	13	2375	147	-13	13	2375	147	-13	13	2375	147	-13	13	2375	147	-13	13	2375	147	-13	13	2375	147	-13	13	2375	147	-13	13	2375	147	-13	13	2375	147	-13	13	2375	147	-13	13	2375	147	-13	13	2375	147	-13	13	2375	147	-13	13	2375	147	-13	13	2375	147	-13	13	2375	147	-13	13	2375	147	-13	13	2375	147	-13	13	2375	147	-13	13	2375	147	-13	13	2375	147	-13	13	2375
148	-13	13	2388	148	-13	13	2388	148	-13	13	2388	148	-13	13	2388	148	-13	13	2388	148	-13	13	2388	148	-13	13	2388	148	-13	13	2388	148	-13	13	2388	148	-13	13	2388	148	-13	13	2388	148	-13	13	2388	148	-13	13	2388	148	-13	13	2388	148	-13	13	2388	148	-13	13	2388	148	-13	13	2388	148	-13	13	2388	148	-13	13	2388	148	-13	13	2388	148	-13	13	2388	148	-13	13	2388	148	-13	13	2388
149	-15	15	2403	149	-15	15	2403	149	-15	15	2403	149	-15	15	2403	149	-15	15	2403	149	-15	15	2403	149	-15	15	2403	149	-15	15	2403	149	-15	15	2403	149	-15	15	2403	149	-15	15	2403	149	-15	15	2403	149	-15	15	2403	149	-15	15	2403	149	-15	15	2403	149	-15	15	2403	149	-15	15	2403	149	-15	15	2403	149	-15	15	2403	149	-15	15	2403	149	-15	15	2403	149	-15	15	2403	149	-15	15	2403
150	-20	20	2423	150	-20	20	2423	150	-20	20	2423	150	-20	20	2423	150	-20	20	2423	150	-20	20	2423	150	-20	20	2423	150	-20	20	2423	150	-20	20	2423	150	-20	20	2423	150	-20	20	2423	150	-20	20	2423	150	-20	20	2423	150	-20	20	2423	150	-20	20	2423	150	-20	20	2423	150	-20	20	2423	150	-20	20	2423	150	-20	20	2423	150	-20	20	2423	150	-20	20	2423	150	-20	20	2423	150	-20	20	2423
151	-13	13	2436	151	-13	13	2436	151	-13	13	2436	151	-13	13	2436	151	-13	13	2436	151	-13	13	2436	151	-13	13	2436	151	-13	13	2436	151	-13	13	2436	151	-13	13	2436	151	-13	13	2436	151	-13	13	2436	151	-13	13	2436	151	-13	13	2436	151	-13	13	2436	151	-13	13	2436	151	-13	13	2436	151	-13	13	2436	151	-13	13	2436	151	-13	13	2436	151	-13	13	2436	151	-13	13	2436	151	-13	13	2436
152	-15	15	2451	152	-15	15	2451	152	-15	15	2451	152	-15	15	2451	152	-15	15	2451	152	-15	15	2451	152	-15	15	2451	152	-15	15	2451	152	-15	15	2451	152	-15	15	2451	152	-15	15	2451	152	-15	15	2451	152	-15	15	2451	152	-15	15	2451	152	-15	15	2451	152	-15	15	2451	152	-15	15	2451	152	-15	15	2451	152	-15	15	2451	152	-15	15	2451	152	-15	15	2451	152	-15	15	2451	152	-15	15	2451
153	-13	13	2464	153	-13	13	2464	153	-13	13	2464	153	-13	13	2464	153	-13	13	2464	153	-13	13	2464	153	-13	13	2464	153	-13	13	2464	153	-13	13	2464	153	-13	13	2464	153	-13	13	2464	153	-13	13	2464	153	-13	13	2464	153	-13	13	2464	153	-13	13	2464	153	-13	13	2464	153	-13	13	2464	153	-13	13	2464	153	-13	13	2464	153	-13	13	2464	153	-13	13	2464	153	-13	13	2464	153	-13	13	2464
154	-13	13	2477	154	-13	13	2477	154	-13	13	2477	154	-13	13	2477	154	-13	13	2477	154	-13	13	2477	154	-13	13	2477	154	-13	13	2477	154	-13	13	2477	154	-13	13	2477	154	-13	13	2477	154	-13	13	2477	154	-13	13	2477	154	-13	13	2477	154	-13	13	2477	154	-13	13	2477	154	-13	13	2477	154	-13	13	2477	154	-13	13	2477	154	-13	13	2477	154	-13	13	2477	154	-13	13	2477	154	-13	13	2477
155	-13	13	2490	155	-13	13	2490	155	-13	13	2490	155	-13	13	2490	155	-13	13	2490	155	-13	13	2490	155	-13	13	2490	155	-13	13	2490	155	-13	13	2490	155	-13	13	2490	155	-13	13	2490	155	-13	13	2490	155	-13	13	2490	155	-13	13	2490	155	-13	13	2490	155	-13	13	2490	155	-13	13	2490	155	-13	13	2490	155	-13	13	2490	155	-13	13	2490	155	-13	13	2490	155	-13	13	2490	155	-13	13	2490
156	-16	16	2506	156	-16	16	2506	156	-16	16	2506	156	-16	16	2506	156	-16	16	2506	156	-16	16	2506	156	-16	16	2506	156	-16	16	2506	156	-16	16	2506	156	-16	16	2506	156	-16	16	2506	156	-16	16	2506	156	-16	16	2506	156	-16	16	2506	156	-16	16	2506	156	-16	16	2506	156	-16	16	2506	156	-16	16	2506	156	-16	16	2506	156	-16	16	2506	156	-16	16	2506	156	-16	16	2506	156	-16	16	2506
157	-13	13	2519	157	-13	13	2519	157	-13	13	2519	157	-13	13	2519	157	-13	13	2519	157	-13	13	2519	157	-13	13	2519	157	-13	13	2519	157	-13	13	2519	157	-13	13	2519	157	-13	13	2519	157	-13	13	2519	157	-13	13	2519	157	-13	13	2519	157	-13	13	2519	157	-13	13	2519	157	-13	13	2519	157	-13	13	2519	157	-13	13	2519	157	-13	13	2519	157	-13	13	2519	157	-13	13	2519	157	-13	13	2519
158	-14	14	2533	158	-14	14	2533	158	-14	14	2533	158	-14	14	2533	158	-14	14	2533	158	-14	14	2533	158	-14	14	2533	158	-14	14	2533	158	-14	14	2533	158	-14	14	2533	158	-14	14	2533	158	-14	14	2533	158	-14	14	2533	158	-14	14	2533	158	-14	14	2533	158	-14	14	2533	158	-14	14	2533	158	-14	14	2533	158	-14	14	2533	158	-14	14	2533	158	-14	14	2533	158	-14	14	2533	158	-14	14	2533
159	-15	15	2548	159	-15	15	2548	159	-15	15	2548	159	-15	15	2548	159	-15	15	2548	159	-15	15	2548	159	-15	15	2548	159	-15	15	2548	159	-15	15	2548	159	-15	15	2548	159	-15	15	2548	159	-15	15	2548	159	-15	15	2548	159	-15	15	2548	159	-15	15	2548	159	-15	15	2548	159	-15	15	2548	159	-15	15	2548	159	-15	15	2548	159	-15	15	2548	159	-15	15	2548	159	-15	15	2548	159	-15	15	2548
160	-122	23	2571	160	-122	23	2571	160	-122	23	2571	160	-122	23	2571	160	-122	23	2571	160	-122	23	2571	160	-122	23	2571	160	-122	23	2571	160	-122	23	2571	160	-122	23	2571	160	-122	23	2571	160	-122	23	2571	160	-122	23	2571	160	-122	23	2571	160	-122	23	2571	160	-122	23	2571	160	-122	23	2571	160	-122	23	2571	160	-122	23	2571	160	-122	23	2571	160	-122	23	2571	160	-122	23	2571	160	-122	23	2571
161	-14	14	2585	161	-14	14	2585	161	-14	14	2585	161	-14	14	2585	161	-14	14	2585	161	-14	14	2585	161	-14	14	2585	161	-14	14	2585	161	-14	14	2585	161	-14	14	2585	161	-14	14	2585	161	-14	14	2585	161	-14	14	2585	161	-14	14	2585	161	-14	14	2585	161	-14	14	2585	161	-14	14	2585	161	-14	14	2585	161	-14	14	2585	161	-14	14	2585	161	-14	14	2585	161	-14	14	2585	161	-14	14	2585
162	-124	25	2610	162	-124	25	2610	162	-124	25	2610	162	-124	25	2610	162	-124	25	2610	162	-124	25	2610	162	-124	25	2610	162	-124	25	2610	162	-124	25	2610	162	-124	25	2610	162	-124	25	2610	162	-124	25	2610	162	-124	25	2610	162	-124	25	2610	162	-124	25	2610	162	-124	25	2610	162	-124	25	2610	162	-124	25	2610	162	-124	25	2610	162	-124	25	2610	162	-124	25	2610	162	-124	25	2610	162	-124	25	2610
163	-120	21	2631	163	-120	21	2631	163	-120	21	2631	163	-120	21	2631	163	-120	21	2631	163	-120	21	2631	163	-120	21	2631	163	-120	21	2631	163	-120	21	2631	163	-120	21	2631	163	-120	21	2631	163	-120	21	2631	163	-120	21	2631	163	-120	21	2631	163	-120	21	2631	163	-120	21	2631	163	-120	21	2631	163	-120	21	2631	163	-120	21	2631	163	-120	21	2631	163	-120	21	2631	163	-120	21	2631	163	-120	21	2631
164	-13	13	2644	164	-13	13	2644	164	-13	13	2644	164	-13	13	2644	164	-13	13	2644	164	-13	13	2644	164	-13	13	2644	164	-13	13	2644	164	-13	13	2644	164	-13	13	2644	164	-13	13	2644	164	-13	13	2644	164	-13	13	2644	164	-13	13	2644	164	-13	13	2644	164	-13	13	2644	164	-13	13	2644	164	-13	13	2644	164	-13	13	2644	164	-13	13	2644	164	-13	13	2644	164	-13	13	2644	164	-13	13	2644
165	-13	13	2657	165	-13	13	2657	165	-13	13	2657	165	-13	13	2657	165	-13	13	2657	165	-13	13	2657	165	-13	13	2657	165	-13	13	2657	165	-13	13	2657	165	-13	13	2657	165	-13	13	2657	165	-13	13	2657	165	-13	13	2657	165	-13	13	2657	165	-13	13	2657	165	-13	13	2657	165	-13	13	2657	165	-13	13	2657	165	-13	13	2657	165	-13	13	2657	165	-13	13	2657	165	-13	13	2657	165	-13	13	2657
166	-13	13	2670	166	-13	13	2670	166	-13	13	2670	166	-13	13	2670	166	-13	13	2670	166	-13	13	2670	166	-13	13	2670	166	-13	13	2670	166	-13	13	2670	166	-13	13	2670	166	-13	13	2670	166	-13	13	2670	166	-13	13	2670	166	-13	13	2670	166	-13	13	2670	166	-13	13	2670	166	-13	13	2670	166	-13	13	2670	166	-13	13	2670	166	-13	13	2670	166	-13	13	2670	166	-13	13	2670	166	-13	13	2670
167	-15	15	2685	167	-15	15	2685	167	-15	15	2685	167	-15	15	2685	167	-15	15	2685	167	-15	15	2685	167	-15	15	2685	167	-15	15	2685	167	-15	15	2685	167	-15	15	2685	167	-15	15	2685	167	-15	15	2685	167	-15	15	2685	167	-15	15	2685	167	-15	15	2685	167	-15	15	2685	167	-15	15	2685	167	-15	15	2685	167	-15	15	2685	167	-15	15	2685	167	-15	15	2685	167	-15	15	2685	167	-15	15	2685
168	-13	13	2698	168	-13	13	2698	168	-13	13	2698	168	-13	13	2698	168	-13	13	2698	168	-13	13	2698	168	-13	13	2698	168	-13	13	2698	168	-13	13	2698	168	-13	13	2698	168	-13	13	2698	168	-13	13	2698	168	-13	13	2698	168	-13	13	2698	168	-13	13	2698	168	-13	13	2698	168	-13	13	2698	168	-13	13	2698	168	-13	13	2698	168	-13	13	2698	168	-13	13	2698	168	-13	13	2698	168	-13	13	2698
169	-16	16	2714	169	-16	16	2714	169	-16	16	2714	169	-16	16	2714	169	-16	16	2714	169	-16	16	2714	169	-16	16	2714	169	-16	16	2714	169	-16	16	2714	169	-16	16	2714	169	-16	16	2714	169	-16	16	2714	169	-16	16	2714	169	-16	16	2714	169	-16	16	2714	169	-16	16	2714	169	-16	16	2714	169	-16	16	2714	169	-16	16	2714	169	-16	16	2714	169	-16	16	2714	169	-16	16	2714	169	-16	16	2714
170	-122	23	2737	170	-122	23	2737	170	-122	23	2737	170	-122	23	2737	170	-122	23	2737	170	-122	23	2737	170	-122	23	2737	170	-122	23	2737	170	-122	23	2737	170	-122	23	2737	170	-122	23	2737	170	-122	23	2737	170	-122	23	2737	170	-122	23	2737	170	-122	23	2737	170	-122	23	2737	170	-122	23	2737	170	-122	23	2737	170	-122	23	2737	170	-122	23	2737	170	-122	23	2737	170	-122	23	2737	170	-122	23	2737
171	-13	13	2750	171	-13	13	2750	171	-13	13	2750	171	-13	13	2750	171	-13	13	2750	171	-13	13	2750	171	-13	13	2750	171	-13	13	2750	171	-13	13	2750	171	-13	13	2750	171	-13	13	2750	171	-13	13	2750	171	-13	13	2750	171	-13	13	2750	171	-13	13	2750	171	-13	13	2750	171	-13	13	2750	171	-13	13	2750	171	-13	13	2750	171	-13	13	2750	171	-13	13	2750	171	-13	13	2750	171	-13	13	2750
172	-13	13	2763	172	-13	13	2763	172	-13	13	2763	172	-13	13	2763	172	-13	13	2763	172	-13	13	2763	172	-13	13	2763	172	-13	13	2763	172	-13	13	2763	172	-13	13	2763	172	-13	13	2763	172	-13	13	2763	172	-13	13	2763	172	-13	13	2763	172	-13	13	2763	172	-13	13	2763	172	-13	13	2763	172	-13	13	2763	172	-13	13	2763	172	-13	13	2763	172	-13	13	2763	172	-13	13	2763	172	-13	13	2763
173	-13	13	2776	173	-13	13	2776	173	-13	13	2776	173	-13	13	2776	173	-13	13	2776	173	-13	13	2776	173	-13	13	2776	173	-13	13	2776	173	-13	13	2776	173	-13	13	2776	173	-13	13	2776	173	-13	13	2776	173	-13	13	2776	173	-13	13	2776	173	-13	13	2776	173	-13	13	2776	173	-13	13	2776	173	-13	13	2776	173	-13	13	2776	173	-13	13	2776	173	-13	13	2776	173	-13	13	2776	173	-13	13	2776
174	-13	13	2789	174	-13	13	2789	174	-13	13	2789	174	-13	13	2789	174	-13	13	2789	174	-13	13	2789	174	-13	13	2789	174	-13	13	2789	174	-13	13	2789	174	-13	13	2789	174	-13	13	2789	174	-13	13	2789	174	-13	13	2789	174	-13	13	2789	174	-13	13	2789	174	-13	13	2789	174	-13	13	2789	174	-13	13	2789	174	-13	13	2789	174	-13	13	2789	174	-13	13	2789	174	-13	13	2789	174	-13	13	2789
175	-20	20	2809	175	-20	20	2809	175	-20	20	2809	175	-20	20	2809	175	-20	20	2809	175	-20	20	2809	175	-20	20	2809	175	-20	20	2809	175	-20	20	2809	175	-20	20	2809	175	-20	20	2809	175	-20	20	2809	175	-20	20	2809	175	-20	20	2809	175	-20	20	2809	175	-20	20	2809	175	-20	20	2809	175	-20	20	2809	175	-20	20	2809	175	-20	20	2809	175	-20	20	2809	175	-20	20	2809	175	-20	20	2809
176	-13	13	2822	176	-13	13	2822	176	-13	13	2822	176	-13	13	2822	176	-13	13	2822	176	-13	13	2822	176	-13	13	2822	176	-13	13	2822	176	-13	13	2822	176	-13	13	2822	176	-13	13	2822	176	-13	13	2822	176	-13	13	2822	176	-13	13	2822	176	-13	13	2822	176	-13	13	2822	176	-13	13	2822	176	-13	13	2822	176	-13	13	2822	176	-13	13	2822	176	-13	13	2822	176	-13	13	2822	176	-13	13	2822
177	-15	15	2837	177	-15	15	2837	177	-15	15	2837	177	-15	15	2837	177	-15	15	2837	177	-15	15	2837	177	-15	15	2837	177	-15	15	2837	177	-15	15	2837	177	-15	15	2837	177	-15	15	2837	177	-15	15	2837	177	-15	15	2837	177	-15	15	2837	177	-15	15	2837	177	-15	15	2837	177	-15	15	2837	177	-15	15	2837	177	-15	15	2837	177	-15	15	2837	177	-15	15	2837	177	-15	15	2837	177	-15	15	2837
178	-13	13	2850	178	-13	13	2850	178	-13	13	2850	178	-13	13	2850	178	-13	13	2850	178	-13	13	2850	178	-13	13	2850	178	-13	13	2850	178	-13	13	2850	178	-13	13	2850	178	-13	13	2850	178	-13	13	2850	178	-13	13	2850	178	-13	13	2850	178	-13	13	2850	178	-13	13	2850	178	-13	13	2850	178	-13	13	2850	178	-13	13	2850	178	-13	13	2850	178	-13	13	2850	178	-13	13	2850	178	-13	13	2850
179	-15	15	2865	179	-15	15	2865	179	-15	15	2865	179	-15	15	2865	179	-15	15	2865	179	-15	15	2865	179	-15	15	2865	179	-15	15	2865	179	-15	15	2865	179	-15	15	2865	179	-15	15	2865	179	-15	15	2865	179	-15	15	2865	179	-15	15	2865	179	-15	15	2865	179	-15	15	2865	179	-15	15	2865	179	-15	15	2865	179	-15	15	2865	179	-15	15	2865	179	-15	15	2865	179	-15	15	2865	179	-15	15	2865
180	-13	13	2878	180	-13	13	2878	180	-13	13	2878	180	-13	13	2878	180	-13	13	2878	180	-13	13	2878	180	-13	13	2878	180	-13	13	2878	180	-13	13	2878	180	-13	13	2878	180	-13	13	2878	180	-13	13	2878	180	-13	13	2878	180	-13	13	2878	180	-13	13	2878	180	-13	13	2878	180	-13	13	2878	180	-13	13	2878	180	-13	13	2878	180	-13	13	2878	180	-13	13	2878	180	-13	13	2878	180	-13	13	2878
181	-13	13	2891	181	-13	13	2891	181	-13	13	2891	181	-13	13	2891	181	-13	13	2891	181	-13	13	2891	181	-13	13	2891	181	-13	13	2891	181	-13	13	2891	181	-13	13	2891	181	-13	13	2891	181	-13	13	2891	181	-13	13	2891	181	-13	13	2891	181	-13	13	2891	181	-13	13	2891	181	-13	13	2891	181	-13	13	2891	181	-13	13	2891	181	-13	13	2891	181	-13	13	2891	181	-13	13	2891	181	-13	13	2891
182	-15	15	2906	182	-15	15	2906	182	-15	15	2906	182	-15	15	2906	182	-15	15	2906	182	-15	15	2906	182	-15	15	2906	182	-15	15	2906	182	-15	15	2906	182	-15	15	2906	182	-15	15	2906	182	-15	15	2906	182	-15	15	2906	182	-15	15	2906	182	-15	15	2906	182	-15	15	2906	182	-15	15	2906	182	-15	15	2906	182	-15	15	2906	182	-15	15	2906	182	-15	15	2906	182	-15	15	2906	182	-15	15	2906
183	-15	15	2921	183	-15	15	2921	183	-15	15	2921	183	-15	15	2921	183	-15	15	2921	183	-15	15	2921	183	-15	15	2921	183	-15	15	2921	183	-15	15	2921	183	-15	15	2921	183	-15	15	2921	183	-15	15	2921	183	-15	15	2921	183	-15	15	2921	183	-15	15	2921	183	-15	15	2921	183	-15	15	2921	183	-15	15	2921	183	-15	15	2921	183	-15	15	2921	183	-15	15	2921	183	-15	15	2921	183	-15	15	2921
184	-117	18	2939	184	-117	18	2939	184	-117	18	2939	184	-117	18	2939	184	-117	18	2939	184	-117	18	2939	184	-117	18	2939	184	-117	18	2939	184	-117	18	2939	184	-117	18	2939	184	-117	18	2939	184	-117	18	2939	184	-117	18	2939	184	-117	18	2939	184	-117	18	2939	184	-117	18	2939	184	-117	18	2939	184	-117	18	2939	184	-117	18	2939	184	-117	18	2939	184	-117	18	2939	184	-117	18	2939	184	-117	18	2939
185	-13	13	2952	185	-13	13	2952	185	-13	13	2952	185	-13	13	2952	185	-13	13	2952	185	-13	13	2952	185	-13	13	2952	185	-13	13	2952	185	-13	13	2952	185	-13	13	2952	185	-13	13	2952	185	-13	13	2952	185	-13	13	2952	185	-13	13	2952	185	-13	13	2952	185	-13	13	2952	185	-13	13	2952	185	-13	13	2952	185	-13	13	2952	185	-13	13	2952	185	-13	13	2952	185	-13	13	2952	185	-13	13	2952
186	-327	30	2982	186	-327	30	2982	186	-327	30	2982	186	-327	30	2982	186	-327	30	2982	186	-327	30	2982	186	-327	30	2982	186	-327	30	2982	186	-327	30	2982	186	-327	30	2982	186	-327	30	2982	186	-327	30	2982	186	-327	30	2982	186	-327	30	2982	186	-327	30	2982	186	-327	30	2982	186	-327	30	2982	186	-327	30	2982	186	-327	30	2982	186	-327	30	2982	186	-327	30	2982	186	-327	30	2982	186	-327	30	2982
187	-121	22	3004	187	-121	22	3004	187	-121	22	3004	187	-121	22	3004	187	-121	22	3004	187	-121	22	3004	187	-121	22	3004	187	-121	22	3004	187	-121	22	3004	187	-121	22	3004	187	-121	22	3004	187	-121	22	3004	187	-121	22	3004	187	-121	22	3004	187	-121	22	3004	187	-121	22	3004	187	-121	22	3004	187	-121	22	3004	187	-121	22	3004	187	-121	22	3004	187	-121	22	3004	187	-121	22	3004	187	-121	22	3004
188	-128	29	3033	188	-128	29	3033	188	-128	29	3033	188	-128	29	3033	188	-128	29	3033	188	-128	29	3033	188	-128	29	3033	188	-128	29	3033	188	-128	29	3033	188	-128	29	3033	188	-128	29	3033	188	-128	29	3033	188	-128	29	3033	188	-128	29	3033	188	-128	29	3033	188	-128	29	3033	188	-128	29	3033	188	-128	29	3033	188	-128	29	3033	188	-128	29	3033	188	-128	29	3033	188	-128	29	3033	188	-128	29	3033
189	-118	19	3052	189	-118	19	3052	189	-118	19	3052	189	-118	19	3052	189	-118	19	3052	189	-118	19	3052	189	-118	19	3052	189	-118	19	3052	189	-118	19	3052	189	-118	19	3052	189	-118	19	3052	189	-118	19	3052	189	-118	19	3052	189	-118	19	3052	189	-118	19	3052	189	-118	19	3052	189	-118	19	3052	189	-118	19	3052	189	-118	19	3052	189	-118	19	3052	189	-118	19	3052	189	-118	19	3052	189	-118	19	3052
190	-15	15	3067	190	-15	15	3067	190	-15	15	3067	190	-15	15	3067	190	-15	15	3067	190	-15	15	3067	190	-15	15	3067	190	-15	15	3067	190	-15	15	3067	190	-15	15	3067	190	-15	15	3067	190	-15	15	3067	190	-15	15	3067	190	-15	15	3067	190	-15	15	3067	190	-15	15	3067	190	-15	15	3067	190	-15	15	3067	190	-15	15	3067	190	-15	15	3067	190	-15	15	3067	190	-15	15	3067	190	-15	15	3067
191	-17	17	3084	191	-17	17	3084	191	-17	17	3084	191	-17	17	3084	191	-17	17	3084	191	-17	17	3084	191	-17	17	3084	191	-17	17	3084	191	-17	17	3084	191	-17	17	3084	191	-17	17	3084	191	-17	17	3084	191	-17	17	3084	191	-17	17	3084	191	-17	17	3084	191	-17	17	3084	191	-17	17	3084	191	-17	17	3084	191	-17	17	3084	191	-17	17	3084	191	-17	17	3084	191	-17	17	3084	191	-17	17	3084
192	-13	13	3097	192	-13	13	3097	192	-13	13	3097	192	-13	13	3097	192	-13	13	3097	192	-13	13	3097	192	-13	13	3097	192	-13	13	3097	192	-13	13	3097	192	-13	13	3097	192	-13	13	3097	192	-13	13	3097	192	-13	13	3097	192	-13	13	3097	192	-13	13	3097	192	-13	13	3097	192	-13	13	3097	192	-13	13	3097	192	-13	13	3097	192	-13	13	3097	192	-13	13	3097	192	-13	13	3097	192	-13	13	3097
193	-18	18	3115	193	-18	18	3115	193	-18	18	3115	193	-18	18	3115	193	-18	18	3115	193	-18	18	3115	193	-18	18	3115	193	-18	18	3115	193	-18	18	3115	193	-18	18	3115	193	-18	18	3115	193	-18	18	3115	193	-18	18	3115	193	-18	18	3115	193	-18	18	3115	193	-18	18	3115	193	-18	18	3115	193	-18	18	3115	193	-18	18	3115	193	-18	18	3115	193	-18	18	3115	193	-18	18	3115	193	-18	18	3115
194	-14	14	3129	194	-14	14	3129	194	-14	14	3129	194	-14	14	3129	194	-14	14	3129	194	-14	14	3129	194	-14	14	3129	194	-14	14	3129	194	-14	14	3129	194	-14	14	3129	194	-14	14	3129	194	-14	14	3129	194	-14	14	3129	194	-14	14	3129	194	-14	14	3129	194	-14	14	3129	194	-14	14	3129	194	-14	14	3129	194	-14	14	3129	194	-14	14	3129	194	-14	14	3129	194	-14	14	3129	194	-14	14	3129
195	-118	19	3148	195	-118	19	3148	195	-118	19	3148	195	-118	19	3148	195	-118	19	3148	195	-118	19	3148	195	-118	19	3148	195	-118	19	3148	195	-118	19	3148	195	-118	19	3148	195	-118	19	3148	195	-118	19	3148	195	-118	19	3148	195	-118	19	3148	195	-118	19	3148	195	-118	19	3148	195	-118	19	3148	195	-118	19	3148	195	-118	19	3148	195	-118	19	3148	195	-118	19	3148	195	-118	19	3148	195	-118	19	3148
196	-124	25	3173	196	-124	25	3173	196	-124	25	3173	196	-124	25	3173	196	-124	25	3173	196	-124	25	3173	196	-124	25	3173	196	-124	25	3173	196	-124	25	3173	196	-124	25	3173	196	-124	25	3173	196	-124	25	3173	196	-124	25	3173	196	-124	25	3173	196	-124	25	3173	196	-124	25	3173	196	-124	25	3173	196	-124	25	3173	196	-124	25	3173	196	-124	25	3173	196	-124	25	3173	196	-124	25	3173	196	-124	25	3173
197	-121	22	3195	197	-121	22	3195	197	-121	22	3195	197	-121	22	3195	197	-121	22	3195	197	-121	22	3195	197	-121	22	3195	197	-121	22	3195	197	-121	22	3195	197	-121	22	3195	197	-121	22	3195	197	-121	22	3195	197	-121	22	3195	197	-121	22	3195	197	-121	22	3195	197	-121	22	3195	197	-121	22	3195	197	-121	22	3195	197	-121	22	3195	197	-121	22	3195	197	-121	22	3195	197	-121	22	3195	197	-121	22	3195
198	-16	16	3211	198	-16	16	3211	198	-16	16	3211	198	-16	16	3211	198	-16	16	3211	198	-16	16	3211	198	-16	16	3211	198	-16	16	3211	198	-16	16	3211	198	-16	16	3211	198	-16	16	3211	198	-16	16	3211	198	-16	16	3211	198	-16	16	3211	198	-16	16	3211	198	-16	16	3211	198	-16	16	3211	198	-16	16	3211	198	-16	16	3211	198	-16	16	3211	198	-16	16	3211	198	-16	16	3211	198	-16	16	3211
199	-15	15	3226	199	-15	15	3226	199	-15	15	3226	199	-15	15	3226	199	-15	15	3226	199	-15	15	3226	199	-15	15	3226	199	-15	15	3226	199	-15	15	3226	199	-15	15	3226	199	-15	15	3226	199	-15	15	3226	199	-15	15	3226	199	-15	15	3226	199	-15	15	3226	199	-15	15	3226	199	-15	15	3226	199	-15	15	3226	199	-15	15	3226	199	-15	15	3226	199	-15	15	3226	199	-15	15	3226	199	-15	15	3226
