Episode	Accumulated Reward	Length	Steps	Episode	Accumulated Reward	Length	Steps	Episode	Accumulated Reward	Length	Steps	Episode	Accumulated Reward	Length	Steps	Episode	Accumulated Reward	Length	Steps	Episode	Accumulated Reward	Length	Steps	Episode	Accumulated Reward	Length	Steps	Episode	Accumulated Reward	Length	Steps	Episode	Accumulated Reward	Length	Steps	Episode	Accumulated Reward	Length	Steps	Episode	Accumulated Reward	Length	Steps	Episode	Accumulated Reward	Length	Steps	Episode	Accumulated Reward	Length	Steps	Episode	Accumulated Reward	Length	Steps
0	-15	15	15	0	-15	15	15	0	-15	15	15	0	-15	15	15	0	-15	15	15	0	-15	15	15	0	-15	15	15	0	-15	15	15	0	-15	15	15	0	-15	15	15	0	-15	15	15	0	-15	15	15	0	-15	15	15	0	-15	15	15
1	-15	15	30	1	-15	15	30	1	-15	15	30	1	-15	15	30	1	-15	15	30	1	-15	15	30	1	-15	15	30	1	-15	15	30	1	-15	15	30	1	-15	15	30	1	-15	15	30	1	-15	15	30	1	-15	15	30	1	-15	15	30
2	-14	14	44	2	-14	14	44	2	-14	14	44	2	-14	14	44	2	-14	14	44	2	-14	14	44	2	-14	14	44	2	-14	14	44	2	-14	14	44	2	-14	14	44	2	-14	14	44	2	-14	14	44	2	-14	14	44	2	-14	14	44
3	-15	15	59	3	-15	15	59	3	-15	15	59	3	-15	15	59	3	-15	15	59	3	-15	15	59	3	-15	15	59	3	-15	15	59	3	-15	15	59	3	-15	15	59	3	-15	15	59	3	-15	15	59	3	-15	15	59	3	-15	15	59
4	-19	19	78	4	-19	19	78	4	-19	19	78	4	-19	19	78	4	-19	19	78	4	-19	19	78	4	-19	19	78	4	-19	19	78	4	-19	19	78	4	-19	19	78	4	-19	19	78	4	-19	19	78	4	-19	19	78	4	-19	19	78
5	-115	16	94	5	-115	16	94	5	-115	16	94	5	-115	16	94	5	-115	16	94	5	-115	16	94	5	-115	16	94	5	-115	16	94	5	-115	16	94	5	-115	16	94	5	-115	16	94	5	-115	16	94	5	-115	16	94	5	-115	16	94
6	-117	18	112	6	-117	18	112	6	-117	18	112	6	-117	18	112	6	-117	18	112	6	-117	18	112	6	-117	18	112	6	-117	18	112	6	-117	18	112	6	-117	18	112	6	-117	18	112	6	-117	18	112	6	-117	18	112	6	-117	18	112
7	-13	13	125	7	-13	13	125	7	-13	13	125	7	-13	13	125	7	-13	13	125	7	-13	13	125	7	-13	13	125	7	-13	13	125	7	-13	13	125	7	-13	13	125	7	-13	13	125	7	-13	13	125	7	-13	13	125	7	-13	13	125
8	-16	16	141	8	-16	16	141	8	-16	16	141	8	-16	16	141	8	-16	16	141	8	-16	16	141	8	-16	16	141	8	-16	16	141	8	-16	16	141	8	-16	16	141	8	-16	16	141	8	-16	16	141	8	-16	16	141	8	-16	16	141
9	-14	14	155	9	-14	14	155	9	-14	14	155	9	-14	14	155	9	-14	14	155	9	-14	14	155	9	-14	14	155	9	-14	14	155	9	-14	14	155	9	-14	14	155	9	-14	14	155	9	-14	14	155	9	-14	14	155	9	-14	14	155
10	-13	13	168	10	-13	13	168	10	-13	13	168	10	-13	13	168	10	-13	13	168	10	-13	13	168	10	-13	13	168	10	-13	13	168	10	-13	13	168	10	-13	13	168	10	-13	13	168	10	-13	13	168	10	-13	13	168	10	-13	13	168
11	-17	17	185	11	-17	17	185	11	-17	17	185	11	-17	17	185	11	-17	17	185	11	-17	17	185	11	-17	17	185	11	-17	17	185	11	-17	17	185	11	-17	17	185	11	-17	17	185	11	-17	17	185	11	-17	17	185	11	-17	17	185
12	-20	20	205	12	-20	20	205	12	-20	20	205	12	-20	20	205	12	-20	20	205	12	-20	20	205	12	-20	20	205	12	-20	20	205	12	-20	20	205	12	-20	20	205	12	-20	20	205	12	-20	20	205	12	-20	20	205	12	-20	20	205
13	-125	26	231	13	-125	26	231	13	-125	26	231	13	-125	26	231	13	-125	26	231	13	-125	26	231	13	-125	26	231	13	-125	26	231	13	-125	26	231	13	-125	26	231	13	-125	26	231	13	-125	26	231	13	-125	26	231	13	-125	26	231
14	-13	13	244	14	-13	13	244	14	-13	13	244	14	-13	13	244	14	-13	13	244	14	-13	13	244	14	-13	13	244	14	-13	13	244	14	-13	13	244	14	-13	13	244	14	-13	13	244	14	-13	13	244	14	-13	13	244	14	-13	13	244
15	-227	29	273	15	-227	29	273	15	-227	29	273	15	-227	29	273	15	-227	29	273	15	-227	29	273	15	-227	29	273	15	-227	29	273	15	-227	29	273	15	-227	29	273	15	-227	29	273	15	-227	29	273	15	-227	29	273	15	-227	29	273
16	-16	16	289	16	-16	16	289	16	-16	16	289	16	-16	16	289	16	-16	16	289	16	-16	16	289	16	-16	16	289	16	-16	16	289	16	-16	16	289	16	-16	16	289	16	-16	16	289	16	-16	16	289	16	-16	16	289	16	-16	16	289
17	-123	24	313	17	-123	24	313	17	-123	24	313	17	-123	24	313	17	-123	24	313	17	-123	24	313	17	-123	24	313	17	-123	24	313	17	-123	24	313	17	-123	24	313	17	-123	24	313	17	-123	24	313	17	-123	24	313	17	-123	24	313
18	-122	23	336	18	-122	23	336	18	-122	23	336	18	-122	23	336	18	-122	23	336	18	-122	23	336	18	-122	23	336	18	-122	23	336	18	-122	23	336	18	-122	23	336	18	-122	23	336	18	-122	23	336	18	-122	23	336	18	-122	23	336
19	-13	13	349	19	-13	13	349	19	-13	13	349	19	-13	13	349	19	-13	13	349	19	-13	13	349	19	-13	13	349	19	-13	13	349	19	-13	13	349	19	-13	13	349	19	-13	13	349	19	-13	13	349	19	-13	13	349	19	-13	13	349
20	-13	13	362	20	-13	13	362	20	-13	13	362	20	-13	13	362	20	-13	13	362	20	-13	13	362	20	-13	13	362	20	-13	13	362	20	-13	13	362	20	-13	13	362	20	-13	13	362	20	-13	13	362	20	-13	13	362	20	-13	13	362
21	-13	13	375	21	-13	13	375	21	-13	13	375	21	-13	13	375	21	-13	13	375	21	-13	13	375	21	-13	13	375	21	-13	13	375	21	-13	13	375	21	-13	13	375	21	-13	13	375	21	-13	13	375	21	-13	13	375	21	-13	13	375
22	-16	16	391	22	-16	16	391	22	-16	16	391	22	-16	16	391	22	-16	16	391	22	-16	16	391	22	-16	16	391	22	-16	16	391	22	-16	16	391	22	-16	16	391	22	-16	16	391	22	-16	16	391	22	-16	16	391	22	-16	16	391
23	-223	25	416	23	-223	25	416	23	-223	25	416	23	-223	25	416	23	-223	25	416	23	-223	25	416	23	-223	25	416	23	-223	25	416	23	-223	25	416	23	-223	25	416	23	-223	25	416	23	-223	25	416	23	-223	25	416	23	-223	25	416
24	-15	15	431	24	-15	15	431	24	-15	15	431	24	-15	15	431	24	-15	15	431	24	-15	15	431	24	-15	15	431	24	-15	15	431	24	-15	15	431	24	-15	15	431	24	-15	15	431	24	-15	15	431	24	-15	15	431	24	-15	15	431
25	-21	21	452	25	-21	21	452	25	-21	21	452	25	-21	21	452	25	-21	21	452	25	-21	21	452	25	-21	21	452	25	-21	21	452	25	-21	21	452	25	-21	21	452	25	-21	21	452	25	-21	21	452	25	-21	21	452	25	-21	21	452
26	-129	30	482	26	-129	30	482	26	-129	30	482	26	-129	30	482	26	-129	30	482	26	-129	30	482	26	-129	30	482	26	-129	30	482	26	-129	30	482	26	-129	30	482	26	-129	30	482	26	-129	30	482	26	-129	30	482	26	-129	30	482
27	-120	21	503	27	-120	21	503	27	-120	21	503	27	-120	21	503	27	-120	21	503	27	-120	21	503	27	-120	21	503	27	-120	21	503	27	-120	21	503	27	-120	21	503	27	-120	21	503	27	-120	21	503	27	-120	21	503	27	-120	21	503
28	-15	15	518	28	-15	15	518	28	-15	15	518	28	-15	15	518	28	-15	15	518	28	-15	15	518	28	-15	15	518	28	-15	15	518	28	-15	15	518	28	-15	15	518	28	-15	15	518	28	-15	15	518	28	-15	15	518	28	-15	15	518
29	-15	15	533	29	-15	15	533	29	-15	15	533	29	-15	15	533	29	-15	15	533	29	-15	15	533	29	-15	15	533	29	-15	15	533	29	-15	15	533	29	-15	15	533	29	-15	15	533	29	-15	15	533	29	-15	15	533	29	-15	15	533
30	-231	33	566	30	-231	33	566	30	-231	33	566	30	-231	33	566	30	-231	33	566	30	-231	33	566	30	-231	33	566	30	-231	33	566	30	-231	33	566	30	-231	33	566	30	-231	33	566	30	-231	33	566	30	-231	33	566	30	-231	33	566
31	-15	15	581	31	-15	15	581	31	-15	15	581	31	-15	15	581	31	-15	15	581	31	-15	15	581	31	-15	15	581	31	-15	15	581	31	-15	15	581	31	-15	15	581	31	-15	15	581	31	-15	15	581	31	-15	15	581	31	-15	15	581
32	-127	28	609	32	-127	28	609	32	-127	28	609	32	-127	28	609	32	-127	28	609	32	-127	28	609	32	-127	28	609	32	-127	28	609	32	-127	28	609	32	-127	28	609	32	-127	28	609	32	-127	28	609	32	-127	28	609	32	-127	28	609
33	-15	15	624	33	-15	15	624	33	-15	15	624	33	-15	15	624	33	-15	15	624	33	-15	15	624	33	-15	15	624	33	-15	15	624	33	-15	15	624	33	-15	15	624	33	-15	15	624	33	-15	15	624	33	-15	15	624	33	-15	15	624
34	-13	13	637	34	-13	13	637	34	-13	13	637	34	-13	13	637	34	-13	13	637	34	-13	13	637	34	-13	13	637	34	-13	13	637	34	-13	13	637	34	-13	13	637	34	-13	13	637	34	-13	13	637	34	-13	13	637	34	-13	13	637
35	-13	13	650	35	-13	13	650	35	-13	13	650	35	-13	13	650	35	-13	13	650	35	-13	13	650	35	-13	13	650	35	-13	13	650	35	-13	13	650	35	-13	13	650	35	-13	13	650	35	-13	13	650	35	-13	13	650	35	-13	13	650
36	-15	15	665	36	-15	15	665	36	-15	15	665	36	-15	15	665	36	-15	15	665	36	-15	15	665	36	-15	15	665	36	-15	15	665	36	-15	15	665	36	-15	15	665	36	-15	15	665	36	-15	15	665	36	-15	15	665	36	-15	15	665
37	-123	24	689	37	-123	24	689	37	-123	24	689	37	-123	24	689	37	-123	24	689	37	-123	24	689	37	-123	24	689	37	-123	24	689	37	-123	24	689	37	-123	24	689	37	-123	24	689	37	-123	24	689	37	-123	24	689	37	-123	24	689
38	-19	19	708	38	-19	19	708	38	-19	19	708	38	-19	19	708	38	-19	19	708	38	-19	19	708	38	-19	19	708	38	-19	19	708	38	-19	19	708	38	-19	19	708	38	-19	19	708	38	-19	19	708	38	-19	19	708	38	-19	19	708
39	-14	14	722	39	-14	14	722	39	-14	14	722	39	-14	14	722	39	-14	14	722	39	-14	14	722	39	-14	14	722	39	-14	14	722	39	-14	14	722	39	-14	14	722	39	-14	14	722	39	-14	14	722	39	-14	14	722	39	-14	14	722
40	-13	13	735	40	-13	13	735	40	-13	13	735	40	-13	13	735	40	-13	13	735	40	-13	13	735	40	-13	13	735	40	-13	13	735	40	-13	13	735	40	-13	13	735	40	-13	13	735	40	-13	13	735	40	-13	13	735	40	-13	13	735
41	-13	13	748	41	-13	13	748	41	-13	13	748	41	-13	13	748	41	-13	13	748	41	-13	13	748	41	-13	13	748	41	-13	13	748	41	-13	13	748	41	-13	13	748	41	-13	13	748	41	-13	13	748	41	-13	13	748	41	-13	13	748
42	-119	20	768	42	-119	20	768	42	-119	20	768	42	-119	20	768	42	-119	20	768	42	-119	20	768	42	-119	20	768	42	-119	20	768	42	-119	20	768	42	-119	20	768	42	-119	20	768	42	-119	20	768	42	-119	20	768	42	-119	20	768
43	-15	15	783	43	-15	15	783	43	-15	15	783	43	-15	15	783	43	-15	15	783	43	-15	15	783	43	-15	15	783	43	-15	15	783	43	-15	15	783	43	-15	15	783	43	-15	15	783	43	-15	15	783	43	-15	15	783	43	-15	15	783
44	-13	13	796	44	-13	13	796	44	-13	13	796	44	-13	13	796	44	-13	13	796	44	-13	13	796	44	-13	13	796	44	-13	13	796	44	-13	13	796	44	-13	13	796	44	-13	13	796	44	-13	13	796	44	-13	13	796	44	-13	13	796
45	-13	13	809	45	-13	13	809	45	-13	13	809	45	-13	13	809	45	-13	13	809	45	-13	13	809	45	-13	13	809	45	-13	13	809	45	-13	13	809	45	-13	13	809	45	-13	13	809	45	-13	13	809	45	-13	13	809	45	-13	13	809
46	-13	13	822	46	-13	13	822	46	-13	13	822	46	-13	13	822	46	-13	13	822	46	-13	13	822	46	-13	13	822	46	-13	13	822	46	-13	13	822	46	-13	13	822	46	-13	13	822	46	-13	13	822	46	-13	13	822	46	-13	13	822
47	-13	13	835	47	-13	13	835	47	-13	13	835	47	-13	13	835	47	-13	13	835	47	-13	13	835	47	-13	13	835	47	-13	13	835	47	-13	13	835	47	-13	13	835	47	-13	13	835	47	-13	13	835	47	-13	13	835	47	-13	13	835
48	-15	15	850	48	-15	15	850	48	-15	15	850	48	-15	15	850	48	-15	15	850	48	-15	15	850	48	-15	15	850	48	-15	15	850	48	-15	15	850	48	-15	15	850	48	-15	15	850	48	-15	15	850	48	-15	15	850	48	-15	15	850
49	-19	19	869	49	-19	19	869	49	-19	19	869	49	-19	19	869	49	-19	19	869	49	-19	19	869	49	-19	19	869	49	-19	19	869	49	-19	19	869	49	-19	19	869	49	-19	19	869	49	-19	19	869	49	-19	19	869	49	-19	19	869
50	-19	19	888	50	-19	19	888	50	-19	19	888	50	-19	19	888	50	-19	19	888	50	-19	19	888	50	-19	19	888	50	-19	19	888	50	-19	19	888	50	-19	19	888	50	-19	19	888	50	-19	19	888	50	-19	19	888	50	-19	19	888
51	-15	15	903	51	-15	15	903	51	-15	15	903	51	-15	15	903	51	-15	15	903	51	-15	15	903	51	-15	15	903	51	-15	15	903	51	-15	15	903	51	-15	15	903	51	-15	15	903	51	-15	15	903	51	-15	15	903	51	-15	15	903
52	-18	18	921	52	-18	18	921	52	-18	18	921	52	-18	18	921	52	-18	18	921	52	-18	18	921	52	-18	18	921	52	-18	18	921	52	-18	18	921	52	-18	18	921	52	-18	18	921	52	-18	18	921	52	-18	18	921	52	-18	18	921
53	-13	13	934	53	-13	13	934	53	-13	13	934	53	-13	13	934	53	-13	13	934	53	-13	13	934	53	-13	13	934	53	-13	13	934	53	-13	13	934	53	-13	13	934	53	-13	13	934	53	-13	13	934	53	-13	13	934	53	-13	13	934
54	-17	17	951	54	-17	17	951	54	-17	17	951	54	-17	17	951	54	-17	17	951	54	-17	17	951	54	-17	17	951	54	-17	17	951	54	-17	17	951	54	-17	17	951	54	-17	17	951	54	-17	17	951	54	-17	17	951	54	-17	17	951
55	-14	14	965	55	-14	14	965	55	-14	14	965	55	-14	14	965	55	-14	14	965	55	-14	14	965	55	-14	14	965	55	-14	14	965	55	-14	14	965	55	-14	14	965	55	-14	14	965	55	-14	14	965	55	-14	14	965	55	-14	14	965
56	-17	17	982	56	-17	17	982	56	-17	17	982	56	-17	17	982	56	-17	17	982	56	-17	17	982	56	-17	17	982	56	-17	17	982	56	-17	17	982	56	-17	17	982	56	-17	17	982	56	-17	17	982	56	-17	17	982	56	-17	17	982
57	-123	24	1006	57	-123	24	1006	57	-123	24	1006	57	-123	24	1006	57	-123	24	1006	57	-123	24	1006	57	-123	24	1006	57	-123	24	1006	57	-123	24	1006	57	-123	24	1006	57	-123	24	1006	57	-123	24	1006	57	-123	24	1006	57	-123	24	1006
58	-13	13	1019	58	-13	13	1019	58	-13	13	1019	58	-13	13	1019	58	-13	13	1019	58	-13	13	1019	58	-13	13	1019	58	-13	13	1019	58	-13	13	1019	58	-13	13	1019	58	-13	13	1019	58	-13	13	1019	58	-13	13	1019	58	-13	13	1019
59	-16	16	1035	59	-16	16	1035	59	-16	16	1035	59	-16	16	1035	59	-16	16	1035	59	-16	16	1035	59	-16	16	1035	59	-16	16	1035	59	-16	16	1035	59	-16	16	1035	59	-16	16	1035	59	-16	16	1035	59	-16	16	1035	59	-16	16	1035
60	-13	13	1048	60	-13	13	1048	60	-13	13	1048	60	-13	13	1048	60	-13	13	1048	60	-13	13	1048	60	-13	13	1048	60	-13	13	1048	60	-13	13	1048	60	-13	13	1048	60	-13	13	1048	60	-13	13	1048	60	-13	13	1048	60	-13	13	1048
61	-14	14	1062	61	-14	14	1062	61	-14	14	1062	61	-14	14	1062	61	-14	14	1062	61	-14	14	1062	61	-14	14	1062	61	-14	14	1062	61	-14	14	1062	61	-14	14	1062	61	-14	14	1062	61	-14	14	1062	61	-14	14	1062	61	-14	14	1062
62	-13	13	1075	62	-13	13	1075	62	-13	13	1075	62	-13	13	1075	62	-13	13	1075	62	-13	13	1075	62	-13	13	1075	62	-13	13	1075	62	-13	13	1075	62	-13	13	1075	62	-13	13	1075	62	-13	13	1075	62	-13	13	1075	62	-13	13	1075
63	-13	13	1088	63	-13	13	1088	63	-13	13	1088	63	-13	13	1088	63	-13	13	1088	63	-13	13	1088	63	-13	13	1088	63	-13	13	1088	63	-13	13	1088	63	-13	13	1088	63	-13	13	1088	63	-13	13	1088	63	-13	13	1088	63	-13	13	1088
64	-15	15	1103	64	-15	15	1103	64	-15	15	1103	64	-15	15	1103	64	-15	15	1103	64	-15	15	1103	64	-15	15	1103	64	-15	15	1103	64	-15	15	1103	64	-15	15	1103	64	-15	15	1103	64	-15	15	1103	64	-15	15	1103	64	-15	15	1103
65	-15	15	1118	65	-15	15	1118	65	-15	15	1118	65	-15	15	1118	65	-15	15	1118	65	-15	15	1118	65	-15	15	1118	65	-15	15	1118	65	-15	15	1118	65	-15	15	1118	65	-15	15	1118	65	-15	15	1118	65	-15	15	1118	65	-15	15	1118
66	-119	20	1138	66	-119	20	1138	66	-119	20	1138	66	-119	20	1138	66	-119	20	1138	66	-119	20	1138	66	-119	20	1138	66	-119	20	1138	66	-119	20	1138	66	-119	20	1138	66	-119	20	1138	66	-119	20	1138	66	-119	20	1138	66	-119	20	1138
67	-13	13	1151	67	-13	13	1151	67	-13	13	1151	67	-13	13	1151	67	-13	13	1151	67	-13	13	1151	67	-13	13	1151	67	-13	13	1151	67	-13	13	1151	67	-13	13	1151	67	-13	13	1151	67	-13	13	1151	67	-13	13	1151	67	-13	13	1151
68	-17	17	1168	68	-17	17	1168	68	-17	17	1168	68	-17	17	1168	68	-17	17	1168	68	-17	17	1168	68	-17	17	1168	68	-17	17	1168	68	-17	17	1168	68	-17	17	1168	68	-17	17	1168	68	-17	17	1168	68	-17	17	1168	68	-17	17	1168
69	-15	15	1183	69	-15	15	1183	69	-15	15	1183	69	-15	15	1183	69	-15	15	1183	69	-15	15	1183	69	-15	15	1183	69	-15	15	1183	69	-15	15	1183	69	-15	15	1183	69	-15	15	1183	69	-15	15	1183	69	-15	15	1183	69	-15	15	1183
70	-15	15	1198	70	-15	15	1198	70	-15	15	1198	70	-15	15	1198	70	-15	15	1198	70	-15	15	1198	70	-15	15	1198	70	-15	15	1198	70	-15	15	1198	70	-15	15	1198	70	-15	15	1198	70	-15	15	1198	70	-15	15	1198	70	-15	15	1198
71	-15	15	1213	71	-15	15	1213	71	-15	15	1213	71	-15	15	1213	71	-15	15	1213	71	-15	15	1213	71	-15	15	1213	71	-15	15	1213	71	-15	15	1213	71	-15	15	1213	71	-15	15	1213	71	-15	15	1213	71	-15	15	1213	71	-15	15	1213
72	-13	13	1226	72	-13	13	1226	72	-13	13	1226	72	-13	13	1226	72	-13	13	1226	72	-13	13	1226	72	-13	13	1226	72	-13	13	1226	72	-13	13	1226	72	-13	13	1226	72	-13	13	1226	72	-13	13	1226	72	-13	13	1226	72	-13	13	1226
73	-13	13	1239	73	-13	13	1239	73	-13	13	1239	73	-13	13	1239	73	-13	13	1239	73	-13	13	1239	73	-13	13	1239	73	-13	13	1239	73	-13	13	1239	73	-13	13	1239	73	-13	13	1239	73	-13	13	1239	73	-13	13	1239	73	-13	13	1239
74	-13	13	1252	74	-13	13	1252	74	-13	13	1252	74	-13	13	1252	74	-13	13	1252	74	-13	13	1252	74	-13	13	1252	74	-13	13	1252	74	-13	13	1252	74	-13	13	1252	74	-13	13	1252	74	-13	13	1252	74	-13	13	1252	74	-13	13	1252
75	-13	13	1265	75	-13	13	1265	75	-13	13	1265	75	-13	13	1265	75	-13	13	1265	75	-13	13	1265	75	-13	13	1265	75	-13	13	1265	75	-13	13	1265	75	-13	13	1265	75	-13	13	1265	75	-13	13	1265	75	-13	13	1265	75	-13	13	1265
76	-13	13	1278	76	-13	13	1278	76	-13	13	1278	76	-13	13	1278	76	-13	13	1278	76	-13	13	1278	76	-13	13	1278	76	-13	13	1278	76	-13	13	1278	76	-13	13	1278	76	-13	13	1278	76	-13	13	1278	76	-13	13	1278	76	-13	13	1278
77	-15	15	1293	77	-15	15	1293	77	-15	15	1293	77	-15	15	1293	77	-15	15	1293	77	-15	15	1293	77	-15	15	1293	77	-15	15	1293	77	-15	15	1293	77	-15	15	1293	77	-15	15	1293	77	-15	15	1293	77	-15	15	1293	77	-15	15	1293
78	-15	15	1308	78	-15	15	1308	78	-15	15	1308	78	-15	15	1308	78	-15	15	1308	78	-15	15	1308	78	-15	15	1308	78	-15	15	1308	78	-15	15	1308	78	-15	15	1308	78	-15	15	1308	78	-15	15	1308	78	-15	15	1308	78	-15	15	1308
79	-15	15	1323	79	-15	15	1323	79	-15	15	1323	79	-15	15	1323	79	-15	15	1323	79	-15	15	1323	79	-15	15	1323	79	-15	15	1323	79	-15	15	1323	79	-15	15	1323	79	-15	15	1323	79	-15	15	1323	79	-15	15	1323	79	-15	15	1323
80	-15	15	1338	80	-15	15	1338	80	-15	15	1338	80	-15	15	1338	80	-15	15	1338	80	-15	15	1338	80	-15	15	1338	80	-15	15	1338	80	-15	15	1338	80	-15	15	1338	80	-15	15	1338	80	-15	15	1338	80	-15	15	1338	80	-15	15	1338
81	-13	13	1351	81	-13	13	1351	81	-13	13	1351	81	-13	13	1351	81	-13	13	1351	81	-13	13	1351	81	-13	13	1351	81	-13	13	1351	81	-13	13	1351	81	-13	13	1351	81	-13	13	1351	81	-13	13	1351	81	-13	13	1351	81	-13	13	1351
82	-13	13	1364	82	-13	13	1364	82	-13	13	1364	82	-13	13	1364	82	-13	13	1364	82	-13	13	1364	82	-13	13	1364	82	-13	13	1364	82	-13	13	1364	82	-13	13	1364	82	-13	13	1364	82	-13	13	1364	82	-13	13	1364	82	-13	13	1364
83	-13	13	1377	83	-13	13	1377	83	-13	13	1377	83	-13	13	1377	83	-13	13	1377	83	-13	13	1377	83	-13	13	1377	83	-13	13	1377	83	-13	13	1377	83	-13	13	1377	83	-13	13	1377	83	-13	13	1377	83	-13	13	1377	83	-13	13	1377
84	-15	15	1392	84	-15	15	1392	84	-15	15	1392	84	-15	15	1392	84	-15	15	1392	84	-15	15	1392	84	-15	15	1392	84	-15	15	1392	84	-15	15	1392	84	-15	15	1392	84	-15	15	1392	84	-15	15	1392	84	-15	15	1392	84	-15	15	1392
85	-218	20	1412	85	-218	20	1412	85	-218	20	1412	85	-218	20	1412	85	-218	20	1412	85	-218	20	1412	85	-218	20	1412	85	-218	20	1412	85	-218	20	1412	85	-218	20	1412	85	-218	20	1412	85	-218	20	1412	85	-218	20	1412	85	-218	20	1412
86	-15	15	1427	86	-15	15	1427	86	-15	15	1427	86	-15	15	1427	86	-15	15	1427	86	-15	15	1427	86	-15	15	1427	86	-15	15	1427	86	-15	15	1427	86	-15	15	1427	86	-15	15	1427	86	-15	15	1427	86	-15	15	1427	86	-15	15	1427
87	-15	15	1442	87	-15	15	1442	87	-15	15	1442	87	-15	15	1442	87	-15	15	1442	87	-15	15	1442	87	-15	15	1442	87	-15	15	1442	87	-15	15	1442	87	-15	15	1442	87	-15	15	1442	87	-15	15	1442	87	-15	15	1442	87	-15	15	1442
88	-13	13	1455	88	-13	13	1455	88	-13	13	1455	88	-13	13	1455	88	-13	13	1455	88	-13	13	1455	88	-13	13	1455	88	-13	13	1455	88	-13	13	1455	88	-13	13	1455	88	-13	13	1455	88	-13	13	1455	88	-13	13	1455	88	-13	13	1455
89	-15	15	1470	89	-15	15	1470	89	-15	15	1470	89	-15	15	1470	89	-15	15	1470	89	-15	15	1470	89	-15	15	1470	89	-15	15	1470	89	-15	15	1470	89	-15	15	1470	89	-15	15	1470	89	-15	15	1470	89	-15	15	1470	89	-15	15	1470
90	-15	15	1485	90	-15	15	1485	90	-15	15	1485	90	-15	15	1485	90	-15	15	1485	90	-15	15	1485	90	-15	15	1485	90	-15	15	1485	90	-15	15	1485	90	-15	15	1485	90	-15	15	1485	90	-15	15	1485	90	-15	15	1485	90	-15	15	1485
91	-19	19	1504	91	-19	19	1504	91	-19	19	1504	91	-19	19	1504	91	-19	19	1504	91	-19	19	1504	91	-19	19	1504	91	-19	19	1504	91	-19	19	1504	91	-19	19	1504	91	-19	19	1504	91	-19	19	1504	91	-19	19	1504	91	-19	19	1504
92	-14	14	1518	92	-14	14	1518	92	-14	14	1518	92	-14	14	1518	92	-14	14	1518	92	-14	14	1518	92	-14	14	1518	92	-14	14	1518	92	-14	14	1518	92	-14	14	1518	92	-14	14	1518	92	-14	14	1518	92	-14	14	1518	92	-14	14	1518
93	-13	13	1531	93	-13	13	1531	93	-13	13	1531	93	-13	13	1531	93	-13	13	1531	93	-13	13	1531	93	-13	13	1531	93	-13	13	1531	93	-13	13	1531	93	-13	13	1531	93	-13	13	1531	93	-13	13	1531	93	-13	13	1531	93	-13	13	1531
94	-14	14	1545	94	-14	14	1545	94	-14	14	1545	94	-14	14	1545	94	-14	14	1545	94	-14	14	1545	94	-14	14	1545	94	-14	14	1545	94	-14	14	1545	94	-14	14	1545	94	-14	14	1545	94	-14	14	1545	94	-14	14	1545	94	-14	14	1545
95	-119	20	1565	95	-119	20	1565	95	-119	20	1565	95	-119	20	1565	95	-119	20	1565	95	-119	20	1565	95	-119	20	1565	95	-119	20	1565	95	-119	20	1565	95	-119	20	1565	95	-119	20	1565	95	-119	20	1565	95	-119	20	1565	95	-119	20	1565
96	-17	17	1582	96	-17	17	1582	96	-17	17	1582	96	-17	17	1582	96	-17	17	1582	96	-17	17	1582	96	-17	17	1582	96	-17	17	1582	96	-17	17	1582	96	-17	17	1582	96	-17	17	1582	96	-17	17	1582	96	-17	17	1582	96	-17	17	1582
97	-120	21	1603	97	-120	21	1603	97	-120	21	1603	97	-120	21	1603	97	-120	21	1603	97	-120	21	1603	97	-120	21	1603	97	-120	21	1603	97	-120	21	1603	97	-120	21	1603	97	-120	21	1603	97	-120	21	1603	97	-120	21	1603	97	-120	21	1603
98	-19	19	1622	98	-19	19	1622	98	-19	19	1622	98	-19	19	1622	98	-19	19	1622	98	-19	19	1622	98	-19	19	1622	98	-19	19	1622	98	-19	19	1622	98	-19	19	1622	98	-19	19	1622	98	-19	19	1622	98	-19	19	1622	98	-19	19	1622
99	-13	13	1635	99	-13	13	1635	99	-13	13	1635	99	-13	13	1635	99	-13	13	1635	99	-13	13	1635	99	-13	13	1635	99	-13	13	1635	99	-13	13	1635	99	-13	13	1635	99	-13	13	1635	99	-13	13	1635	99	-13	13	1635	99	-13	13	1635
100	-15	15	1650	100	-15	15	1650	100	-15	15	1650	100	-15	15	1650	100	-15	15	1650	100	-15	15	1650	100	-15	15	1650	100	-15	15	1650	100	-15	15	1650	100	-15	15	1650	100	-15	15	1650	100	-15	15	1650	100	-15	15	1650	100	-15	15	1650
101	-13	13	1663	101	-13	13	1663	101	-13	13	1663	101	-13	13	1663	101	-13	13	1663	101	-13	13	1663	101	-13	13	1663	101	-13	13	1663	101	-13	13	1663	101	-13	13	1663	101	-13	13	1663	101	-13	13	1663	101	-13	13	1663	101	-13	13	1663
102	-13	13	1676	102	-13	13	1676	102	-13	13	1676	102	-13	13	1676	102	-13	13	1676	102	-13	13	1676	102	-13	13	1676	102	-13	13	1676	102	-13	13	1676	102	-13	13	1676	102	-13	13	1676	102	-13	13	1676	102	-13	13	1676	102	-13	13	1676
103	-17	17	1693	103	-17	17	1693	103	-17	17	1693	103	-17	17	1693	103	-17	17	1693	103	-17	17	1693	103	-17	17	1693	103	-17	17	1693	103	-17	17	1693	103	-17	17	1693	103	-17	17	1693	103	-17	17	1693	103	-17	17	1693	103	-17	17	1693
104	-128	29	1722	104	-128	29	1722	104	-128	29	1722	104	-128	29	1722	104	-128	29	1722	104	-128	29	1722	104	-128	29	1722	104	-128	29	1722	104	-128	29	1722	104	-128	29	1722	104	-128	29	1722	104	-128	29	1722	104	-128	29	1722	104	-128	29	1722
105	-116	17	1739	105	-116	17	1739	105	-116	17	1739	105	-116	17	1739	105	-116	17	1739	105	-116	17	1739	105	-116	17	1739	105	-116	17	1739	105	-116	17	1739	105	-116	17	1739	105	-116	17	1739	105	-116	17	1739	105	-116	17	1739	105	-116	17	1739
106	-118	19	1758	106	-118	19	1758	106	-118	19	1758	106	-118	19	1758	106	-118	19	1758	106	-118	19	1758	106	-118	19	1758	106	-118	19	1758	106	-118	19	1758	106	-118	19	1758	106	-118	19	1758	106	-118	19	1758	106	-118	19	1758	106	-118	19	1758
107	-15	15	1773	107	-15	15	1773	107	-15	15	1773	107	-15	15	1773	107	-15	15	1773	107	-15	15	1773	107	-15	15	1773	107	-15	15	1773	107	-15	15	1773	107	-15	15	1773	107	-15	15	1773	107	-15	15	1773	107	-15	15	1773	107	-15	15	1773
108	-15	15	1788	108	-15	15	1788	108	-15	15	1788	108	-15	15	1788	108	-15	15	1788	108	-15	15	1788	108	-15	15	1788	108	-15	15	1788	108	-15	15	1788	108	-15	15	1788	108	-15	15	1788	108	-15	15	1788	108	-15	15	1788	108	-15	15	1788
109	-15	15	1803	109	-15	15	1803	109	-15	15	1803	109	-15	15	1803	109	-15	15	1803	109	-15	15	1803	109	-15	15	1803	109	-15	15	1803	109	-15	15	1803	109	-15	15	1803	109	-15	15	1803	109	-15	15	1803	109	-15	15	1803	109	-15	15	1803
110	-13	13	1816	110	-13	13	1816	110	-13	13	1816	110	-13	13	1816	110	-13	13	1816	110	-13	13	1816	110	-13	13	1816	110	-13	13	1816	110	-13	13	1816	110	-13	13	1816	110	-13	13	1816	110	-13	13	1816	110	-13	13	1816	110	-13	13	1816
111	-13	13	1829	111	-13	13	1829	111	-13	13	1829	111	-13	13	1829	111	-13	13	1829	111	-13	13	1829	111	-13	13	1829	111	-13	13	1829	111	-13	13	1829	111	-13	13	1829	111	-13	13	1829	111	-13	13	1829	111	-13	13	1829	111	-13	13	1829
112	-13	13	1842	112	-13	13	1842	112	-13	13	1842	112	-13	13	1842	112	-13	13	1842	112	-13	13	1842	112	-13	13	1842	112	-13	13	1842	112	-13	13	1842	112	-13	13	1842	112	-13	13	1842	112	-13	13	1842	112	-13	13	1842	112	-13	13	1842
113	-17	17	1859	113	-17	17	1859	113	-17	17	1859	113	-17	17	1859	113	-17	17	1859	113	-17	17	1859	113	-17	17	1859	113	-17	17	1859	113	-17	17	1859	113	-17	17	1859	113	-17	17	1859	113	-17	17	1859	113	-17	17	1859	113	-17	17	1859
114	-15	15	1874	114	-15	15	1874	114	-15	15	1874	114	-15	15	1874	114	-15	15	1874	114	-15	15	1874	114	-15	15	1874	114	-15	15	1874	114	-15	15	1874	114	-15	15	1874	114	-15	15	1874	114	-15	15	1874	114	-15	15	1874	114	-15	15	1874
115	-19	19	1893	115	-19	19	1893	115	-19	19	1893	115	-19	19	1893	115	-19	19	1893	115	-19	19	1893	115	-19	19	1893	115	-19	19	1893	115	-19	19	1893	115	-19	19	1893	115	-19	19	1893	115	-19	19	1893	115	-19	19	1893	115	-19	19	1893
116	-15	15	1908	116	-15	15	1908	116	-15	15	1908	116	-15	15	1908	116	-15	15	1908	116	-15	15	1908	116	-15	15	1908	116	-15	15	1908	116	-15	15	1908	116	-15	15	1908	116	-15	15	1908	116	-15	15	1908	116	-15	15	1908	116	-15	15	1908
117	-16	16	1924	117	-16	16	1924	117	-16	16	1924	117	-16	16	1924	117	-16	16	1924	117	-16	16	1924	117	-16	16	1924	117	-16	16	1924	117	-16	16	1924	117	-16	16	1924	117	-16	16	1924	117	-16	16	1924	117	-16	16	1924	117	-16	16	1924
118	-13	13	1937	118	-13	13	1937	118	-13	13	1937	118	-13	13	1937	118	-13	13	1937	118	-13	13	1937	118	-13	13	1937	118	-13	13	1937	118	-13	13	1937	118	-13	13	1937	118	-13	13	1937	118	-13	13	1937	118	-13	13	1937	118	-13	13	1937
119	-13	13	1950	119	-13	13	1950	119	-13	13	1950	119	-13	13	1950	119	-13	13	1950	119	-13	13	1950	119	-13	13	1950	119	-13	13	1950	119	-13	13	1950	119	-13	13	1950	119	-13	13	1950	119	-13	13	1950	119	-13	13	1950	119	-13	13	1950
120	-13	13	1963	120	-13	13	1963	120	-13	13	1963	120	-13	13	1963	120	-13	13	1963	120	-13	13	1963	120	-13	13	1963	120	-13	13	1963	120	-13	13	1963	120	-13	13	1963	120	-13	13	1963	120	-13	13	1963	120	-13	13	1963	120	-13	13	1963
121	-125	26	1989	121	-125	26	1989	121	-125	26	1989	121	-125	26	1989	121	-125	26	1989	121	-125	26	1989	121	-125	26	1989	121	-125	26	1989	121	-125	26	1989	121	-125	26	1989	121	-125	26	1989	121	-125	26	1989	121	-125	26	1989	121	-125	26	1989
122	-13	13	2002	122	-13	13	2002	122	-13	13	2002	122	-13	13	2002	122	-13	13	2002	122	-13	13	2002	122	-13	13	2002	122	-13	13	2002	122	-13	13	2002	122	-13	13	2002	122	-13	13	2002	122	-13	13	2002	122	-13	13	2002	122	-13	13	2002
123	-15	15	2017	123	-15	15	2017	123	-15	15	2017	123	-15	15	2017	123	-15	15	2017	123	-15	15	2017	123	-15	15	2017	123	-15	15	2017	123	-15	15	2017	123	-15	15	2017	123	-15	15	2017	123	-15	15	2017	123	-15	15	2017	123	-15	15	2017
124	-120	21	2038	124	-120	21	2038	124	-120	21	2038	124	-120	21	2038	124	-120	21	2038	124	-120	21	2038	124	-120	21	2038	124	-120	21	2038	124	-120	21	2038	124	-120	21	2038	124	-120	21	2038	124	-120	21	2038	124	-120	21	2038	124	-120	21	2038
125	-15	15	2053	125	-15	15	2053	125	-15	15	2053	125	-15	15	2053	125	-15	15	2053	125	-15	15	2053	125	-15	15	2053	125	-15	15	2053	125	-15	15	2053	125	-15	15	2053	125	-15	15	2053	125	-15	15	2053	125	-15	15	2053	125	-15	15	2053
126	-17	17	2070	126	-17	17	2070	126	-17	17	2070	126	-17	17	2070	126	-17	17	2070	126	-17	17	2070	126	-17	17	2070	126	-17	17	2070	126	-17	17	2070	126	-17	17	2070	126	-17	17	2070	126	-17	17	2070	126	-17	17	2070	126	-17	17	2070
127	-15	15	2085	127	-15	15	2085	127	-15	15	2085	127	-15	15	2085	127	-15	15	2085	127	-15	15	2085	127	-15	15	2085	127	-15	15	2085	127	-15	15	2085	127	-15	15	2085	127	-15	15	2085	127	-15	15	2085	127	-15	15	2085	127	-15	15	2085
128	-15	15	2100	128	-15	15	2100	128	-15	15	2100	128	-15	15	2100	128	-15	15	2100	128	-15	15	2100	128	-15	15	2100	128	-15	15	2100	128	-15	15	2100	128	-15	15	2100	128	-15	15	2100	128	-15	15	2100	128	-15	15	2100	128	-15	15	2100
129	-16	16	2116	129	-16	16	2116	129	-16	16	2116	129	-16	16	2116	129	-16	16	2116	129	-16	16	2116	129	-16	16	2116	129	-16	16	2116	129	-16	16	2116	129	-16	16	2116	129	-16	16	2116	129	-16	16	2116	129	-16	16	2116	129	-16	16	2116
130	-14	14	2130	130	-14	14	2130	130	-14	14	2130	130	-14	14	2130	130	-14	14	2130	130	-14	14	2130	130	-14	14	2130	130	-14	14	2130	130	-14	14	2130	130	-14	14	2130	130	-14	14	2130	130	-14	14	2130	130	-14	14	2130	130	-14	14	2130
131	-15	15	2145	131	-15	15	2145	131	-15	15	2145	131	-15	15	2145	131	-15	15	2145	131	-15	15	2145	131	-15	15	2145	131	-15	15	2145	131	-15	15	2145	131	-15	15	2145	131	-15	15	2145	131	-15	15	2145	131	-15	15	2145	131	-15	15	2145
132	-13	13	2158	132	-13	13	2158	132	-13	13	2158	132	-13	13	2158	132	-13	13	2158	132	-13	13	2158	132	-13	13	2158	132	-13	13	2158	132	-13	13	2158	132	-13	13	2158	132	-13	13	2158	132	-13	13	2158	132	-13	13	2158	132	-13	13	2158
133	-15	15	2173	133	-15	15	2173	133	-15	15	2173	133	-15	15	2173	133	-15	15	2173	133	-15	15	2173	133	-15	15	2173	133	-15	15	2173	133	-15	15	2173	133	-15	15	2173	133	-15	15	2173	133	-15	15	2173	133	-15	15	2173	133	-15	15	2173
134	-225	27	2200	134	-225	27	2200	134	-225	27	2200	134	-225	27	2200	134	-225	27	2200	134	-225	27	2200	134	-225	27	2200	134	-225	27	2200	134	-225	27	2200	134	-225	27	2200	134	-225	27	2200	134	-225	27	2200	134	-225	27	2200	134	-225	27	2200
135	-117	18	2218	135	-117	18	2218	135	-117	18	2218	135	-117	18	2218	135	-117	18	2218	135	-117	18	2218	135	-117	18	2218	135	-117	18	2218	135	-117	18	2218	135	-117	18	2218	135	-117	18	2218	135	-117	18	2218	135	-117	18	2218	135	-117	18	2218
136	-15	15	2233	136	-15	15	2233	136	-15	15	2233	136	-15	15	2233	136	-15	15	2233	136	-15	15	2233	136	-15	15	2233	136	-15	15	2233	136	-15	15	2233	136	-15	15	2233	136	-15	15	2233	136	-15	15	2233	136	-15	15	2233	136	-15	15	2233
137	-17	17	2250	137	-17	17	2250	137	-17	17	2250	137	-17	17	2250	137	-17	17	2250	137	-17	17	2250	137	-17	17	2250	137	-17	17	2250	137	-17	17	2250	137	-17	17	2250	137	-17	17	2250	137	-17	17	2250	137	-17	17	2250	137	-17	17	2250
138	-15	15	2265	138	-15	15	2265	138	-15	15	2265	138	-15	15	2265	138	-15	15	2265	138	-15	15	2265	138	-15	15	2265	138	-15	15	2265	138	-15	15	2265	138	-15	15	2265	138	-15	15	2265	138	-15	15	2265	138	-15	15	2265	138	-15	15	2265
139	-15	15	2280	139	-15	15	2280	139	-15	15	2280	139	-15	15	2280	139	-15	15	2280	139	-15	15	2280	139	-15	15	2280	139	-15	15	2280	139	-15	15	2280	139	-15	15	2280	139	-15	15	2280	139	-15	15	2280	139	-15	15	2280	139	-15	15	2280
140	-15	15	2295	140	-15	15	2295	140	-15	15	2295	140	-15	15	2295	140	-15	15	2295	140	-15	15	2295	140	-15	15	2295	140	-15	15	2295	140	-15	15	2295	140	-15	15	2295	140	-15	15	2295	140	-15	15	2295	140	-15	15	2295	140	-15	15	2295
141	-124	25	2320	141	-124	25	2320	141	-124	25	2320	141	-124	25	2320	141	-124	25	2320	141	-124	25	2320	141	-124	25	2320	141	-124	25	2320	141	-124	25	2320	141	-124	25	2320	141	-124	25	2320	141	-124	25	2320	141	-124	25	2320	141	-124	25	2320
142	-13	13	2333	142	-13	13	2333	142	-13	13	2333	142	-13	13	2333	142	-13	13	2333	142	-13	13	2333	142	-13	13	2333	142	-13	13	2333	142	-13	13	2333	142	-13	13	2333	142	-13	13	2333	142	-13	13	2333	142	-13	13	2333	142	-13	13	2333
143	-15	15	2348	143	-15	15	2348	143	-15	15	2348	143	-15	15	2348	143	-15	15	2348	143	-15	15	2348	143	-15	15	2348	143	-15	15	2348	143	-15	15	2348	143	-15	15	2348	143	-15	15	2348	143	-15	15	2348	143	-15	15	2348	143	-15	15	2348
144	-117	18	2366	144	-117	18	2366	144	-117	18	2366	144	-117	18	2366	144	-117	18	2366	144	-117	18	2366	144	-117	18	2366	144	-117	18	2366	144	-117	18	2366	144	-117	18	2366	144	-117	18	2366	144	-117	18	2366	144	-117	18	2366	144	-117	18	2366
145	-13	13	2379	145	-13	13	2379	145	-13	13	2379	145	-13	13	2379	145	-13	13	2379	145	-13	13	2379	145	-13	13	2379	145	-13	13	2379	145	-13	13	2379	145	-13	13	2379	145	-13	13	2379	145	-13	13	2379	145	-13	13	2379	145	-13	13	2379
146	-15	15	2394	146	-15	15	2394	146	-15	15	2394	146	-15	15	2394	146	-15	15	2394	146	-15	15	2394	146	-15	15	2394	146	-15	15	2394	146	-15	15	2394	146	-15	15	2394	146	-15	15	2394	146	-15	15	2394	146	-15	15	2394	146	-15	15	2394
147	-15	15	2409	147	-15	15	2409	147	-15	15	2409	147	-15	15	2409	147	-15	15	2409	147	-15	15	2409	147	-15	15	2409	147	-15	15	2409	147	-15	15	2409	147	-15	15	2409	147	-15	15	2409	147	-15	15	2409	147	-15	15	2409	147	-15	15	2409
148	-13	13	2422	148	-13	13	2422	148	-13	13	2422	148	-13	13	2422	148	-13	13	2422	148	-13	13	2422	148	-13	13	2422	148	-13	13	2422	148	-13	13	2422	148	-13	13	2422	148	-13	13	2422	148	-13	13	2422	148	-13	13	2422	148	-13	13	2422
149	-15	15	2437	149	-15	15	2437	149	-15	15	2437	149	-15	15	2437	149	-15	15	2437	149	-15	15	2437	149	-15	15	2437	149	-15	15	2437	149	-15	15	2437	149	-15	15	2437	149	-15	15	2437	149	-15	15	2437	149	-15	15	2437	149	-15	15	2437
150	-15	15	2452	150	-15	15	2452	150	-15	15	2452	150	-15	15	2452	150	-15	15	2452	150	-15	15	2452	150	-15	15	2452	150	-15	15	2452	150	-15	15	2452	150	-15	15	2452	150	-15	15	2452	150	-15	15	2452	150	-15	15	2452	150	-15	15	2452
151	-13	13	2465	151	-13	13	2465	151	-13	13	2465	151	-13	13	2465	151	-13	13	2465	151	-13	13	2465	151	-13	13	2465	151	-13	13	2465	151	-13	13	2465	151	-13	13	2465	151	-13	13	2465	151	-13	13	2465	151	-13	13	2465	151	-13	13	2465
152	-13	13	2478	152	-13	13	2478	152	-13	13	2478	152	-13	13	2478	152	-13	13	2478	152	-13	13	2478	152	-13	13	2478	152	-13	13	2478	152	-13	13	2478	152	-13	13	2478	152	-13	13	2478	152	-13	13	2478	152	-13	13	2478	152	-13	13	2478
153	-14	14	2492	153	-14	14	2492	153	-14	14	2492	153	-14	14	2492	153	-14	14	2492	153	-14	14	2492	153	-14	14	2492	153	-14	14	2492	153	-14	14	2492	153	-14	14	2492	153	-14	14	2492	153	-14	14	2492	153	-14	14	2492	153	-14	14	2492
154	-13	13	2505	154	-13	13	2505	154	-13	13	2505	154	-13	13	2505	154	-13	13	2505	154	-13	13	2505	154	-13	13	2505	154	-13	13	2505	154	-13	13	2505	154	-13	13	2505	154	-13	13	2505	154	-13	13	2505	154	-13	13	2505	154	-13	13	2505
155	-15	15	2520	155	-15	15	2520	155	-15	15	2520	155	-15	15	2520	155	-15	15	2520	155	-15	15	2520	155	-15	15	2520	155	-15	15	2520	155	-15	15	2520	155	-15	15	2520	155	-15	15	2520	155	-15	15	2520	155	-15	15	2520	155	-15	15	2520
156	-15	15	2535	156	-15	15	2535	156	-15	15	2535	156	-15	15	2535	156	-15	15	2535	156	-15	15	2535	156	-15	15	2535	156	-15	15	2535	156	-15	15	2535	156	-15	15	2535	156	-15	15	2535	156	-15	15	2535	156	-15	15	2535	156	-15	15	2535
157	-119	20	2555	157	-119	20	2555	157	-119	20	2555	157	-119	20	2555	157	-119	20	2555	157	-119	20	2555	157	-119	20	2555	157	-119	20	2555	157	-119	20	2555	157	-119	20	2555	157	-119	20	2555	157	-119	20	2555	157	-119	20	2555	157	-119	20	2555
158	-13	13	2568	158	-13	13	2568	158	-13	13	2568	158	-13	13	2568	158	-13	13	2568	158	-13	13	2568	158	-13	13	2568	158	-13	13	2568	158	-13	13	2568	158	-13	13	2568	158	-13	13	2568	158	-13	13	2568	158	-13	13	2568	158	-13	13	2568
159	-15	15	2583	159	-15	15	2583	159	-15	15	2583	159	-15	15	2583	159	-15	15	2583	159	-15	15	2583	159	-15	15	2583	159	-15	15	2583	159	-15	15	2583	159	-15	15	2583	159	-15	15	2583	159	-15	15	2583	159	-15	15	2583	159	-15	15	2583
160	-20	20	2603	160	-20	20	2603	160	-20	20	2603	160	-20	20	2603	160	-20	20	2603	160	-20	20	2603	160	-20	20	2603	160	-20	20	2603	160	-20	20	2603	160	-20	20	2603	160	-20	20	2603	160	-20	20	2603	160	-20	20	2603	160	-20	20	2603
161	-13	13	2616	161	-13	13	2616	161	-13	13	2616	161	-13	13	2616	161	-13	13	2616	161	-13	13	2616	161	-13	13	2616	161	-13	13	2616	161	-13	13	2616	161	-13	13	2616	161	-13	13	2616	161	-13	13	2616	161	-13	13	2616	161	-13	13	2616
162	-224	26	2642	162	-224	26	2642	162	-224	26	2642	162	-224	26	2642	162	-224	26	2642	162	-224	26	2642	162	-224	26	2642	162	-224	26	2642	162	-224	26	2642	162	-224	26	2642	162	-224	26	2642	162	-224	26	2642	162	-224	26	2642	162	-224	26	2642
163	-113	14	2656	163	-113	14	2656	163	-113	14	2656	163	-113	14	2656	163	-113	14	2656	163	-113	14	2656	163	-113	14	2656	163	-113	14	2656	163	-113	14	2656	163	-113	14	2656	163	-113	14	2656	163	-113	14	2656	163	-113	14	2656	163	-113	14	2656
164	-19	19	2675	164	-19	19	2675	164	-19	19	2675	164	-19	19	2675	164	-19	19	2675	164	-19	19	2675	164	-19	19	2675	164	-19	19	2675	164	-19	19	2675	164	-19	19	2675	164	-19	19	2675	164	-19	19	2675	164	-19	19	2675	164	-19	19	2675
165	-13	13	2688	165	-13	13	2688	165	-13	13	2688	165	-13	13	2688	165	-13	13	2688	165	-13	13	2688	165	-13	13	2688	165	-13	13	2688	165	-13	13	2688	165	-13	13	2688	165	-13	13	2688	165	-13	13	2688	165	-13	13	2688	165	-13	13	2688
166	-13	13	2701	166	-13	13	2701	166	-13	13	2701	166	-13	13	2701	166	-13	13	2701	166	-13	13	2701	166	-13	13	2701	166	-13	13	2701	166	-13	13	2701	166	-13	13	2701	166	-13	13	2701	166	-13	13	2701	166	-13	13	2701	166	-13	13	2701
167	-117	18	2719	167	-117	18	2719	167	-117	18	2719	167	-117	18	2719	167	-117	18	2719	167	-117	18	2719	167	-117	18	2719	167	-117	18	2719	167	-117	18	2719	167	-117	18	2719	167	-117	18	2719	167	-117	18	2719	167	-117	18	2719	167	-117	18	2719
168	-129	30	2749	168	-129	30	2749	168	-129	30	2749	168	-129	30	2749	168	-129	30	2749	168	-129	30	2749	168	-129	30	2749	168	-129	30	2749	168	-129	30	2749	168	-129	30	2749	168	-129	30	2749	168	-129	30	2749	168	-129	30	2749	168	-129	30	2749
169	-13	13	2762	169	-13	13	2762	169	-13	13	2762	169	-13	13	2762	169	-13	13	2762	169	-13	13	2762	169	-13	13	2762	169	-13	13	2762	169	-13	13	2762	169	-13	13	2762	169	-13	13	2762	169	-13	13	2762	169	-13	13	2762	169	-13	13	2762
170	-15	15	2777	170	-15	15	2777	170	-15	15	2777	170	-15	15	2777	170	-15	15	2777	170	-15	15	2777	170	-15	15	2777	170	-15	15	2777	170	-15	15	2777	170	-15	15	2777	170	-15	15	2777	170	-15	15	2777	170	-15	15	2777	170	-15	15	2777
171	-121	22	2799	171	-121	22	2799	171	-121	22	2799	171	-121	22	2799	171	-121	22	2799	171	-121	22	2799	171	-121	22	2799	171	-121	22	2799	171	-121	22	2799	171	-121	22	2799	171	-121	22	2799	171	-121	22	2799	171	-121	22	2799	171	-121	22	2799
172	-118	19	2818	172	-118	19	2818	172	-118	19	2818	172	-118	19	2818	172	-118	19	2818	172	-118	19	2818	172	-118	19	2818	172	-118	19	2818	172	-118	19	2818	172	-118	19	2818	172	-118	19	2818	172	-118	19	2818	172	-118	19	2818	172	-118	19	2818
173	-18	18	2836	173	-18	18	2836	173	-18	18	2836	173	-18	18	2836	173	-18	18	2836	173	-18	18	2836	173	-18	18	2836	173	-18	18	2836	173	-18	18	2836	173	-18	18	2836	173	-18	18	2836	173	-18	18	2836	173	-18	18	2836	173	-18	18	2836
174	-117	18	2854	174	-117	18	2854	174	-117	18	2854	174	-117	18	2854	174	-117	18	2854	174	-117	18	2854	174	-117	18	2854	174	-117	18	2854	174	-117	18	2854	174	-117	18	2854	174	-117	18	2854	174	-117	18	2854	174	-117	18	2854	174	-117	18	2854
175	-13	13	2867	175	-13	13	2867	175	-13	13	2867	175	-13	13	2867	175	-13	13	2867	175	-13	13	2867	175	-13	13	2867	175	-13	13	2867	175	-13	13	2867	175	-13	13	2867	175	-13	13	2867	175	-13	13	2867	175	-13	13	2867	175	-13	13	2867
176	-17	17	2884	176	-17	17	2884	176	-17	17	2884	176	-17	17	2884	176	-17	17	2884	176	-17	17	2884	176	-17	17	2884	176	-17	17	2884	176	-17	17	2884	176	-17	17	2884	176	-17	17	2884	176	-17	17	2884	176	-17	17	2884	176	-17	17	2884
177	-129	30	2914	177	-129	30	2914	177	-129	30	2914	177	-129	30	2914	177	-129	30	2914	177	-129	30	2914	177	-129	30	2914	177	-129	30	2914	177	-129	30	2914	177	-129	30	2914	177	-129	30	2914	177	-129	30	2914	177	-129	30	2914	177	-129	30	2914
178	-126	27	2941	178	-126	27	2941	178	-126	27	2941	178	-126	27	2941	178	-126	27	2941	178	-126	27	2941	178	-126	27	2941	178	-126	27	2941	178	-126	27	2941	178	-126	27	2941	178	-126	27	2941	178	-126	27	2941	178	-126	27	2941	178	-126	27	2941
179	-13	13	2954	179	-13	13	2954	179	-13	13	2954	179	-13	13	2954	179	-13	13	2954	179	-13	13	2954	179	-13	13	2954	179	-13	13	2954	179	-13	13	2954	179	-13	13	2954	179	-13	13	2954	179	-13	13	2954	179	-13	13	2954	179	-13	13	2954
180	-13	13	2967	180	-13	13	2967	180	-13	13	2967	180	-13	13	2967	180	-13	13	2967	180	-13	13	2967	180	-13	13	2967	180	-13	13	2967	180	-13	13	2967	180	-13	13	2967	180	-13	13	2967	180	-13	13	2967	180	-13	13	2967	180	-13	13	2967
181	-13	13	2980	181	-13	13	2980	181	-13	13	2980	181	-13	13	2980	181	-13	13	2980	181	-13	13	2980	181	-13	13	2980	181	-13	13	2980	181	-13	13	2980	181	-13	13	2980	181	-13	13	2980	181	-13	13	2980	181	-13	13	2980	181	-13	13	2980
182	-15	15	2995	182	-15	15	2995	182	-15	15	2995	182	-15	15	2995	182	-15	15	2995	182	-15	15	2995	182	-15	15	2995	182	-15	15	2995	182	-15	15	2995	182	-15	15	2995	182	-15	15	2995	182	-15	15	2995	182	-15	15	2995	182	-15	15	2995
183	-13	13	3008	183	-13	13	3008	183	-13	13	3008	183	-13	13	3008	183	-13	13	3008	183	-13	13	3008	183	-13	13	3008	183	-13	13	3008	183	-13	13	3008	183	-13	13	3008	183	-13	13	3008	183	-13	13	3008	183	-13	13	3008	183	-13	13	3008
184	-16	16	3024	184	-16	16	3024	184	-16	16	3024	184	-16	16	3024	184	-16	16	3024	184	-16	16	3024	184	-16	16	3024	184	-16	16	3024	184	-16	16	3024	184	-16	16	3024	184	-16	16	3024	184	-16	16	3024	184	-16	16	3024	184	-16	16	3024
185	-117	18	3042	185	-117	18	3042	185	-117	18	3042	185	-117	18	3042	185	-117	18	3042	185	-117	18	3042	185	-117	18	3042	185	-117	18	3042	185	-117	18	3042	185	-117	18	3042	185	-117	18	3042	185	-117	18	3042	185	-117	18	3042	185	-117	18	3042
186	-13	13	3055	186	-13	13	3055	186	-13	13	3055	186	-13	13	3055	186	-13	13	3055	186	-13	13	3055	186	-13	13	3055	186	-13	13	3055	186	-13	13	3055	186	-13	13	3055	186	-13	13	3055	186	-13	13	3055	186	-13	13	3055	186	-13	13	3055
187	-229	31	3086	187	-229	31	3086	187	-229	31	3086	187	-229	31	3086	187	-229	31	3086	187	-229	31	3086	187	-229	31	3086	187	-229	31	3086	187	-229	31	3086	187	-229	31	3086	187	-229	31	3086	187	-229	31	3086	187	-229	31	3086	187	-229	31	3086
188	-16	16	3102	188	-16	16	3102	188	-16	16	3102	188	-16	16	3102	188	-16	16	3102	188	-16	16	3102	188	-16	16	3102	188	-16	16	3102	188	-16	16	3102	188	-16	16	3102	188	-16	16	3102	188	-16	16	3102	188	-16	16	3102	188	-16	16	3102
189	-13	13	3115	189	-13	13	3115	189	-13	13	3115	189	-13	13	3115	189	-13	13	3115	189	-13	13	3115	189	-13	13	3115	189	-13	13	3115	189	-13	13	3115	189	-13	13	3115	189	-13	13	3115	189	-13	13	3115	189	-13	13	3115	189	-13	13	3115
190	-217	19	3134	190	-217	19	3134	190	-217	19	3134	190	-217	19	3134	190	-217	19	3134	190	-217	19	3134	190	-217	19	3134	190	-217	19	3134	190	-217	19	3134	190	-217	19	3134	190	-217	19	3134	190	-217	19	3134	190	-217	19	3134	190	-217	19	3134
191	-15	15	3149	191	-15	15	3149	191	-15	15	3149	191	-15	15	3149	191	-15	15	3149	191	-15	15	3149	191	-15	15	3149	191	-15	15	3149	191	-15	15	3149	191	-15	15	3149	191	-15	15	3149	191	-15	15	3149	191	-15	15	3149	191	-15	15	3149
192	-120	21	3170	192	-120	21	3170	192	-120	21	3170	192	-120	21	3170	192	-120	21	3170	192	-120	21	3170	192	-120	21	3170	192	-120	21	3170	192	-120	21	3170	192	-120	21	3170	192	-120	21	3170	192	-120	21	3170	192	-120	21	3170	192	-120	21	3170
193	-13	13	3183	193	-13	13	3183	193	-13	13	3183	193	-13	13	3183	193	-13	13	3183	193	-13	13	3183	193	-13	13	3183	193	-13	13	3183	193	-13	13	3183	193	-13	13	3183	193	-13	13	3183	193	-13	13	3183	193	-13	13	3183	193	-13	13	3183
194	-13	13	3196	194	-13	13	3196	194	-13	13	3196	194	-13	13	3196	194	-13	13	3196	194	-13	13	3196	194	-13	13	3196	194	-13	13	3196	194	-13	13	3196	194	-13	13	3196	194	-13	13	3196	194	-13	13	3196	194	-13	13	3196	194	-13	13	3196
195	-19	19	3215	195	-19	19	3215	195	-19	19	3215	195	-19	19	3215	195	-19	19	3215	195	-19	19	3215	195	-19	19	3215	195	-19	19	3215	195	-19	19	3215	195	-19	19	3215	195	-19	19	3215	195	-19	19	3215	195	-19	19	3215	195	-19	19	3215
196	-13	13	3228	196	-13	13	3228	196	-13	13	3228	196	-13	13	3228	196	-13	13	3228	196	-13	13	3228	196	-13	13	3228	196	-13	13	3228	196	-13	13	3228	196	-13	13	3228	196	-13	13	3228	196	-13	13	3228	196	-13	13	3228	196	-13	13	3228
197	-15	15	3243	197	-15	15	3243	197	-15	15	3243	197	-15	15	3243	197	-15	15	3243	197	-15	15	3243	197	-15	15	3243	197	-15	15	3243	197	-15	15	3243	197	-15	15	3243	197	-15	15	3243	197	-15	15	3243	197	-15	15	3243	197	-15	15	3243
198	-221	23	3266	198	-221	23	3266	198	-221	23	3266	198	-221	23	3266	198	-221	23	3266	198	-221	23	3266	198	-221	23	3266	198	-221	23	3266	198	-221	23	3266	198	-221	23	3266	198	-221	23	3266	198	-221	23	3266	198	-221	23	3266	198	-221	23	3266
199	-14	14	3280	199	-14	14	3280	199	-14	14	3280	199	-14	14	3280	199	-14	14	3280	199	-14	14	3280	199	-14	14	3280	199	-14	14	3280	199	-14	14	3280	199	-14	14	3280	199	-14	14	3280	199	-14	14	3280	199	-14	14	3280	199	-14	14	3280
